lat,lon,alt,time
52.303493,4.7614274,1880.9772,0.0
52.30451,4.762363,2104.4321,0.952517
52.304512,4.7631097,2000.4186,1.9186112
52.303654,4.761558,1806.684,2.8310895
52.30394,4.7600727,1726.2083,3.8243642
52.30328,4.7608123,1690.3837,4.754854
52.30319,4.762372,1744.1177,5.697568
52.302708,4.763166,1759.1028,6.59161
52.301937,4.7631807,1701.7957,7.515264
52.30184,4.763265,1539.4885,8.460422
52.30103,4.763134,1493.2198,9.465363
52.3007,4.763332,1552.5775,10.473448
52.30049,4.762432,1608.2054,11.473922
52.29995,4.76173,1638.182,12.390308
52.299805,4.7621393,1757.3347,13.396959
52.299095,4.7618556,1761.0121,14.29492
52.299137,4.7614436,1734.8251,15.2675495
52.299015,4.7612667,1733.8304,16.123283
52.298607,4.7613893,1785.1886,17.144398
52.298145,4.7612605,1769.1237,18.06808
52.298077,4.76114,1841.9769,19.062752
52.297874,4.760738,1875.6232,19.973661
52.297848,4.7603893,1891.5424,20.91619
52.29733,4.760236,1926.8094,21.926367
52.297157,4.760185,1903.095,22.827019
52.297043,4.760091,1947.5786,23.811996
52.296864,4.7604995,1908.2719,24.841288
52.296623,4.759461,1896.9818,25.719109
52.29616,4.758979,1908.4346,26.672804
52.295635,4.759183,1903.89,27.571476
52.295288,4.758776,1941.6665,28.56489
52.294933,4.7594,1992.2756,29.5146
52.29459,4.7588935,1950.0957,30.374916
52.294212,4.7587113,1936.3284,31.37227
52.29412,4.7586694,1943.1445,32.252907
52.293816,4.758805,1938.8302,33.24209
52.29322,4.758404,2010.9038,34.231686
52.2932,4.7587914,2071.563,35.143654
52.292656,4.758628,2141.1592,35.898563
52.292686,4.758436,2173.3306,36.902676
52.291904,4.7583585,2199.2615,37.96119
52.2918,4.758177,2158.3892,38.851833
52.29157,4.7580743,2212.7603,39.95553
52.29117,4.7579217,2252.5134,41.085537
52.290817,4.757756,2290.976,42.040382
52.289513,4.75778,2310.5051,42.92215
52.28932,4.7578936,2387.9414,44.07752
52.28955,4.7572083,2375.1042,45.151024
52.288975,4.756676,2353.8699,46.159924
52.288708,4.7557936,2328.174,47.21483
52.288704,4.755441,2283.89,48.195354
52.288094,4.7557373,2198.985,49.178547
52.287403,4.7556353,2169.526,50.303772
52.286964,4.755893,2121.8328,51.28439
52.286648,4.756418,2113.121,52.188408
52.285954,4.756611,2133.8044,53.07928
52.28544,4.7568507,2104.6091,54.202892
52.28502,4.756181,2109.324,55.215977
52.28486,4.757287,2134.6226,56.269867
52.284298,4.756706,2193.0593,57.319183
52.2838,4.756904,2172.9792,58.131634
52.283905,4.756755,2221.013,59.02665
52.283295,4.756065,2228.3647,59.9477
52.282677,4.755507,2218.8643,60.93531
52.282192,4.7557817,2305.362,61.859386
52.281338,4.756506,2372.125,62.75715
52.280697,4.7565627,2417.166,63.74638
52.28006,4.757554,2426.088,64.65447
52.279736,4.7579455,2457.0115,65.770905
52.279053,4.7582264,2465.1965,66.81427
52.278324,4.758578,2478.8503,67.74704
52.277794,4.7594194,2460.9666,68.762825
52.277283,4.7597194,2530.0825,69.82773
52.276775,4.759231,2617.348,70.78114
52.27617,4.7590575,2663.1453,71.72309
52.27504,4.7592645,2674.4624,72.756096
52.27427,4.759112,2700.2227,73.81772
52.273926,4.7594624,2715.2974,74.805565
52.27364,4.759642,2770.9407,75.92167
52.27223,4.759939,2846.7405,76.90339
52.272034,4.7605977,2896.8108,77.8553
52.271484,4.76071,2904.799,78.98584
52.27067,4.7605658,2953.6235,80.0147
52.27,4.7606854,3032.142,80.987885
52.269295,4.761508,3066.1794,81.868416
52.26858,4.7628255,3105.4023,82.78673
52.268005,4.76302,3124.9253,83.70778
52.26741,4.7641234,3180.0396,84.46996
52.266766,4.762911,3204.7346,85.50399
52.26551,4.7634764,3197.6184,86.52614
52.264793,4.764772,3209.9,87.57524
52.26341,4.7662888,3222.7102,88.339966
52.263012,4.7655973,3295.6099,89.40701
52.26212,4.7655487,3342.766,90.27557
52.261295,4.7659245,3409.066,91.15204
52.26095,4.767883,3474.9143,92.18413
52.259827,4.7679515,3564.9363,92.95656
52.25893,4.768761,3595.6553,94.07211
52.257946,4.7695923,3598.0173,94.869255
52.257366,4.7715044,3546.4675,95.738525
52.25607,4.7725153,3579.4797,96.71468
52.25587,4.7735143,3634.484,97.55731
52.25509,4.774568,3704.4988,98.49708
52.254044,4.774427,3749.5513,99.49466
52.253143,4.7761335,3780.317,100.57827
52.252224,4.775698,3786.8882,101.46104
52.251343,4.7774057,3762.9702,102.583176
52.250614,4.77739,3823.748,103.47758
52.249508,4.778227,3891.3345,104.40873
52.248516,4.7790055,3983.4421,105.274
52.24751,4.7798204,3987.1677,106.17481
52.246548,4.7801566,4023.6433,107.16234
52.2455,4.780577,4045.124,108.155685
52.24471,4.7822123,4131.104,109.05014
52.243843,4.7833266,4199.8086,109.89568
52.243244,4.7847896,4256.676,110.7552
52.242252,4.785919,4287.833,111.826584
52.241478,4.7873645,4353.7983,112.61356
52.241108,4.789212,4442.421,113.70315
52.24023,4.7902446,4478.5757,114.75441
52.239414,4.7907085,4488.8755,115.58758
52.238213,4.7914166,4509.279,116.70183
52.237312,4.7922072,4530.082,117.594185
52.23653,4.793626,4513.175,118.78144
52.23531,4.795617,4477.374,119.82729
52.23482,4.795841,4545.6763,120.8188
52.233547,4.798256,4658.7153,121.68747
52.232716,4.799039,4759.4565,122.7064
52.23178,4.800547,4818.9346,123.655495
52.23107,4.802064,4827.747,124.496605
52.23008,4.802862,4822.4014,125.6165
52.229233,4.8041115,4817.591,126.758965
52.22837,4.8061028,4829.4688,127.627785
52.227627,4.806143,4867.0024,128.67351
52.22685,4.808024,4906.925,129.56322
52.225742,4.809134,4986.5254,130.5582
52.22467,4.8110766,5030.2373,131.60652
52.224163,4.812231,5049.823,132.5705
52.223255,4.814025,5041.068,133.46007
52.222534,4.8142996,5049.0996,134.4626
52.2222,4.815261,5133.967,135.36197
52.22095,4.816296,5240.016,136.14427
52.2199,4.818915,5309.7065,137.15007
52.21961,4.8196716,5340.0703,138.09073
52.218643,4.820652,5346.2627,138.98259
52.217995,4.8224297,5428.5605,139.93138
52.216846,4.82352,5500.889,140.92232
52.21594,4.824901,5558.5933,141.80823
52.214577,4.8279057,5623.756,142.72957
52.213627,4.828713,5649.0854,143.77159
52.213078,4.8313785,5661.7275,144.82709
52.21238,4.832859,5682.539,145.539
52.211155,4.8336835,5681.6353,146.60971
52.209915,4.834832,5707.3076,147.53586
52.209282,4.835849,5773.1196,148.48874
52.208935,4.8378286,5902.685,149.18175
52.20831,4.8388233,6034.583,150.15204
52.20763,4.8404794,6094.657,151.26366
52.206844,4.8415604,6101.621,152.26715
52.205986,4.8433943,6127.835,153.30164
52.20557,4.8443933,6194.0195,154.25829
52.205505,4.844928,6283.8594,155.36111
52.20431,4.8467317,6399.517,156.33398
52.203472,4.8482676,6459.2554,157.39012
52.202663,4.8493457,6458.7354,158.42612
52.20181,4.8503275,6518.2256,159.3517
52.200733,4.853059,6540.205,160.35422
52.199986,4.853163,6583.2676,161.43326
52.19894,4.85416,6575.6255,162.39435
52.198605,4.8549743,6669.58,163.51805
52.19801,4.856492,6750.733,164.30067
52.197174,4.85804,6806.955,165.34723
52.19601,4.859722,6830.658,166.34961
52.19507,4.861177,6862.134,167.45998
52.194256,4.8627305,6923.0894,168.4326
52.193893,4.864085,6947.5503,169.35811
52.193565,4.865181,6969.7803,170.44913
52.19221,4.8678207,7035.9976,171.32327
52.191284,4.868665,7107.694,172.30774
52.190495,4.8698826,7198.1035,173.29366
52.189392,4.870961,7237.9365,174.26208
52.18858,4.872764,7266.125,175.20856
52.187515,4.8745737,7345.444,176.0986
52.18629,4.875734,7381.634,177.13695
52.18601,4.877114,7419.1523,178.16
52.184933,4.8786116,7414.258,179.21211
52.183697,4.8804126,7490.8423,180.15865
52.182747,4.881462,7527.0894,181.05945
52.182076,4.882943,7548.7974,181.90695
52.181114,4.8838296,7582.8486,183.01997
52.18056,4.884133,7658.0576,183.95714
52.17977,4.8855543,7707.745,184.96205
52.178787,4.88683,7783.701,185.86772
52.177773,4.889074,7871.3047,186.68242
52.17656,4.8911486,7925.0425,187.81512
52.176006,4.891922,7982.7188,188.7087
52.17469,4.893617,8040.566,189.77461
52.174015,4.8959613,8096.554,190.69139
52.172974,4.8968115,8171.441,191.7636
52.171883,4.8982425,8228.924,192.56863
52.170715,4.8995576,8261.114,193.63582
52.169853,4.9014764,8250.431,194.59613
52.169037,4.903556,8249.995,195.76125
52.167877,4.9051538,8319.469,196.48286
52.16698,4.906867,8348.992,197.43813
52.166492,4.9073305,8369.538,198.50723
52.16543,4.909071,8395.285,199.27948
52.164783,4.9104824,8407.331,200.13933
52.163662,4.9120965,8452.546,201.21848
52.162483,4.9123034,8542.198,202.04662
52.161224,4.9137235,8585.539,203.03601
52.16016,4.9151025,8633.013,203.95383
52.159428,4.9163,8679.649,204.9134
52.158333,4.9187937,8713.785,205.61995
52.15769,4.9199977,8779.109,206.75706
52.156555,4.921264,8796.714,207.6443
52.15572,4.9216924,8838.093,208.63821
52.154694,4.924029,8913.137,209.64926
52.1532,4.925089,8996.179,210.64738
52.152493,4.925494,9069.073,211.39441
52.151302,4.926384,9107.399,212.36014
52.150017,4.9272404,9241.392,213.37172
52.149044,4.929191,9326.4375,214.37608
52.147984,4.9306545,9430.785,215.25073
52.146935,4.9320583,9460.063,216.39458
52.145653,4.933019,9505.365,217.38704
52.14465,4.9333687,9553.387,218.19574
52.143204,4.9346156,9619.321,219.20927
52.14191,4.935895,9699.802,220.09917
52.141167,4.9373775,9727.178,221.07985
52.139942,4.9386206,9764.462,222.16171
52.138603,4.9390717,9835.19,222.90143
52.137466,4.941529,9863.713,223.72707
52.13638,4.942097,9938.318,224.734
52.13535,4.9422164,9969.027,225.73323
52.13429,4.9443803,10020.698,226.82562
52.133194,4.944467,10114.625,227.98433
52.132343,4.945555,10186.238,228.87436
52.131065,4.946765,10225.565,229.84445
52.12979,4.947335,10271.004,230.9208
52.12874,4.9484057,10289.575,231.7542
52.12764,4.9487915,10307.101,232.54703
52.126614,4.951615,10344.199,233.57433
52.12577,4.9514427,10300.98,234.65962
52.124374,4.952387,10345.896,235.66165
52.123444,4.9543915,10378.05,236.39891
52.122272,4.956527,10412.17,237.43921
52.12107,4.9570913,10474.072,238.43796
52.119984,4.958261,10444.895,239.34145
52.11853,4.9584565,10458.15,240.1421
52.117302,4.959447,10516.453,240.99988
52.11578,4.961315,10568.415,242.00372
52.114506,4.9612975,10596.932,243.0457
52.113445,4.9625473,10604.274,243.82
52.112137,4.9639616,10584.895,244.72278
52.110695,4.9658613,10606.352,245.54372
52.10953,4.966852,10661.364,246.4391
52.10815,4.9679856,10656.87,247.65863
52.107162,4.9695244,10675.752,248.45981
52.105747,4.9703035,10696.827,249.20409
52.104237,4.9719124,10740.089,250.03561
52.10249,4.972538,10757.369,251.0021
52.101585,4.973583,10823.586,251.71223
52.100754,4.9743533,10865.668,252.82637
52.09905,4.9753256,10928.7295,253.8164
52.097633,4.97697,10922.509,254.93608
52.09685,4.977471,10936.318,255.94536
52.095577,4.978448,10999.932,257.0068
52.09399,4.979268,11002.33,258.17496
52.09279,4.9799843,11101.21,259.26895
52.091526,4.98237,11144.035,260.37747
52.090946,4.983609,11177.836,261.46152
52.089355,4.985844,11156.148,262.538
52.08843,4.9865894,11217.008,263.41336
52.086758,4.9869757,11280.156,264.33438
52.085712,4.988204,11343.837,265.1085
52.084072,4.98929,11428.524,266.0887
52.082832,4.9910746,11545.671,267.04382
52.081417,4.992861,11541.958,267.9509
52.080498,4.992882,11539.767,269.00134
52.079174,4.9950333,11563.885,269.75952
52.077843,4.9956474,11604.503,270.9784
52.076126,4.9972367,11650.528,272.2603
52.075176,4.997951,11716.955,273.23245
52.073917,4.998181,11745.833,274.28906
52.0723,4.999929,11760.115,275.04385
52.071728,5.0017433,11795.863,276.2082
52.070526,5.002706,11855.18,277.07776
52.06876,5.003879,11874.291,278.22806
52.067646,5.004427,11959.886,279.01724
52.066204,5.0061717,11967.861,279.90854
52.06512,5.006048,11946.151,281.1738
52.063587,5.0069203,11991.98,282.13022
52.062485,5.008882,12023.853,283.30783
52.061142,5.010453,12037.75,283.81577
52.060017,5.011691,12088.439,285.10687
52.058613,5.0121603,12167.6,285.83005
52.057518,5.012917,12247.411,286.4904
52.055428,5.0122457,12301.623,288.1181
52.054314,5.014158,12356.407,288.74222
52.052975,5.015058,12397.533,289.95868
52.05133,5.0163474,12407.124,290.81317
52.05019,5.017842,12527.699,291.81628
52.04913,5.019506,12564.859,292.84906
52.04769,5.0200577,12604.78,293.89078
52.046173,5.021633,12655.659,294.85028
52.044865,5.0211606,12657.757,295.7292
52.043697,5.0235033,12697.705,296.83234
52.04275,5.0240407,12741.72,297.8574
52.04092,5.024879,12822.171,299.0497
52.040005,5.0258713,12840.401,300.13434
52.03875,5.026656,12880.966,301.05618
52.037075,5.027878,12925.884,301.77988
52.035954,5.0289207,12937.713,302.67538
52.03466,5.0293074,12941.2295,303.5552
52.033306,5.03074,12993.816,304.4956
52.031433,5.0323515,13099.858,305.20508
52.030678,5.0325494,13205.669,306.28387
52.028564,5.0341735,13270.829,307.47147
52.027172,5.0352683,13292.719,308.7368
52.025913,5.036427,13363.437,309.661
52.02443,5.03766,13353.164,310.35443
52.023342,5.0389223,13396.928,311.71127
52.021744,5.03934,13461.157,312.61786
52.020138,5.040915,13490.034,313.52274
52.018944,5.041371,13540.556,314.87473
52.017033,5.0428624,13605.102,315.79327
52.016335,5.0448456,13655.667,316.40134
52.015106,5.045814,13698.028,317.21732
52.01343,5.0462856,13731.047,318.40823
52.012394,5.0469785,13824.211,319.04108
52.01064,5.048082,13866.646,320.3439
52.00973,5.0484757,13886.535,321.49286
52.00788,5.050291,13924.184,322.45676
52.00613,5.0520096,14016.966,323.5877
52.004936,5.0500717,14042.302,324.47372
52.003635,5.053572,14129.003,325.2982
52.00238,5.053361,14187.02,326.01578
52.00053,5.055193,14254.984,326.4099
51.99949,5.05592,14309.78,327.3472
51.99706,5.056999,14217.864,327.97147
51.997208,5.057542,14190.296,329.30377
51.996,5.0596566,14169.631,330.185
51.994343,5.061237,14318.7705,330.89148
51.99284,5.0616093,14335.078,332.0199
51.9919,5.0645504,14342.828,332.81265
51.989918,5.065052,14381.643,334.08212
51.98827,5.0658536,14396.747,335.19116
51.986553,5.066433,14423.539,336.34018
51.98543,5.0681767,14459.855,337.60696
51.98343,5.0685067,14539.414,338.3365
51.982124,5.0691123,14600.803,339.3836
51.98011,5.0681205,14632.779,340.2632
51.97905,5.0696774,14691.886,341.53195
51.977634,5.072277,14728.432,342.94794
51.975754,5.0725636,14778.15,343.71985
51.974453,5.0747995,14813.333,344.81564
51.9731,5.07454,14861.58,346.0039
51.971684,5.0770082,14884.885,347.38153
51.969532,5.076933,14920.846,348.44452
51.96885,5.078532,14949.244,349.03287
51.967087,5.0784044,14982.15,350.47403
51.965927,5.082693,15040.542,350.6202
51.96407,5.0840063,15059.958,352.27036
51.96272,5.0843863,15078.245,353.10837
51.960995,5.084895,15087.121,354.51038
51.95953,5.085966,15088.433,355.17972
51.958538,5.087327,15175.393,356.06516
51.95711,5.08832,15188.719,357.13574
51.95533,5.0890007,15286.169,358.07547
51.953587,5.0891047,15359.65,359.00388
51.95202,5.090823,15414.61,359.8251
51.950695,5.0916,15441.441,360.7405
51.94873,5.09336,15495.227,361.5769
51.94712,5.094675,15559.874,362.60202
51.945705,5.0962176,15575.547,363.58618
51.944183,5.097272,15613.455,364.31036
51.94282,5.098005,15672.851,365.2041
51.941696,5.1005054,15716.942,366.1035
51.939934,5.101681,15710.496,366.56754
51.93827,5.1014,15699.497,368.30792
51.93705,5.1014624,15750.169,368.9396
51.934925,5.1041446,15789.029,370.26715
51.934544,5.105484,15854.909,371.38385
51.932117,5.1057606,15869.71,372.4609
51.930992,5.105954,15884.368,373.84567
51.92927,5.107067,15981.831,374.32413
51.92783,5.108752,15963.303,375.79605
51.92618,5.1095543,15989.044,376.5151
51.92397,5.109815,16062.221,377.58847
51.921894,5.1117535,16041.8,378.8211
51.92093,5.113763,16101.418,379.78812
51.919197,5.1144433,16109.973,380.93674
51.91814,5.116011,16200.017,381.78488
51.916134,5.117231,16210.571,383.19427
51.915085,5.117416,16249.139,383.77542
51.913193,5.118334,16271.8545,384.51776
51.911526,5.1178308,16330.031,385.32272
51.910122,5.12104,16364.24,386.61026
51.9086,5.1200066,16368.175,387.52197
51.90685,5.1216674,16349.674,388.81564
51.905357,5.1223526,16453.15,389.68088
51.904133,5.123632,16482.852,390.94238
51.902313,5.125127,16548.064,392.05502
51.90057,5.1266184,16598.258,392.99933
51.89829,5.1264577,16649.918,394.0225
51.89705,5.1274195,16649.186,394.96777
51.895306,5.127908,16674.738,395.95398
51.8937,5.1308546,16718.879,397.0056
51.892284,5.130297,16753.133,398.23688
51.89081,5.131972,16817.064,398.96506
51.88898,5.1327696,16865.586,399.32886
51.88719,5.13412,16904.758,400.7537
51.88538,5.1359468,16910.738,401.34583
51.885063,5.1356297,16990.436,402.37192
51.882023,5.136846,17051.955,403.37814
51.880127,5.1385226,17087.123,404.51288
51.879337,5.140487,17075.47,405.2399
51.876957,5.14115,17166.844,405.79797
51.876034,5.1410694,17111.516,407.63556
51.874557,5.141698,17143.967,408.55856
51.87324,5.1418304,17152.486,409.824
51.871586,5.143179,17254.082,410.44473
51.87011,5.143431,17228.285,411.582
51.868053,5.1442113,17291.291,412.41644
51.866158,5.1455975,17347.148,413.166
51.865353,5.1468315,17334.848,414.43948
51.863213,5.1472154,17378.086,415.31226
51.86175,5.1481566,17407.623,416.28796
51.860363,5.1504235,17452.033,416.95978
51.85853,5.1496825,17529.016,418.31888
51.85768,5.1497073,17615.17,419.031
51.85575,5.1510735,17648.012,419.61792
51.85421,5.151709,17708.027,420.78934
51.85289,5.1520567,17780.818,421.9192
51.851257,5.1528707,17802.957,422.72302
51.849422,5.1528225,17783.049,424.02554
51.84768,5.154457,17790.117,424.99133
51.84674,5.1541057,17872.139,426.31747
51.844437,5.15565,17926.938,427.4228
51.842953,5.156512,17984.465,428.2424
51.841854,5.1581707,17995.633,429.38058
51.839386,5.160269,18003.549,430.01367
51.837254,5.1593213,18083.176,430.89658
51.835106,5.1599402,18058.096,431.45523
51.834656,5.1589303,18136.926,431.9909
51.831482,5.161835,18194.926,433.03723
51.83113,5.162583,18253.688,433.85712
51.82903,5.162482,18332.932,434.92587
51.826946,5.1610236,18415.113,435.40628
51.82522,5.1647544,18406.52,437.03574
51.82275,5.168626,18486.986,437.7894
51.82109,5.166923,18518.682,438.71747
51.819622,5.169191,18559.172,440.02713
51.817493,5.1709924,18589.393,440.535
51.816753,5.1719394,18634.611,441.4375
51.81478,5.1715183,18589.383,442.62787
51.812603,5.172866,18652.824,443.49042
51.81195,5.175651,18770.27,444.08414
51.809708,5.1759276,18706.86,445.61798
51.807903,5.176072,18713.545,446.66318
51.806614,5.17743,18887.963,446.71594
51.80536,5.1772537,18859.105,447.97617
51.803047,5.179095,18875.17,448.9926
51.800983,5.1795845,19011.756,449.4707
51.80006,5.1817303,19036.633,450.53766
51.798084,5.184004,19090.951,451.26303
51.79616,5.185604,19166.48,452.59625
51.79428,5.1854076,19197.455,453.69525
51.792805,5.1858,19186.555,454.6189
51.791355,5.186334,19218.146,455.54886
51.789764,5.1874037,19260.629,456.59158
51.788082,5.18827,19276.062,457.65073
51.78644,5.188725,19335.77,458.1871
51.784412,5.191258,19408.71,459.46124
51.78274,5.191273,19480.168,460.2357
51.781322,5.191619,19512.625,461.57925
51.77933,5.1937423,19552.879,462.44113
51.777187,5.1940145,19536.459,462.89038
51.775303,5.1976624,19650.104,464.50403
51.774105,5.199178,19711.195,465.00232
51.772156,5.198388,19637.967,466.24518
51.770546,5.198781,19718.22,467.50333
51.769062,5.1994514,19736.463,468.1629
51.76725,5.20226,19749.766,469.56848
51.76498,5.2037854,19803.238,470.701
51.764065,5.203047,19854.854,471.62515
51.761906,5.2036076,19876.512,472.217
51.76008,5.2052813,19933.791,473.22287
51.759014,5.2071877,19956.363,474.22922
51.757145,5.2074833,19991.766,474.5824
51.754906,5.2065587,19989.1,476.44238
51.7532,5.2086716,20080.254,476.9522
51.75176,5.209163,20146.262,477.80515
51.749226,5.211192,20154.734,478.94727
51.748558,5.212648,20226.547,479.47534
51.746754,5.21352,20214.135,480.6079
51.744453,5.215916,20323.893,481.94467
51.74378,5.2174263,20351.92,482.636
51.741302,5.2172184,20283.16,484.01108
51.740543,5.2185206,20337.27,484.81363
51.738594,5.2197614,20416.562,485.32703
51.73633,5.2200723,20438.863,486.513
51.733852,5.2215095,20524.514,487.7474
51.732147,5.223231,20543.846,488.61594
51.730747,5.2256665,20563.713,489.94574
51.728767,5.225456,20603.385,490.05438
51.727398,5.2274556,20658.703,491.12576
51.72555,5.2278485,20696.6,492.45096
51.7243,5.229058,20675.963,493.6172
51.721966,5.2290287,20736.03,494.3758
51.72064,5.2312045,20776.951,495.5514
51.719532,5.233029,20815.861,496.05453
51.717052,5.23165,20913.434,496.92688
51.714813,5.2339854,20965.066,498.7408
51.713715,5.236144,21016.322,498.8214
51.71195,5.237902,21061.105,500.02274
51.710445,5.237502,21092.744,501.07602
51.707718,5.2403827,21212.494,501.56033
51.706234,5.2389956,21107.232,503.161
51.7044,5.241708,21171.707,503.96606
51.702168,5.243007,21210.291,505.2177
51.70046,5.2443333,21219.836,505.72028
51.699104,5.2472954,21295.41,507.0164
51.697327,5.2488236,21355.574,508.0125
51.695187,5.2466593,21290.13,508.67798
51.694496,5.2475004,21356.078,510.06476
51.692993,5.2491913,21393.139,511.30527
51.69096,5.2511163,21510.342,511.74036
51.688564,5.251663,21548.79,512.9594
51.687565,5.2537985,21583.148,513.953
51.685764,5.2524204,21593.895,514.9001
51.683758,5.2529325,21644.02,515.7506
51.682323,5.255872,21673.002,516.9007
51.68038,5.256801,21676.217,517.83936
51.67911,5.2591176,21784.615,518.79694
51.676834,5.2583666,21783.275,519.7629
51.675156,5.2591543,21831.334,520.72876
51.67319,5.260094,21853.896,522.1779
51.671825,5.262019,21910.568,522.64404
51.67057,5.2627363,21968.896,523.9005
51.66858,5.262934,21992.01,525.37695
51.667366,5.2659116,22027.072,525.87787
51.664642,5.266193,22084.033,527.2896
51.66364,5.266837,22132.434,528.0267
51.66197,5.2686357,22182.75,528.70874
51.65955,5.269513,22207.994,529.9539
51.658466,5.273684,22283.26,530.7152
51.656387,5.2718925,22237.168,531.89514
51.654312,5.271644,22267.84,533.0522
51.65262,5.273526,22300.232,533.6649
51.65111,5.2776275,22394.422,534.5496
51.648983,5.277905,22464.914,535.6056
51.647583,5.2774806,22413.361,536.9097
51.646557,5.280175,22505.424,537.35516
51.64466,5.280143,22501.73,539.02466
51.64279,5.2820396,22562.799,539.337
51.641647,5.283841,22627.46,540.4092
51.63942,5.2838893,22626.89,541.51276
51.637623,5.2877116,22654.617,542.17834
51.636646,5.286702,22699.785,543.5233
51.63469,5.286991,22729.207,544.3929
51.632458,5.288257,22776.824,545.132
51.630745,5.290048,22780.123,546.1849
51.629093,5.2910366,22791.074,547.1591
51.627354,5.291652,22854.074,548.43787
51.624805,5.29419,22910.883,549.42834
51.623703,5.293888,22935.955,550.29865
51.621315,5.294515,22965.26,551.3025
51.62011,5.2953415,22970.904,552.1201
51.618233,5.2996097,23075.549,552.78217
51.61668,5.2973056,23067.506,554.124
51.614693,5.2996273,23120.254,554.83026
51.613255,5.3004117,23149.291,555.88776
51.611538,5.303555,23185.463,557.52057
51.610085,5.303394,23244.928,557.9891
51.6078,5.3035107,23292.398,558.7502
51.605946,5.304888,23342.016,560.29865
51.60391,5.3072977,23381.5,560.981
51.60258,5.3053894,23356.635,561.91364
51.600327,5.3071146,23423.809,562.9422
51.59885,5.308688,23454.518,564.01
51.59699,5.3101215,23476.53,565.02045
51.59515,5.3099766,23507.748,565.90076
51.593693,5.313127,23554.541,567.1511
51.59168,5.312941,23580.492,567.6028
51.58928,5.3145814,23600.225,568.8574
51.588173,5.3158865,23639.732,569.477
51.586456,5.317698,23648.342,570.7728
51.584366,5.3172145,23697.598,571.94354
51.582996,5.3185105,23741.625,572.6639
51.580223,5.320851,23827.582,573.8239
51.578903,5.3222423,23836.77,574.6869
51.576923,5.321853,23863.96,575.57245
51.574726,5.3217735,23931.809,576.6258
51.57392,5.323907,23967.828,577.81146
51.571228,5.3248296,23976.135,578.75464
51.569637,5.3268657,24025.87,579.4041
51.568253,5.3282313,24037.117,580.8879
51.565945,5.3323736,24133.684,580.9956
51.564217,5.3300357,24126.217,582.3122
51.562183,5.3315396,24161.13,583.3897
51.560303,5.332555,24171.625,584.476
51.557507,5.3382354,24264.469,584.97906
51.55704,5.3352203,24246.223,586.45685
51.554985,5.336465,24331.383,587.38904
51.552372,5.3397994,24359.04,588.3025
51.551697,5.339091,24373.17,589.4757
51.548786,5.3437204,24461.703,590.02466
51.54635,5.340906,24390.5,591.49536
51.54673,5.343412,24457.62,592.2865
51.543407,5.3487234,24554.822,592.74384
51.542305,5.3447695,24507.426,594.17834
51.540577,5.346445,24574.361,595.1362
51.53856,5.348758,24653.955,595.9447
51.53649,5.348079,24657.658,597.2984
51.535206,5.3508124,24642.098,598.1167
51.53278,5.352556,24659.918,598.76227
51.531345,5.3533673,24664.746,600.0427
51.530365,5.3541574,24729.105,600.7405
51.526978,5.3588166,24780.795,601.52234
51.526062,5.3586707,24781.076,602.67377
51.52336,5.3623114,24852.504,603.097
51.52275,5.3595653,24876.428,604.8764
51.51998,5.361907,24926.93,605.63513
51.517624,5.3638387,24976.021,606.9727
51.5176,5.3655615,24982.559,607.911
51.51442,5.3657684,25004.143,608.4208
51.512913,5.366688,25020.88,609.80096
51.51141,5.368841,25075.533,610.31055
51.50987,5.3681674,25088.055,611.6604
51.50719,5.370444,25086.799,612.7385
51.5067,5.372281,25122.605,613.64984
51.50429,5.3737297,25178.35,614.46747
51.50247,5.3735366,25223.295,615.508
51.50064,5.375921,25320.812,616.6513
51.498093,5.3782916,25333.91,617.4166
51.49686,5.380823,25415.105,619.0172
51.49393,5.3810897,25501.148,619.43176
51.492516,5.3832026,25538.988,620.3127
51.490265,5.3849564,25540.191,621.6468
51.488346,5.385504,25553.768,622.26
51.48711,5.3895574,25516.51,623.4466
51.4858,5.3905697,25514.91,624.5521
51.483944,5.387766,25550.693,625.34283
51.482143,5.3904696,25546.768,626.6356
51.479084,5.3941536,25582.17,627.0707
51.47816,5.3982515,25705.777,627.8171
51.47549,5.394157,25619.77,629.3188
51.474625,5.3968406,25672.766,629.9946
51.472633,5.4007998,25678.412,631.5202
51.470757,5.400736,25705.143,631.6304
51.46884,5.3991647,25772.412,633.97546
51.465443,5.4018064,25808.584,634.14874
51.465137,5.404184,25882.04,634.3684
51.46194,5.405117,25832.996,635.9475
51.46138,5.4050736,25861.182,636.5444
51.460308,5.4073586,25927.43,637.3435
51.457077,5.4088855,25921.982,638.7365
51.45584,5.4129505,26010.135,639.13135
51.454205,5.4118757,25973.309,641.21246
51.452488,5.4113183,26020.527,641.87024
51.44999,5.417036,26023.672,642.5495
51.44811,5.416343,26041.797,643.51654
51.44654,5.4190855,26073.438,644.1471
51.443943,5.4183097,26050.96,645.58746
51.443333,5.4202533,26080.875,646.3975
51.44086,5.420652,26108.352,647.0738
51.43851,5.4234853,26137.793,648.5667
51.43733,5.4220333,26173.29,649.05945
51.435696,5.4237785,26231.75,650.7844
51.431892,5.4268003,26266.82,651.6049
51.431324,5.4300427,26401.525,651.1325
51.429264,5.4294977,26298.031,652.8381
51.42628,5.4291506,26326.77,653.52374
51.424404,5.4315467,26418.365,654.91394
51.422997,5.433822,26389.863,656.0647
51.42058,5.435038,26419.344,656.36
51.41916,5.4374,26441.549,657.1271
51.417053,5.4387407,26484.059,658.09357
51.415688,5.4382195,26501.93,660.0483
51.413063,5.4397163,26550.742,660.2401
51.412052,5.4410605,26571.707,660.80945
51.409584,5.441503,26581.75,663.2139
51.40773,5.448982,26636.611,662.87714
51.406803,5.446512,26650.822,664.68555
51.404533,5.444522,26681.0,665.5797
51.401844,5.447752,26729.658,666.0034
51.399876,5.450339,26713.793,667.143
51.398582,5.450702,26768.938,667.782
51.395958,5.450991,26812.775,668.8618
51.394146,5.452993,26848.246,669.8373
51.392857,5.456208,26844.92,670.9544
51.390846,5.4560785,26849.486,671.4088
51.389507,5.456307,26883.34,672.56866
51.387802,5.457811,26932.76,673.6275
51.385395,5.4594216,26967.588,674.4339
51.383232,5.4605203,26996.275,675.35376
51.381145,5.4596744,27028.297,676.56104
51.379337,5.4615912,27054.578,677.7018
51.376656,5.463918,27095.354,678.95856
51.374317,5.464916,27054.771,679.83014
51.373615,5.47026,27146.666,679.27405
51.37265,5.4668236,27139.127,681.2062
51.36972,5.470817,27158.818,682.49744
51.367096,5.4694505,27193.875,683.03894
51.365868,5.47222,27206.385,685.0258
51.363407,5.471968,27287.893,684.50146
51.361176,5.475974,27290.85,686.6036
51.35977,5.4777703,27362.5,686.6712
51.35822,5.4757724,27392.525,688.61224
51.356365,5.4787726,27390.984,689.321
51.35436,5.480095,27421.008,689.87366
51.352276,5.4820657,27410.064,690.7357
51.35022,5.4820046,27440.412,691.2897
51.348587,5.48181,27448.3,694.122
51.346615,5.485344,27463.545,692.4564
51.346085,5.4864798,27500.654,694.62994
51.342453,5.4893312,27585.668,695.23645
51.339912,5.48826,27586.295,696.78345
51.339108,5.4920263,27651.02,697.8843
51.335358,5.4913216,27650.338,698.56903
51.334984,5.494079,27708.918,700.3565
51.332726,5.494877,27696.193,700.4238
51.330433,5.4934196,27695.139,701.3882
51.328365,5.496886,27793.207,702.27686
51.326862,5.49513,27786.992,703.6507
51.324657,5.498447,27826.043,704.2053
51.322746,5.499424,27823.732,705.84235
51.322083,5.5016923,27836.582,706.3314
51.318886,5.501641,27881.393,706.6808
51.31668,5.5028977,27891.705,708.5055
51.314816,5.5052624,27912.643,708.78534
51.314194,5.5079513,27990.629,710.4245
51.31235,5.5071797,27937.871,711.3877
51.309715,5.507362,27986.84,712.1009
51.30748,5.5097103,28042.86,713.0255
51.30682,5.51192,28099.145,713.85583
51.30326,5.511467,28092.148,714.4282
51.30254,5.5149083,28150.496,715.6585
51.300186,5.514354,28197.459,717.00354
51.299225,5.5159044,28172.734,717.6916
51.2962,5.5170765,28205.256,718.73694
51.294537,5.5195346,28274.473,719.65576
51.29244,5.52073,28317.041,720.50824
51.29053,5.5213375,28281.361,721.5156
51.288334,5.524687,28317.47,723.07904
51.286106,5.5272202,28351.695,722.4924
51.285557,5.525547,28341.943,725.8297
51.28195,5.524341,28358.451,725.5887
51.279827,5.5290003,28343.54,726.2303
51.27884,5.530131,28378.422,726.953
51.27852,5.5304008,28455.564,728.46265
51.27418,5.529438,28518.938,729.435
51.272976,5.533412,28564.684,731.0519
51.270683,5.5344114,28564.709,731.55975
51.267334,5.536457,28592.738,732.7941
51.26711,5.537152,28652.316,734.4131
51.266457,5.536999,28683.262,734.75275
51.26402,5.538005,28689.684,735.79663
51.260536,5.5421486,28696.18,736.7772
51.26129,5.5433125,28753.816,737.1662
51.257305,5.5440145,28708.28,739.1959
51.25584,5.5450826,28843.541,739.7111
51.254066,5.544389,28818.56,739.78046
51.25263,5.5472026,28851.79,741.95233
51.250214,5.5504117,28895.064,742.506
51.246952,5.550971,28900.771,743.9106
51.246872,5.5511484,28958.916,744.7388
51.242603,5.5498533,28967.125,745.4043
51.24199,5.5533633,29023.516,747.02136
51.240215,5.5550547,29001.922,747.2017
51.23794,5.555823,29034.076,748.0213
51.236286,5.5557785,29097.367,749.267
51.234303,5.557153,29052.879,750.15576
51.23301,5.5564294,29083.188,751.3777
51.231277,5.560445,29105.479,752.1582
51.229557,5.5625343,29140.525,752.8115
51.226963,5.56244,29190.543,754.53925
51.224705,5.563895,29191.287,755.1999
51.223026,5.565529,29277.01,756.4353
51.22135,5.567262,29261.53,757.8638
51.219746,5.5674644,29280.188,758.526
51.21744,5.567677,29334.174,759.1855
51.213207,5.5695877,29304.129,760.0636
51.2154,5.5726957,29343.62,761.4421
51.212223,5.5713353,29404.412,761.36615
51.20948,5.5707717,29427.844,763.3719
51.208447,5.5728846,29488.475,764.4086
51.20657,5.579268,29455.453,764.6099
51.205326,5.5786505,29539.633,765.4741
51.201996,5.5807834,29527.334,766.9017
51.200245,5.5808673,29598.262,767.76526
51.196068,5.579509,29589.295,769.296
51.19541,5.582625,29629.9,769.33826
51.195614,5.58391,29625.936,770.9658
51.193268,5.5829096,29655.508,772.2274
51.191463,5.588238,29696.66,772.6144
51.18954,5.5868616,29723.535,772.9702
51.18721,5.5894146,29769.926,774.70776
51.186043,5.588719,29786.22,775.8975
51.181824,5.587285,29806.81,776.4379
51.179504,5.5929823,29838.049,778.8713
51.178818,5.598188,29916.135,779.90765
51.177628,5.5959787,29921.457,779.41345
51.174145,5.5934277,29952.146,781.00415
51.17208,5.597923,29900.104,781.9393
51.17024,5.602725,29940.512,782.21967
51.17106,5.6004753,30030.94,783.8627
51.167137,5.5984473,30037.127,784.3013
51.16498,5.599692,30040.977,785.74615
51.165188,5.600257,30099.236,785.2395
51.160835,5.608169,30185.426,783.72284
51.15974,5.6080623,30257.377,785.5128
51.15773,5.608442,30329.105,784.7504
51.156277,5.6074643,30333.104,786.635
51.153744,5.6106806,30299.012,785.6468
51.153595,5.6127734,30351.443,788.7046
51.15094,5.6125507,30357.516,787.5516
51.148468,5.611691,30397.807,789.1427
51.14737,5.6136928,30440.756,791.5132
51.145668,5.618087,30396.893,790.5988
51.143353,5.6186366,30474.074,793.28064
51.141586,5.6200557,30522.623,791.4173
51.140553,5.6203465,30599.984,794.632
51.135857,5.619389,30635.861,795.62805
51.133717,5.622599,30700.041,795.89716
51.134113,5.624189,30659.254,798.03754
51.131073,5.624587,30642.79,798.9327
51.130257,5.6278753,30712.656,797.98553
51.12851,5.6273813,30680.723,801.1055
51.126778,5.628558,30700.893,801.17126
51.12305,5.627385,30682.688,802.50995
51.1222,5.6293793,30730.146,802.2538
51.12218,5.630817,30725.041,804.638
51.116444,5.6295,30837.182,805.2823
51.115604,5.6337776,30886.746,805.4413
51.113182,5.632263,30888.102,808.50745
51.111797,5.6366186,30913.512,807.9584
51.11057,5.637551,30900.0,808.998
51.109283,5.637102,30911.0,809.155
51.10677,5.638703,30922.219,811.3277
51.105015,5.637228,30975.123,812.08655
51.10398,5.638684,31026.125,812.45996
51.099957,5.6423225,31047.793,814.52655
51.09901,5.645762,31091.008,815.0335
51.095993,5.6456475,31129.215,814.7662
51.096783,5.644252,31146.537,817.29767
51.092022,5.6484623,31164.508,817.5403
51.09127,5.650657,31153.158,819.03455
51.090824,5.6519866,31188.127,819.5193
51.087494,5.6550817,31245.076,820.16125
51.086254,5.6546264,31247.76,822.01984
51.084328,5.652729,31258.627,822.04065
51.082867,5.6517973,31215.305,823.5884
51.079643,5.653328,31366.492,822.77045
51.07767,5.6572747,31334.686,825.9505
51.076843,5.6588607,31385.719,825.215
51.07381,5.6575885,31412.38,827.41693
51.072857,5.6621065,31419.66,829.14886
51.070713,5.664264,31460.19,828.21204
51.0686,5.662635,31476.502,830.8758
51.067177,5.6629434,31459.365,831.66156
51.06366,5.667364,31474.459,831.77454
51.06308,5.6649714,31578.154,832.985
51.060802,5.667381,31591.799,834.3256
51.05898,5.6654143,31623.572,834.43646
51.059147,5.6669674,31617.76,836.26526
51.055424,5.668124,31643.898,837.0191
51.052967,5.6751704,31646.908,837.96497
51.051605,5.673198,31770.646,837.81146
51.051407,5.674856,31779.346,839.86816
51.04806,5.674104,31822.154,840.2059
51.046963,5.676863,31784.234,842.27545
51.044914,5.6784167,31795.998,842.4784
51.043015,5.675254,31819.73,842.75604
51.040924,5.6781344,31795.05,846.12946
51.038826,5.6824036,31856.611,844.1334
51.039307,5.6849356,31895.758,846.9896
51.036392,5.683071,31935.498,848.3571
51.032852,5.684906,31907.775,848.7264
51.03027,5.6845345,31903.12,849.36615
51.030396,5.6881695,31894.484,851.52606
51.025837,5.69226,31946.592,851.3111
51.02603,5.694933,32013.92,852.5102
51.02456,5.688151,32044.793,853.11017
51.02189,5.6895833,31974.375,854.5708
51.018425,5.6934605,32061.846,855.13873
51.018276,5.6925254,32073.748,856.2736
51.01775,5.6916084,32148.738,857.3439
51.013893,5.6919355,32148.352,858.6197
51.012447,5.698795,32188.09,860.18115
51.010166,5.69835,32243.271,857.72314
51.008144,5.698633,32195.705,863.1375
51.00339,5.6969852,32302.98,860.90436
51.004936,5.6999784,32194.037,862.9036
51.0027,5.7026415,32280.496,863.32806
51.000614,5.704753,32318.906,865.3908
50.998787,5.7062583,32377.496,865.4691
50.996376,5.703771,32322.936,865.6754
50.99752,5.7074876,32363.982,869.29755
50.99492,5.7074084,32383.406,869.1684
50.994503,5.710401,32219.875,870.3198
50.989857,5.7092924,32313.832,870.2249
50.987892,5.7126927,32306.135,872.06464
50.986904,5.712174,32418.295,872.3046
50.98264,5.7107925,32442.379,873.6541
50.981342,5.7177515,32489.748,875.87555
50.981083,5.719396,32534.248,874.9438
50.979065,5.7145534,32515.3,877.8698
50.976696,5.716385,32484.129,877.2183
50.97397,5.718566,32496.752,877.76385
50.97347,5.719047,32556.459,879.15356
50.97224,5.7198124,32598.117,880.20294
50.96798,5.7198224,32615.9,881.1555
50.96782,5.7223563,32680.96,881.2064
50.9654,5.7232466,32684.06,882.30804
50.964497,5.7303643,32711.346,884.0318
50.96074,5.7297125,32698.426,884.6921
50.96,5.7303405,32673.895,886.094
50.958477,5.728027,32661.324,886.2294
50.956326,5.73296,32750.432,887.38055
50.951946,5.7322736,32810.652,888.42004
50.95285,5.73303,32818.207,889.4674
50.95068,5.7366424,32765.072,890.93665
50.947296,5.734394,32808.93,890.6714
50.947823,5.740058,32789.04,892.90216
50.944897,5.737632,32833.508,893.57794
50.943146,5.741183,32870.684,894.1997
50.94108,5.741786,32859.004,895.6087
50.938908,5.7435026,32859.117,895.94684
50.93726,5.7444773,32889.0,897.2309
50.936096,5.7455354,32900.266,897.3422
50.934128,5.746119,32933.47,899.24854
50.9315,5.7491465,32923.15,899.4911
50.931034,5.7477655,32925.67,900.5151
50.928314,5.749452,32915.28,901.73737
50.92562,5.7513857,32940.38,901.88367
50.92525,5.755322,33023.3,903.8684
50.92152,5.7546496,33010.938,903.9092
50.919704,5.755698,33083.633,905.243
50.91962,5.7580314,33011.062,906.71643
50.916233,5.754867,33102.215,907.36273
50.914196,5.762005,33136.65,908.7971
50.912846,5.7615848,33132.41,909.2822
50.911774,5.7600203,33123.086,910.30676
50.9094,5.761643,33124.703,911.0526
50.907707,5.7643094,33164.164,913.41144
50.90437,5.766919,33174.086,913.739
50.902363,5.7679543,33197.66,913.52
50.902054,5.7694936,33202.863,915.78925
50.899982,5.769885,33257.605,916.80084
50.896782,5.7695765,33291.98,917.95734
50.894333,5.7731433,33249.188,918.66345
50.89731,5.7762103,33282.406,919.47974
50.893326,5.7727857,33340.766,919.24365
50.89107,5.769426,33271.7,920.90924
50.889343,5.7751155,33266.906,921.82
50.886948,5.782354,33285.582,923.0149
50.88626,5.7815275,33358.543,921.9924
50.883606,5.7871995,33353.965,924.2184
50.882847,5.7808757,33425.035,925.3809
50.876648,5.781986,33505.297,926.53906
50.874466,5.7878237,33452.05,929.16876
50.87677,5.7951384,33400.266,929.12866
50.872173,5.792011,33424.574,929.09174
50.87221,5.7885256,33517.465,930.60565
50.868202,5.791726,33433.234,931.3602
50.868088,5.7923055,33508.613,932.4212
50.864822,5.7951794,33488.01,933.244
50.86656,5.7965384,33486.73,933.89075
50.862537,5.7989974,33492.906,935.0081
50.860218,5.7956824,33524.645,936.2128
50.85945,5.797431,33533.625,936.48584
50.855225,5.800362,33562.555,937.4592
50.85612,5.8040953,33550.008,939.31757
50.852226,5.805618,33596.836,938.7791
50.852055,5.8049707,33605.766,941.07623
50.848827,5.8055525,33602.145,941.8488
50.84644,5.8072357,33595.5,943.0923
50.846504,5.810268,33613.297,943.8761
50.84247,5.808497,33652.383,944.02966
50.84288,5.8102784,33648.492,945.26135
50.840584,5.809833,33673.65,945.8243
50.83872,5.813335,33679.297,947.6762
50.83611,5.81586,33690.062,947.9115
50.834538,5.816394,33670.93,949.0561
50.833565,5.817563,33695.332,949.91003
50.83126,5.8208528,33733.68,950.90845
50.83013,5.8230963,33674.49,951.963
50.826233,5.818724,33731.82,952.2868
50.82434,5.8212256,33745.207,954.3574
50.823177,5.8228126,33795.67,955.40027
50.820164,5.826453,33773.375,955.67505
50.820087,5.8269353,33795.27,956.91046
50.818096,5.828619,33814.066,957.1622
50.81479,5.832671,33836.48,958.5195
50.81365,5.8298254,33875.195,960.2287
50.81288,5.8314137,33874.402,959.84125
50.810875,5.833836,33846.39,962.02893
50.808117,5.833946,33906.633,962.35535
50.80625,5.837432,33865.21,963.0481
50.80428,5.836748,33871.79,963.3773
50.803024,5.8381076,33779.543,965.36316
50.800053,5.8426957,33794.59,966.7152
50.798275,5.8418784,33793.195,966.29083
50.795635,5.841907,33883.508,969.18555
50.793407,5.8432074,33920.668,969.5892
50.79472,5.844302,33932.4,968.8131
50.791172,5.8437004,33964.504,971.1922
50.789776,5.8495207,33941.55,971.8011
50.786655,5.8491755,33990.97,972.5637
50.786324,5.846853,33965.797,974.04694
50.78376,5.8508315,33984.773,974.81946
50.78205,5.852938,34012.36,975.35114
50.780132,5.853651,34019.832,976.95337
50.77882,5.859071,34004.938,978.0515
50.776707,5.8553686,34039.137,978.2264
50.774117,5.8600044,34020.97,979.3014
50.772564,5.8604393,34027.58,981.11127
50.770832,5.859858,34107.883,980.95953
50.76792,5.863357,34066.164,983.3566
50.766476,5.869724,34087.734,983.0748
50.764847,5.866475,34161.906,982.7567
50.763256,5.8630958,34129.97,985.6925
50.7599,5.864939,34164.406,985.5694
50.760254,5.8733144,34131.273,987.8592
50.757576,5.873635,34131.266,988.35114
50.756058,5.871116,34108.547,989.0509
50.753826,5.874163,34060.973,989.8972
50.753605,5.8728757,34136.49,991.03406
50.75131,5.877255,34071.867,992.6162
50.748146,5.875978,34109.64,993.3194
50.745636,5.8782306,34127.88,993.67584
50.743595,5.880248,34192.27,994.66614
50.74167,5.8826795,34201.56,996.98676
50.740097,5.882642,34165.16,997.12964
50.738785,5.885763,34211.285,997.42
50.735115,5.885499,34240.61,998.8996
50.735394,5.888937,34210.754,1000.2286
50.731194,5.8916235,34264.19,999.8037
50.732803,5.8890004,34250.84,1002.20306
50.728786,5.8915043,34207.91,1003.2976
50.72538,5.8910007,34254.625,1003.5193
50.724953,5.8945403,34207.406,1004.65454
50.723957,5.895214,34199.996,1005.8722
50.720787,5.8942447,34261.35,1006.04456
50.719257,5.895419,34251.36,1007.4573
50.71812,5.894493,34230.26,1008.8589
50.71587,5.898807,34245.4,1009.76636
50.71435,5.901287,34242.67,1009.8387
50.71228,5.90136,34267.22,1011.34283
50.708813,5.9021215,34240.555,1012.05707
50.70795,5.902936,34246.812,1013.63214
50.70652,5.9036436,34263.93,1013.4963
50.703865,5.9091353,34245.316,1015.05304
50.701725,5.9088845,34311.33,1016.898
50.701153,5.9078774,34302.29,1016.83795
50.69881,5.911261,34270.734,1018.23474
50.697712,5.9113407,34334.63,1019.19543
50.695442,5.9124365,34366.973,1019.8535
50.695034,5.911193,34265.97,1020.8894
50.69173,5.9147654,34344.027,1021.40625
50.690884,5.919127,34358.047,1021.8648
50.68916,5.9178843,34302.35,1024.1923
50.686367,5.920166,34258.203,1024.489
50.684414,5.9201994,34292.62,1024.832
50.68215,5.922699,34363.137,1026.5951
50.67961,5.9227977,34354.594,1027.9716
50.679436,5.9250646,34393.863,1029.4672
50.67732,5.925426,34385.01,1029.0939
50.673687,5.925106,34357.797,1031.5527
50.670536,5.930135,34396.473,1030.0746
50.672768,5.9267297,34409.785,1032.303
50.670063,5.930868,34403.336,1033.6245
50.666588,5.9298406,34426.953,1034.6427
50.66798,5.9366455,34380.777,1036.3833
50.663025,5.936003,34362.773,1036.6233
50.661575,5.9340854,34400.23,1037.7571
50.65886,5.938233,34487.543,1037.897
50.65763,5.940335,34505.914,1039.2122
50.65683,5.9424124,34422.176,1040.2253
50.654858,5.939659,34428.613,1041.5143
50.651703,5.941828,34421.938,1041.8175
50.650787,5.9432116,34415.977,1043.1472
50.648777,5.9472146,34505.508,1044.1038
50.645073,5.9456944,34500.336,1044.8302
50.64423,5.9469314,34547.734,1045.7874
50.643906,5.9473104,34516.277,1048.2648
50.6403,5.949594,34522.125,1048.1627
50.637974,5.9511747,34480.332,1049.0237
50.639496,5.9539866,34454.97,1050.0925
50.6356,5.9493885,34474.742,1049.2659
50.633884,5.9508257,34523.69,1052.8812
50.63204,5.9551687,34557.59,1052.3383
50.62827,5.95817,34493.836,1054.2728
50.62815,5.958455,34534.24,1055.0728
50.625698,5.957309,34516.45,1055.7849
50.624657,5.9615574,34570.246,1056.5754
50.62024,5.9601827,34549.52,1057.8511
50.619152,5.9669065,34571.875,1058.7384
50.617634,5.968655,34527.688,1058.3224
50.616043,5.966447,34518.816,1061.1768
50.613983,5.967621,34573.73,1061.3331
50.612183,5.967064,34540.547,1062.762
50.60976,5.970342,34570.31,1063.316
50.60779,5.9716682,34545.977,1063.8462
50.608593,5.9735565,34537.31,1065.4835
50.605125,5.973764,34565.883,1065.72
50.60177,5.976046,34575.535,1067.6332
50.603226,5.9784455,34576.734,1068.3221
50.59936,5.9786167,34529.65,1069.2058
50.596783,5.978651,34591.836,1070.2649
50.59437,5.981232,34646.125,1070.8063
50.59328,5.9823794,34621.62,1072.3784
50.58991,5.983064,34592.57,1073.0844
50.590454,5.986713,34611.836,1074.6794
50.58745,5.9872503,34605.44,1075.1643
50.585804,5.9912925,34633.37,1075.7777
50.583954,5.9882817,34641.984,1077.4426
50.581356,5.9906654,34574.016,1077.4304
50.580666,5.988875,34574.16,1078.191
50.576817,5.9924526,34601.1,1080.0194
50.576756,5.993671,34603.53,1080.5685
50.575054,5.993302,34646.14,1082.1842
50.571445,5.990457,34650.52,1082.689
50.56901,5.9969273,34665.434,1083.8312
50.567417,6.002124,34749.016,1085.3125
50.565723,5.999898,34728.938,1085.645
50.563908,6.001349,34749.97,1087.4481
50.56201,6.0035386,34732.42,1087.803
50.56129,6.0077434,34727.953,1088.5096
50.558754,6.004293,34753.984,1089.1582
50.557034,6.003648,34712.53,1090.3378
50.554436,6.0055647,34745.21,1092.1248
50.552944,6.01466,34723.785,1092.515
50.55465,6.01206,34729.92,1092.6671
50.549618,6.0119824,34721.55,1094.6727
50.548225,6.015067,34728.29,1095.2489
50.545464,6.0153756,34743.188,1096.1277
50.54259,6.017263,34752.24,1097.8027
50.541435,6.0195527,34744.91,1098.3464
50.53926,6.0195904,34730.9,1099.0002
50.537453,6.0226545,34713.06,1100.7079
50.535847,6.0202947,34716.5,1101.2174
50.53257,6.02179,34761.98,1101.5509
50.53041,6.023826,34724.066,1103.3094
50.529438,6.023738,34781.746,1103.8639
50.525974,6.0268416,34766.344,1105.7396
50.526432,6.030657,34770.7,1106.4081
50.526184,6.0342817,34768.39,1107.1564
50.52242,6.027173,34779.777,1108.6693
50.518726,6.0339155,34748.445,1108.8403
50.5192,6.0338373,34777.94,1109.2529
50.517277,6.0353894,34808.684,1110.9161
50.51225,6.035001,34773.8,1111.3805
50.51204,6.036669,34768.35,1112.8536
50.51039,6.0371227,34770.312,1113.463
50.507687,6.036843,34793.684,1114.175
50.505898,6.0443153,34808.883,1116.3474
50.503338,6.041409,34815.48,1116.4004
50.502434,6.042115,34779.133,1117.7203
50.5004,6.0425115,34771.56,1118.713
50.498417,6.0491004,34810.516,1119.3887
50.497986,6.0446506,34815.39,1119.941
50.494843,6.0448437,34778.42,1121.053
50.492825,6.049066,34782.293,1122.6641
50.49333,6.048344,34770.215,1123.0276
50.491634,6.051375,34822.883,1124.1613
50.48626,6.0518303,34807.957,1126.0731
50.484142,6.052917,34820.32,1126.4044
50.484135,6.055999,34810.113,1126.6827
50.481735,6.0573564,34788.117,1127.9274
50.48028,6.055694,34830.26,1127.9625
50.475567,6.0549526,34818.516,1131.078
50.47546,6.0631304,34851.395,1131.5522
50.474228,6.0605936,34863.74,1130.9888
50.472416,6.059621,34894.133,1133.5148
50.467896,6.063246,34837.793,1132.9514
50.46946,6.06628,34829.793,1135.684
50.466797,6.0637913,34846.223,1135.1062
50.463787,6.063437,34837.348,1135.4415
50.46128,6.0661626,34885.06,1139.2465
50.460674,6.0712695,34858.01,1137.3439
50.459885,6.0706043,34836.285,1139.6583
50.45482,6.0747533,34853.09,1140.5499
50.455284,6.073572,34874.52,1141.5082
50.449043,6.070764,34863.117,1141.8466
50.44929,6.072346,34874.37,1143.9502
50.44604,6.0864325,34844.324,1145.8289
50.445896,6.0794754,34868.63,1144.7435
50.44314,6.074583,34847.043,1146.8643
50.44006,6.0800877,34760.133,1147.8916
50.4387,6.08006,34794.812,1148.0295
50.439793,6.081461,34810.53,1149.1002
50.4365,6.0834227,34829.777,1150.0999
50.434593,6.087756,34816.15,1151.0004
50.4305,6.086756,34826.465,1152.7
50.428993,6.0898786,34800.16,1151.4374
50.429504,6.0853806,34797.4,1154.8881
50.423473,6.086987,34819.805,1153.9858
50.421543,6.0904512,34850.57,1155.7361
50.420948,6.092914,34870.117,1156.6633
50.420303,6.0931916,34856.445,1157.7633
50.419464,6.094357,34851.125,1158.4128
50.41662,6.0940022,34820.426,1159.2462
50.412926,6.0930786,34849.355,1161.0681
50.412205,6.0993023,34861.62,1161.7189
50.4103,6.0992975,34917.33,1162.3341
50.409904,6.1005173,34882.707,1163.64
50.40561,6.0989957,34850.125,1164.3702
50.40437,6.102264,34856.906,1166.1106
50.40269,6.104037,34909.47,1166.7217
50.40045,6.103069,34947.13,1168.0327
50.39881,6.107339,34913.31,1167.8877
50.396244,6.1084065,34861.523,1169.7864
50.39497,6.1086683,34874.73,1171.1221
50.393063,6.109758,34857.633,1170.9939
50.38992,6.1096244,34790.047,1172.4181
50.388523,6.109273,34783.773,1172.5803
50.386333,6.110994,34789.812,1174.3802
50.382603,6.114154,34883.883,1175.8296
50.383026,6.114704,34917.76,1175.9366
50.3813,6.1141477,34899.37,1176.3302
50.377544,6.1143823,34884.57,1178.4877
50.37523,6.1173306,34851.926,1178.5781
50.375965,6.115558,34929.2,1178.9532
50.37168,6.1182027,34935.07,1181.7804
50.367413,6.1192775,34955.336,1181.6396
50.36791,6.1238256,34920.87,1182.029
50.36744,6.1229515,34916.777,1184.1039
50.3638,6.124882,34937.613,1185.3054
50.36026,6.1235,34932.906,1185.2491
50.360664,6.1268373,34912.2,1186.3435
50.35819,6.1253977,34942.883,1187.1925
50.355747,6.1261706,34992.56,1189.4908
50.352955,6.1264167,35005.75,1189.8027
50.350266,6.1352944,34903.816,1189.7957
50.353184,6.1339293,34891.16,1191.2466
50.347023,6.127651,34927.67,1192.2815
50.34629,6.129937,34819.16,1193.6029
50.341537,6.1357613,34882.23,1193.5952
50.342937,6.1359687,34913.324,1194.2902
50.34051,6.132779,34940.258,1195.9409
50.334858,6.1387777,34948.965,1196.6061
50.336163,6.1421366,34976.227,1199.8606
50.333866,6.146171,34928.297,1198.5851
50.329704,6.139442,34935.156,1201.7119
50.327145,6.1403704,34956.207,1200.4058
50.32656,6.140788,34922.625,1202.2637
50.324768,6.1414933,34952.906,1202.538
50.322796,6.145845,34921.883,1203.4401
50.319847,6.1453166,34867.7,1204.6174
50.31946,6.144586,34856.633,1205.995
50.318718,6.145343,34894.355,1205.6171
50.315178,6.1468835,34890.598,1206.9778
50.310833,6.145449,34959.02,1208.523
50.31165,6.1502934,34932.113,1209.4286
50.312065,6.1504235,34974.062,1210.3824
50.305508,6.1519737,34962.336,1211.95
50.30273,6.1548967,34987.824,1212.251
50.302746,6.153643,34934.91,1212.2152
50.30246,6.1522303,34877.195,1216.15
50.300144,6.1554327,34886.32,1214.0316
50.298264,6.157425,34894.07,1216.7579
50.296097,6.157063,34927.383,1217.4867
50.292927,6.16001,34927.992,1218.8263
50.291515,6.1587076,34952.676,1218.923
50.289356,6.157442,34930.13,1220.678
50.284725,6.1640496,34933.13,1221.6896
50.284397,6.167771,34959.21,1221.6758
50.282803,6.1631994,34948.035,1223.5674
50.28027,6.160144,34928.61,1223.3608
50.27465,6.1665635,34915.137,1224.1342
50.27716,6.166217,34914.137,1225.3977
50.27532,6.168611,34947.82,1226.6157
50.269276,6.164436,34935.19,1228.1793
50.26853,6.169373,34915.61,1228.9822
50.266357,6.169298,34955.156,1229.6414
50.264893,6.1695223,34967.72,1230.7764
50.263233,6.17024,34942.46,1231.5256
50.260002,6.172867,34881.348,1232.6384
50.25903,6.1745644,34875.72,1233.556
50.257156,6.1742487,34875.258,1234.3333
50.25472,6.1765985,34908.617,1235.3547
50.25229,6.1787343,34949.26,1236.1232
50.249554,6.178931,34945.824,1237.1704
50.2479,6.18094,34956.402,1238.0325
50.24677,6.178636,34913.324,1239.7157
50.245506,6.181068,34905.715,1240.1061
50.24349,6.182689,34936.83,1241.1611
50.23976,6.181698,34922.613,1242.1736
50.23827,6.183931,34981.17,1242.8364
50.236893,6.1858826,34979.633,1244.3575
50.23568,6.1868825,34968.14,1245.3059
50.23231,6.188345,34975.816,1245.8627
50.23031,6.187632,34951.324,1246.6089
50.22669,6.188336,34951.914,1248.2638
50.226414,6.189291,34957.17,1249.3652
50.22474,6.1884747,34950.895,1249.5299
50.22082,6.19253,34929.176,1250.1453
50.22041,6.1911783,35004.87,1251.4043
50.21759,6.192582,35016.04,1252.716
50.21395,6.1932483,35008.74,1253.1357
50.212708,6.196295,35015.043,1255.3918
50.21238,6.198131,34998.215,1256.4198
50.20761,6.196979,34982.62,1256.7606
50.20675,6.1994357,34993.367,1258.0836
50.207005,6.202119,34981.223,1257.8853
50.204975,6.200544,34972.59,1258.4526
50.20132,6.197196,34990.957,1260.5358
50.196426,6.197502,34956.67,1260.4447
50.19816,6.210791,34952.93,1262.4135
50.197464,6.2039876,35017.117,1263.2323
50.192245,6.204788,35000.793,1264.8586
50.188713,6.2043505,34974.016,1265.3668
50.186913,6.2072325,35026.055,1266.3783
50.18595,6.2088647,34999.625,1266.8959
50.18523,6.210257,34995.438,1268.6858
50.18249,6.2134495,35014.984,1269.2485
50.18311,6.2146955,34961.35,1270.7876
50.18065,6.2166524,35000.42,1271.1034
50.17529,6.2118735,34977.12,1272.5582
50.171635,6.21625,34943.65,1273.4978
50.17399,6.2139335,34956.188,1273.3153
50.173134,6.2156954,34987.957,1275.4369
50.165718,6.2121744,35006.348,1275.929
50.164986,6.2162347,34968.598,1277.0784
50.16377,6.222121,35020.48,1277.0763
50.161938,6.219939,35021.887,1278.7017
50.158,6.2179074,35046.26,1279.1653
50.15623,6.2223372,35027.19,1281.3083
50.154003,6.22536,35022.8,1281.4614
50.15206,6.223708,35014.867,1282.6399
50.150246,6.2234,34965.527,1283.6481
50.14927,6.2267575,35008.812,1285.1006
50.145588,6.230869,34967.746,1286.1494
50.142982,6.231731,35064.098,1286.439
50.143105,6.232173,34974.273,1287.85
50.13732,6.2352,35010.152,1288.7678
50.13725,6.2314773,34988.887,1289.413
50.134724,6.2365365,35006.973,1290.1852
50.13152,6.2395782,35087.836,1291.6465
50.132442,6.2374306,34992.08,1292.1047
50.130577,6.2331214,35012.785,1293.2175
50.12559,6.23755,34975.668,1294.5883
50.123814,6.2409215,35028.566,1295.1348
50.12265,6.240612,35017.242,1296.7394
50.119408,6.239061,35003.785,1297.5327
50.118496,6.2423644,35050.902,1298.2642
50.115562,6.242035,35042.777,1299.411
50.113403,6.2446837,35012.227,1299.9395
50.110157,6.24604,35021.938,1301.5424
50.109325,6.2471204,35027.344,1301.7216
50.106083,6.250062,35000.64,1302.8076
50.105286,6.247722,35027.543,1304.4309
50.10429,6.2466035,35010.945,1305.3138
50.103085,6.248028,35001.957,1306.1346
50.09949,6.2504926,35026.57,1307.0009
50.09691,6.252158,34996.113,1307.4624
50.094013,6.2541914,34948.125,1308.8419
50.09147,6.2535167,34925.22,1310.0477
50.090984,6.2544622,34984.953,1311.1533
50.086075,6.255261,35016.1,1311.5792
50.08591,6.258465,35033.527,1312.8223
50.085526,6.258357,35014.78,1313.5804
50.082592,6.2528877,35051.3,1313.707
50.079216,6.2556896,35008.273,1316.7483
50.077724,6.262851,35006.457,1316.0149
50.07789,6.2602296,35071.07,1317.2766
50.073822,6.2643623,35014.004,1319.7068
50.070454,6.2641315,35011.63,1318.7771
50.069347,6.2632265,34988.055,1321.0109
50.068863,6.265498,34965.82,1321.5378
50.0645,6.2654004,35053.4,1322.0929
50.062344,6.2693963,35042.0,1323.9391
50.06002,6.2716336,35046.27,1323.5743
50.05805,6.2723217,35014.88,1326.1864
50.056225,6.271113,35007.984,1326.2683
50.055214,6.271478,34985.523,1327.252
50.050728,6.272296,35019.82,1328.0656
50.048367,6.271227,35062.39,1329.3297
50.046352,6.2775254,35020.234,1331.0576
50.045242,6.276022,35022.45,1331.079
50.04371,6.278089,35014.64,1331.7849
50.044434,6.2789383,35002.316,1333.6619
50.038624,6.2763715,35048.453,1334.0848
50.034985,6.2805777,35035.27,1335.4414
50.03498,6.2803245,35052.016,1336.1652
50.032063,6.2823915,35043.637,1337.3235
50.028244,6.284781,35057.312,1338.7855
50.02904,6.28636,35055.543,1337.812
50.02617,6.28592,35033.99,1340.4803
50.022892,6.2860594,34962.55,1341.2266
50.02223,6.2873125,34985.34,1340.9863
50.021152,6.289844,35012.523,1342.8418
50.016987,6.2909856,35020.33,1343.5624
50.0165,6.2910194,35027.938,1344.8345
50.01491,6.2905602,35041.363,1344.8907
50.010887,6.2943435,35030.883,1346.957
50.007965,6.300182,35023.824,1347.8228
50.007423,6.297907,35103.98,1348.0494
50.006847,6.2980194,35018.29,1350.0189
50.001698,6.2978425,34998.867,1350.6233
50.002678,6.3003664,35029.28,1351.0848
49.99847,6.3038645,35051.83,1352.8392
49.99589,6.2982945,35051.37,1353.4752
49.99355,6.303293,35024.83,1354.5768
49.992607,6.3045163,35012.586,1354.98
49.98919,6.302878,35058.285,1356.4341
49.98761,6.3055263,35057.895,1357.9104
49.983685,6.307172,35068.05,1358.2855
49.98306,6.309959,35086.395,1359.3917
49.981888,6.3082185,35083.46,1360.4249
49.981373,6.3064046,35068.01,1360.8181
49.97613,6.3082113,35027.88,1362.7386
49.977142,6.3158035,35048.023,1362.1715
49.976894,6.315199,35060.54,1364.5043
49.973083,6.3115783,35087.11,1365.3048
49.966568,6.313684,35079.047,1365.8062
49.96545,6.315623,35078.387,1367.0853
49.96708,6.3180323,35089.71,1368.6085
49.961006,6.317571,35114.113,1368.8992
49.960136,6.319231,35104.66,1369.4067
49.961086,6.3184543,35074.645,1371.5665
49.957817,6.320377,35035.793,1372.3026
49.954254,6.3222294,35077.63,1372.1503
49.954983,6.324264,35081.355,1373.9385
49.950947,6.3221526,35078.52,1374.9016
49.945667,6.323652,35042.16,1375.3203
49.94494,6.333187,35024.504,1377.5173
49.943108,6.3349223,35062.69,1376.6626
49.93939,6.329528,35095.273,1379.3097
49.937664,6.3275967,35048.04,1379.1353
49.935863,6.330709,35041.688,1380.6456
49.934296,6.3327775,35086.285,1381.5609
49.932327,6.33349,35071.848,1382.5787
49.93143,6.3345366,35075.3,1383.3622
49.9286,6.3378634,35045.855,1384.411
49.92571,6.340362,35056.72,1385.3215
49.924442,6.3397236,35074.082,1386.9618
49.91916,6.335756,35089.83,1387.2549
49.91762,6.3410625,35089.31,1388.3628
49.919506,6.342094,35061.457,1388.9441
49.91704,6.3421373,35062.55,1389.5918
49.915,6.343259,35065.5,1390.9557
49.911476,6.347997,35025.793,1392.6143
49.90996,6.348726,35039.492,1392.8965
49.90692,6.3457084,35016.082,1393.4833
49.908646,6.345189,35018.938,1395.0035
49.90428,6.350873,35053.977,1396.1793
49.89967,6.350075,35068.723,1396.841
49.89917,6.350911,35033.312,1397.5822
49.89658,6.350887,35043.0,1399.3344
49.89271,6.3538218,35035.605,1400.1078
49.891075,6.355799,35051.016,1400.399
49.890182,6.3564873,35039.773,1402.1404
49.887634,6.356597,34999.992,1402.4436
49.88467,6.358237,35053.168,1403.3794
49.882736,6.3587213,35057.37,1404.0575
49.883385,6.3607726,35103.234,1405.2876
49.87915,6.3608522,35105.363,1406.1055
49.878677,6.3627863,35056.6,1407.2485
49.87615,6.363732,35053.773,1408.0364
49.87311,6.3669834,35066.156,1408.6775
49.87452,6.368577,35020.95,1410.0803
49.869045,6.367242,35018.383,1411.1996
49.86886,6.369722,35054.266,1412.0859
49.86656,6.3670926,35055.043,1413.0824
49.86535,6.367938,35034.555,1413.7712
49.863667,6.3689904,35044.617,1414.978
49.85944,6.368301,35024.656,1416.6621
49.857235,6.380588,35044.59,1417.3555
49.855576,6.3755617,35064.45,1417.8759
49.855644,6.373476,35027.105,1419.2805
49.852615,6.3724294,35004.26,1420.474
49.849033,6.380446,35071.215,1420.4581
49.84891,6.3843036,35057.84,1421.6017
49.843887,6.3795342,35093.277,1422.647
49.84447,6.3828826,35042.31,1423.5355
49.842575,6.3802676,35049.125,1424.7273
49.8404,6.3836317,35018.324,1425.5422
49.83687,6.3844533,35057.797,1426.4816
49.83523,6.388517,35083.25,1427.9852
49.832424,6.3854284,35088.94,1428.2858
49.83233,6.3907366,35081.023,1429.6678
49.828945,6.390658,35068.92,1431.0562
49.824486,6.395156,35045.55,1431.213
49.826157,6.3917136,35053.99,1432.1027
49.82217,6.3928847,35081.348,1433.9391
49.819637,6.3924513,35036.184,1434.2715
49.820187,6.3953333,35032.49,1434.8604
49.816257,6.3969235,35058.586,1435.9885
49.814396,6.39898,35073.32,1437.3706
49.810043,6.400391,35085.277,1437.6588
49.811295,6.3996687,35069.46,1439.0776
49.81077,6.4062786,35069.75,1440.2319
49.804943,6.403736,35060.54,1440.802
49.804203,6.404491,35033.184,1442.3772
49.801815,6.403932,35036.957,1443.1385
49.799553,6.4044185,35033.56,1444.1484
49.797012,6.405494,35099.125,1444.8619
49.794605,6.4085884,35065.44,1446.2643
49.793396,6.411179,35024.023,1446.4932
49.791424,6.415052,34981.73,1448.3287
49.790638,6.4109287,34953.38,1448.1945
49.787384,6.4129105,35000.77,1449.484
49.785988,6.413424,35058.973,1450.863
49.783314,6.414407,35026.594,1451.8715
49.780704,6.4191065,34987.88,1453.0776
49.77943,6.416192,35015.773,1453.7681
49.77551,6.4169354,35032.508,1454.5132
49.773304,6.4201903,35006.64,1455.3911
49.772125,6.4208684,35025.438,1456.6804
49.770336,6.4221644,35009.523,1457.4517
49.768913,6.4215236,35031.523,1458.3684
49.766792,6.426306,35055.68,1459.085
49.764732,6.4272523,35035.375,1460.4221
49.762012,6.426636,35032.336,1460.8098
49.7589,6.426009,35049.79,1462.4847
49.7564,6.4278703,35038.35,1463.1848
49.7549,6.4349933,35032.848,1463.935
49.755608,6.4331737,34990.17,1464.8217
49.750813,6.4353137,35025.56,1466.2798
49.752308,6.4326234,35040.5,1466.4691
49.74834,6.4370017,35009.875,1468.0459
49.74495,6.4380417,34953.016,1469.3851
49.74491,6.441545,34912.05,1470.4922
49.7428,6.441399,34975.996,1471.1086
49.737602,6.438791,35013.08,1472.1398
49.73633,6.4404626,35052.24,1472.1013
49.734016,6.442376,35028.418,1473.6187
49.731956,6.4454927,35060.6,1474.989
49.73067,6.44537,35052.88,1476.3378
49.728737,6.446527,35033.535,1476.5774
49.72638,6.448943,35038.926,1477.5338
49.725517,6.4486885,35032.637,1479.0406
49.723843,6.447633,35024.594,1479.7836
49.72173,6.451719,34980.08,1480.3667
49.718098,6.4551563,35020.066,1481.4073
49.71832,6.4545875,35019.21,1482.9152
49.717033,6.4538145,34989.15,1483.6097
49.712425,6.4586964,35041.83,1484.0848
49.709465,6.456372,35075.664,1485.5316
49.707996,6.460043,35109.777,1486.8452
49.703514,6.4619136,35083.773,1487.3512
49.703842,6.4609256,35115.996,1487.5283
49.69921,6.4662476,35050.133,1488.8278
49.702267,6.464401,35093.086,1490.6683
49.69853,6.4632206,35015.277,1491.5366
49.69506,6.466483,35092.566,1491.5856
49.697998,6.461934,35023.844,1492.1984
49.690792,6.468631,35010.125,1494.6425
49.690517,6.4717164,35039.637,1494.8866
49.68768,6.471001,35059.74,1495.4055
49.68819,6.467114,35053.715,1498.0459
49.68144,6.471697,35021.99,1497.5906
49.682117,6.4733872,35045.254,1498.7731
49.680527,6.478422,35008.363,1500.3796
49.67618,6.4757414,35037.223,1500.6968
49.676777,6.478054,35087.598,1501.8817
49.669697,6.480912,35100.086,1502.2777
49.669674,6.48089,35080.492,1503.9603
49.667995,6.4817,35049.734,1504.6008
49.667027,6.4862905,35008.58,1505.7491
49.662872,6.4869757,35006.77,1506.9536
49.663124,6.487336,35023.758,1507.5742
49.66021,6.490328,35035.59,1508.1886
49.65674,6.487559,35093.316,1509.4172
49.65583,6.4871836,35043.7,1510.8658
49.65573,6.491541,35023.594,1511.8477
49.652596,6.4932227,35069.984,1512.5741
49.64937,6.4972653,35061.414,1513.6123
49.64842,6.4952207,35062.676,1514.2311
49.646194,6.4976406,35074.594,1515.1757
49.64127,6.500969,35037.95,1515.6836
49.64321,6.5001583,35112.516,1517.9165
49.63967,6.4976606,35078.02,1517.8654
49.63852,6.5002522,35028.87,1519.1243
49.63336,6.503986,35113.543,1519.625
49.635017,6.504497,35096.61,1521.5706
49.633247,6.5043316,35087.453,1521.3918
49.62831,6.5083194,35123.473,1523.2114
49.63042,6.5084763,35105.586,1523.2161
49.626617,6.506565,35032.55,1525.0294
49.625175,6.5040483,35120.285,1526.5093
49.621117,6.50983,35061.12,1526.388
49.620247,6.5092916,35030.977,1528.1599
49.61684,6.5153193,35010.715,1528.6542
49.612885,6.514912,35083.25,1528.7208
49.613857,6.519349,35104.785,1530.5862
49.61456,6.516281,35096.715,1531.4751
49.610535,6.520389,35088.074,1533.0553
49.60735,6.522027,35143.453,1533.7069
49.60627,6.5213714,35053.086,1535.2046
49.60469,6.524802,35133.24,1535.0277
49.601376,6.5265045,35085.055,1536.5189
49.598114,6.5254426,35130.332,1537.131
49.597412,6.525616,35139.496,1538.7201
49.59343,6.5320477,35068.688,1539.533
49.59148,6.5283313,35137.113,1540.0562
49.590927,6.5339704,35129.16,1541.7856
49.588806,6.53236,35142.207,1541.8347
49.58711,6.535407,35118.086,1542.8099
49.584213,6.537513,35146.605,1543.7396
49.582024,6.5378327,35101.6,1545.3743
49.579147,6.538216,35124.137,1545.6226
49.57818,6.539159,35127.81,1546.9974
49.578857,6.541595,35124.766,1547.9143
49.574635,6.5437794,35096.195,1549.144
49.573853,6.5421047,35123.973,1549.9498
49.568977,6.547057,35150.24,1550.5164
49.569626,6.5472918,35144.62,1551.9529
49.565792,6.5480313,35160.33,1552.3834
49.56289,6.5509524,35161.66,1553.5933
49.560707,6.5540853,35130.71,1554.8202
49.55983,6.55508,35196.63,1555.593
49.560513,6.5563545,35162.445,1556.878
49.55543,6.554447,35178.805,1558.0419
49.550117,6.561804,35188.34,1558.488
49.550842,6.557464,35184.805,1559.715
49.551662,6.5632834,35170.027,1560.0768
49.546726,6.5588727,35217.344,1561.826
49.546513,6.5600576,35149.145,1562.5927
49.543846,6.5616026,35165.863,1563.3293
49.541245,6.562206,35140.98,1564.7128
49.538395,6.563044,35158.656,1565.0836
49.537563,6.568487,35211.164,1565.6118
49.535103,6.5648437,35154.016,1566.997
49.532127,6.570172,35189.547,1568.339
49.53185,6.5704308,35128.914,1569.151
49.528687,6.5722256,35116.277,1570.5999
49.52633,6.5744977,35139.688,1570.5746
49.524696,6.5721045,35147.914,1571.7267
49.522484,6.5751295,35138.168,1572.5039
49.522114,6.578899,35135.85,1574.0636
49.519558,6.58043,35122.88,1574.8203
49.51729,6.5783105,35087.605,1576.2567
49.51705,6.580079,35112.457,1576.5564
49.514233,6.580013,35151.152,1577.0763
49.511806,6.5796633,35198.207,1579.5452
49.509724,6.5855365,35189.805,1579.693
49.50665,6.585664,35213.434,1580.9618
49.505524,6.5882964,35200.508,1581.7229
49.501854,6.5894704,35174.594,1582.4149
49.499805,6.5900187,35160.27,1583.3237
49.49895,6.591569,35171.785,1584.7977
49.495495,6.593611,35170.973,1585.8982
49.495148,6.598194,35176.99,1586.2921
49.491913,6.597841,35171.23,1587.224
49.490982,6.598994,35175.707,1588.1226
49.48768,6.6002016,35182.266,1589.9236
49.488167,6.5979633,35183.027,1590.6072
49.48338,6.601682,35144.855,1591.6304
49.483265,6.601805,35214.156,1592.2561
49.480076,6.6024075,35223.438,1593.032
49.477116,6.605217,35184.23,1593.8181
49.47517,6.6073017,35223.95,1594.4838
49.473896,6.6101685,35229.04,1596.0559
49.472412,6.6127977,35199.117,1597.5804
49.47011,6.6132965,35175.47,1597.8596
49.466972,6.616215,35189.324,1598.2417
49.466034,6.6158066,35171.168,1599.7269
49.46573,6.6133327,35172.305,1600.4424
49.461246,6.614473,35164.52,1602.0139
49.456474,6.6113787,35130.1,1602.1292
49.458412,6.6268597,35219.473,1603.8739
49.45671,6.6193233,35197.98,1604.8972
49.453037,6.624161,35210.594,1605.5957
49.451923,6.620187,35183.39,1606.5618
49.449314,6.6243553,35212.152,1607.5807
49.446423,6.624656,35195.273,1608.643
49.446793,6.6274657,35211.664,1609.5284
49.445168,6.6276097,35243.094,1610.428
49.441715,6.628968,35219.7,1611.1382
49.438892,6.630385,35266.074,1612.5896
49.438538,6.632311,35274.85,1613.0369
49.43539,6.6369524,35220.93,1614.1857
49.43399,6.636315,35218.77,1615.0227
49.430405,6.637108,35221.652,1615.9408
49.429237,6.6390667,35210.945,1617.2681
49.427517,6.639105,35204.426,1618.3116
49.42473,6.641103,35259.35,1619.1415
49.42381,6.6406007,35233.777,1620.1327
49.419548,6.64348,35211.414,1620.911
49.419445,6.647795,35196.516,1622.2552
49.416786,6.6446977,35231.117,1623.1888
49.4168,6.645919,35235.188,1623.6414
49.414013,6.647734,35228.016,1625.3002
49.41298,6.6510067,35250.918,1625.7412
49.410557,6.648486,35208.08,1626.4551
49.40898,6.65056,35247.797,1627.801
49.407307,6.655341,35195.688,1628.8162
49.403206,6.653826,35195.64,1629.5449
49.4012,6.6552258,35184.664,1630.3689
49.4005,6.660168,35213.504,1631.9729
49.396793,6.6582546,35245.176,1632.6998
49.394455,6.6604123,35244.14,1633.1964
49.390697,6.6642036,35276.535,1635.7739
49.389866,6.6644073,35275.844,1634.999
49.389736,6.6605453,35331.02,1636.5201
49.385197,6.666993,35271.723,1637.1716
49.385654,6.668003,35305.17,1638.2742
49.384212,6.6694775,35272.277,1639.4119
49.38214,6.668794,35278.562,1640.3212
49.379673,6.6702604,35232.746,1641.4271
49.376236,6.6717877,35241.09,1641.8312
49.37525,6.674796,35183.86,1643.141
49.37294,6.676358,35236.742,1643.9885
49.371315,6.677632,35222.47,1644.7065
49.368813,6.6775074,35221.656,1645.8677
49.366085,6.678121,35260.4,1647.5676
49.364388,6.6804843,35229.188,1648.157
49.363567,6.68235,35237.47,1649.2354
49.36074,6.6859026,35259.977,1649.5645
49.35811,6.6887417,35245.473,1650.4042
49.356155,6.689311,35253.547,1651.3567
49.355682,6.690397,35319.043,1653.3018
49.35088,6.6907053,35246.598,1653.7627
49.348568,6.6892996,35204.887,1654.6251
49.348797,6.695822,35192.04,1655.6951
49.34396,6.692234,35189.51,1656.2828
49.344944,6.6944785,35237.074,1657.8157
49.34,6.694318,35259.06,1658.792
49.338867,6.697594,35271.09,1659.696
49.336994,6.6984987,35287.703,1660.0829
49.33486,6.7020774,35261.145,1661.6166
49.332493,6.7024345,35269.926,1662.4076
49.33175,6.7018,35285.477,1663.9882
49.329613,6.704574,35219.14,1664.3428
49.32782,6.7085032,35249.13,1665.1511
49.32508,6.7075562,35227.496,1666.4027
49.323097,6.708634,35245.8,1667.5242
49.32062,6.7111006,35243.793,1668.2765
49.318207,6.7102947,35261.344,1668.9165
49.31864,6.71192,35247.047,1670.1987
49.3152,6.7161655,35236.48,1671.1226
49.315533,6.7164097,35228.945,1671.7919
49.3113,6.716662,35260.805,1673.3812
49.309177,6.718231,35260.152,1673.595
49.30782,6.7193193,35241.293,1674.7664
49.305206,6.719178,35258.215,1675.7583
49.302254,6.7203393,35224.617,1676.9493
49.30438,6.721309,35216.273,1677.8501
49.299023,6.724331,35263.332,1679.3949
49.296623,6.725927,35217.633,1679.2838
49.294727,6.7235847,35259.11,1680.3574
49.29442,6.72831,35265.746,1681.658
49.29178,6.7309966,35246.848,1683.0941
49.287605,6.7326937,35249.887,1683.5289
49.2885,6.7310147,35192.83,1684.4115
49.287064,6.7329683,35183.344,1685.3787
49.28173,6.732301,35249.133,1685.7917
49.27996,6.734514,35273.53,1687.4241
49.27819,6.7423654,35260.06,1688.8086
49.276333,6.7411156,35277.145,1689.4943
49.27618,6.7378516,35254.38,1690.8851
49.269775,6.738571,35268.785,1691.2748
49.26884,6.7458773,35281.336,1693.1301
49.26811,6.744656,35294.1,1693.5245
49.26829,6.742234,35302.434,1693.5432
49.26618,6.7461295,35275.73,1696.0697
49.2637,6.7506003,35181.75,1694.7659
49.261333,6.7531705,35163.97,1697.4177
49.25879,6.752037,35196.89,1697.0742
49.25671,6.752185,35273.156,1698.966
49.252544,6.7540646,35297.54,1699.4276
49.24817,6.7556486,35269.695,1700.7844
49.248283,6.7627296,35192.008,1702.7653
49.245804,6.7613754,35207.055,1702.349
49.24415,6.7655377,35291.562,1704.6222
49.241844,6.761452,35275.47,1704.3419
49.241913,6.7639747,35243.875,1705.8601
49.236423,6.76601,35229.348,1706.6223
49.23578,6.7649565,35248.74,1707.1534
49.233997,6.7696023,35222.87,1708.7256
49.232952,6.768809,35253.016,1709.7007
49.228573,6.768299,35266.516,1710.6284
49.224876,6.77305,35267.027,1711.5333
49.222965,6.7735267,35291.676,1713.079
49.222332,6.772927,35244.434,1713.6555
49.220917,6.776418,35278.043,1714.1006
49.22038,6.777543,35254.82,1715.475
49.218674,6.7789288,35250.32,1716.0332
49.21359,6.781419,35284.832,1717.7836
49.211147,6.782592,35266.76,1718.3668
49.21156,6.783463,35247.51,1718.5844
49.20724,6.7835298,35285.57,1719.9625
49.206497,6.7859993,35239.773,1720.8469
49.204926,6.7852683,35241.344,1722.161
49.201557,6.7888474,35240.14,1723.3358
49.200253,6.7892375,35237.79,1724.6028
49.197727,6.788931,35240.504,1724.9736
49.196243,6.7915373,35257.62,1725.4692
49.195107,6.793207,35249.797,1726.6797
49.191128,6.7943196,35242.332,1727.5692
49.18949,6.7969413,35235.555,1729.0016
49.186916,6.7957764,35235.52,1729.9939
49.18224,6.797239,35250.39,1731.0499
49.18206,6.800196,35248.484,1731.8282
49.179497,6.802907,35254.652,1732.8286
49.177464,6.802875,35249.17,1733.4937
49.176376,6.806489,35247.723,1734.8242
49.17351,6.8034587,35169.68,1735.9246
49.17161,6.807233,35148.895,1736.5315
49.170124,6.809227,35178.06,1737.6577
49.16881,6.809802,35218.16,1738.8378
49.166218,6.8081083,35277.555,1739.3772
49.164402,6.812597,35277.758,1740.6885
49.16265,6.814714,35272.207,1740.949
49.15952,6.8119597,35249.676,1742.726
49.160686,6.815094,35249.965,1743.9877
49.155117,6.819379,35200.8,1743.7806
49.154305,6.8195395,35196.17,1745.148
49.153545,6.8215528,35214.71,1746.1772
49.148357,6.820627,35209.33,1746.8507
49.14531,6.8255696,35189.12,1748.1918
49.14393,6.831937,35209.773,1748.2812
49.142864,6.823889,35215.05,1751.1791
49.14116,6.8240337,35221.758,1750.554
49.1363,6.8307323,35186.707,1751.705
49.137394,6.8322654,35210.348,1752.5618
49.136166,6.8299856,35189.45,1753.9675
49.131977,6.83189,35132.207,1754.6091
49.13084,6.8354716,35169.05,1755.7906
49.130257,6.8319654,35157.793,1756.4912
49.126625,6.8383474,35221.637,1757.5913
49.123997,6.8374434,35230.74,1758.3999
49.123985,6.837828,35221.6,1759.8578
49.118237,6.8373647,35211.98,1760.6748
49.11879,6.842629,35231.453,1761.8818
49.117744,6.842402,35259.523,1762.4747
49.11432,6.8408184,35246.562,1763.3384
49.11257,6.844788,35207.527,1764.2899
49.10885,6.8452787,35190.62,1765.3934
49.109047,6.8493514,35189.887,1766.3372
49.105698,6.8479757,35221.477,1767.1498
49.10552,6.851792,35218.824,1769.2549
49.100967,6.8526893,35213.96,1769.466
49.098896,6.8541036,35235.656,1770.0647
49.097256,6.854395,35240.805,1771.7844
49.09586,6.854015,35196.137,1773.6261
49.09172,6.855891,35194.13,1773.5134
49.09405,6.8619113,35172.277,1774.3278
49.089924,6.859372,35257.043,1774.5552
49.086937,6.8613014,35206.484,1775.7079
49.084858,6.8630304,35219.617,1776.7521
49.08149,6.863114,35264.94,1778.3785
49.079884,6.868896,35239.99,1779.116
49.07929,6.8703823,35221.754,1780.0074
49.077225,6.8688955,35216.008,1781.8685
49.075703,6.8652496,35226.062,1782.4242
49.070835,6.8718433,35185.344,1782.5929
49.07147,6.874103,35225.51,1783.5583
49.069633,6.8690896,35239.938,1784.8035
49.06414,6.8732047,35217.3,1785.2009
49.06546,6.8760962,35196.8,1786.4949
49.06396,6.877809,35227.918,1787.5022
49.062897,6.878451,35236.715,1788.0596
49.05863,6.8775454,35228.957,1789.3514
49.055058,6.878804,35189.08,1790.5161
49.053986,6.8806677,35159.32,1791.2698
49.051556,6.8841004,35139.94,1792.4948
49.051147,6.8863,35207.676,1794.3778
49.047768,6.884136,35235.6,1793.5458
49.04624,6.88844,35208.406,1794.9559
49.043777,6.8895884,35193.293,1796.1705
49.039703,6.8948994,35177.074,1797.1925
49.040165,6.8920436,35207.664,1797.58
49.03577,6.8954377,35183.29,1799.2617
49.036083,6.894018,35226.37,1800.006
49.03216,6.894331,35209.402,1800.9772
49.03086,6.899313,35217.164,1802.1567
49.028706,6.9020815,35216.45,1803.2258
49.02805,6.900653,35201.816,1803.8837
49.02595,6.901898,35170.145,1804.4612
49.022217,6.900036,35170.508,1805.8542
49.017284,6.908267,35227.49,1806.8936
49.020256,6.9061747,35185.562,1808.0768
49.013264,6.906862,35179.82,1808.5239
49.01576,6.9052143,35182.105,1809.483
49.012386,6.9023943,35150.375,1810.4493
49.00729,6.9104443,35159.613,1811.1256
49.007774,6.9147468,35177.44,1812.7627
49.008728,6.911073,35216.277,1813.343
49.002285,6.910467,35210.227,1815.9766
48.996647,6.9167905,35149.582,1814.7643
49.00276,6.9160943,35144.105,1816.0636
48.994747,6.921836,35127.68,1817.7759
48.991863,6.917956,35187.902,1818.2269
48.99342,6.923798,35189.11,1819.2427
48.988277,6.9220877,35160.125,1820.5902
48.985184,6.925204,35154.223,1821.281
48.98865,6.9262576,35140.996,1820.7181
48.98518,6.9259963,35212.816,1823.198
48.980392,6.924977,35197.21,1824.5868
48.97707,6.9272075,35201.156,1824.8264
48.978477,6.934107,35187.72,1826.5594
48.97596,6.9299726,35178.58,1826.6307
48.974197,6.9389563,35165.094,1827.7178
48.97284,6.9367733,35167.656,1829.0023
48.968468,6.935181,35148.066,1829.8124
48.967052,6.935578,35171.855,1830.7723
48.9641,6.9363356,35149.72,1831.7489
48.95936,6.9404497,35175.8,1832.935
48.959763,6.944266,35160.42,1833.8456
48.958706,6.942949,35168.227,1834.6846
48.9563,6.941923,35149.16,1834.7394
48.953114,6.9455385,35107.668,1836.7794
48.95251,6.9475126,35161.805,1836.6017
48.953907,6.9470553,35114.734,1838.6857
48.948936,6.945814,35118.61,1838.3375
48.946484,6.9493675,35139.094,1840.4901
48.94189,6.9512925,35131.883,1841.511
48.938957,6.9535775,35141.24,1841.6683
48.940098,6.9568677,35151.6,1844.0634
48.937103,6.958623,35142.01,1843.5309
48.936653,6.9593163,35128.31,1845.576
48.93272,6.9588556,35152.766,1845.6072
48.93263,6.9605627,35159.156,1846.4873
48.930428,6.961594,35149.844,1847.5533
48.92792,6.9615674,35126.957,1848.5428
48.92489,6.963071,35071.973,1849.565
48.923214,6.964106,35090.633,1851.4626
48.92056,6.9656854,35123.324,1851.4795
48.91744,6.967975,35121.703,1852.6827
48.916447,6.967855,35157.99,1853.8147
48.914116,6.9726043,35159.387,1855.231
48.914318,6.9710917,35173.24,1855.8665
48.916306,6.969398,35154.332,1855.7516
48.91032,6.9713316,35155.105,1858.423
48.907417,6.9770293,35107.973,1858.2076
48.905006,6.975695,35135.62,1859.846
48.90177,6.9791694,35115.863,1860.7498
48.897984,6.9803033,35129.453,1860.4575
48.89787,6.983446,35069.688,1862.0094
48.89807,6.9786706,35028.69,1863.0822
48.893063,6.9810233,35012.53,1863.8425
48.89149,6.985105,35052.363,1865.7256
48.889572,6.9877214,35064.65,1865.7198
48.88935,6.9922314,35104.754,1867.2568
48.886936,6.98783,35136.54,1867.8556
48.883682,6.991452,35091.777,1869.0647
48.880806,6.9923086,35135.062,1869.7278
48.87905,6.9956684,35119.67,1871.1052
48.874184,7.0002923,35110.906,1872.7069
48.877254,7.0000267,35139.64,1872.0297
48.873524,6.9958444,35104.94,1874.4653
48.869194,6.99829,35037.027,1875.4805
48.868538,7.001364,35082.77,1875.6632
48.87146,7.0007787,35109.85,1876.7161
48.865604,7.00418,35112.273,1878.5267
48.859985,7.003252,35155.137,1878.1757
48.861725,7.0035686,35118.19,1878.3035
48.858727,7.0024543,35101.5,1881.4052
48.85715,7.010657,35071.81,1880.5206
48.856014,7.009766,35107.887,1883.0331
48.853783,7.008906,35100.68,1883.2063
48.85306,7.0108657,35089.3,1883.7749
48.84984,7.0150137,35076.13,1885.1024
48.84917,7.014375,35091.664,1886.1038
48.8461,7.0158215,35040.492,1888.9583
48.841595,7.0194564,35055.273,1887.4796
48.840187,7.017845,35076.258,1889.3203
48.83876,7.0210347,35050.832,1890.4722
48.835537,7.0220814,35043.156,1890.8608
48.83393,7.021404,35042.8,1891.6697
48.832443,7.0246196,35062.312,1892.6017
48.83038,7.025371,35025.375,1894.1119
48.826904,7.026363,35064.086,1895.3317
48.824486,7.0277004,35019.17,1895.9108
48.822075,7.031001,35025.48,1896.8967
48.82009,7.029705,35099.285,1898.0897
48.81988,7.0323834,35045.098,1899.6045
48.815403,7.0346518,35010.293,1899.4546
48.813763,7.0369463,35014.195,1901.6217
48.814865,7.0378623,35044.336,1901.5592
48.81414,7.0336595,35031.367,1901.5844
48.810505,7.034421,35013.47,1904.247
48.80831,7.0424447,35007.18,1904.3856
48.805996,7.0451117,35023.445,1905.8883
48.806175,7.0427356,35008.48,1906.4882
48.802624,7.0424604,34974.66,1907.3646
48.799156,7.0453334,35005.785,1908.5176
48.79518,7.048121,35022.12,1909.1143
48.794525,7.0514727,34984.58,1910.0608
48.79313,7.0524964,35021.734,1911.0812
48.7922,7.049922,34996.312,1912.3136
48.78862,7.0533285,34952.2,1913.8314
48.78463,7.0551085,34957.184,1912.9473
48.785255,7.0581126,34963.65,1915.4673
48.7868,7.0538836,34970.0,1915.4984
48.77771,7.0526648,34955.707,1917.472
48.776344,7.063761,34964.41,1918.9948
48.774975,7.0668488,34973.35,1918.0253
48.772663,7.063387,35006.168,1921.1797
48.771427,7.0639834,34976.688,1920.6018
48.76858,7.064418,34946.684,1921.5227
48.7675,7.0646577,34951.28,1922.3752
48.767582,7.0687723,34943.637,1923.531
48.766434,7.06748,34915.816,1924.2416
48.763058,7.0710487,34933.773,1925.887
48.758312,7.0726614,34996.11,1925.3247
48.75777,7.071373,34939.72,1928.2946
48.754475,7.0705485,34973.066,1927.7933
48.75229,7.07546,34938.113,1928.8416
48.753487,7.076603,34960.43,1929.8073
48.75128,7.075625,34966.46,1931.0428
48.745945,7.080912,35005.74,1932.3552
48.746693,7.0801616,34932.16,1933.2288
48.74443,7.080952,34879.516,1934.1023
48.740143,7.085537,34902.85,1933.6636
48.739616,7.085078,34932.81,1935.6473
48.738525,7.082871,34960.53,1937.5839
48.735107,7.0851264,34936.0,1938.1826
48.732727,7.0898066,34888.594,1938.5924
48.73547,7.090586,34903.88,1939.7922
48.727993,7.0912776,34907.17,1940.6195
48.726616,7.0918484,34879.68,1941.782
48.72716,7.096635,34927.277,1943.2389
48.725044,7.0941944,34881.46,1943.4879
48.723316,7.096225,34876.176,1944.1703
48.718582,7.0968533,34919.734,1945.8307
48.718502,7.0990257,34857.06,1946.4775
48.716415,7.100667,34885.992,1947.522
48.71406,7.099792,34921.527,1948.4564
48.711784,7.10543,34897.234,1949.0326
48.709488,7.1059036,34940.414,1950.5221
48.706852,7.1047215,34883.94,1950.7283
48.70574,7.1072702,34832.445,1952.3113
48.705204,7.1076784,34865.09,1952.928
48.701916,7.1094966,34819.6,1953.5745
48.70153,7.1119375,34789.38,1955.092
48.698856,7.1119184,34797.285,1955.6537
48.695168,7.110371,34789.523,1956.6348
48.693756,7.1143785,34792.52,1958.0083
48.690907,7.113941,34829.42,1958.5651
48.689793,7.1188498,34828.746,1960.1353
48.687286,7.1194,34883.008,1960.9254
48.685135,7.1204457,34846.547,1961.7933
48.683628,7.121116,34852.035,1962.6088
48.67896,7.1230507,34876.305,1963.6643
48.679394,7.1264606,34792.582,1964.6655
48.676704,7.1267176,34777.71,1965.9141
48.67442,7.1240473,34799.223,1966.2952
48.67529,7.126549,34788.766,1967.4141
48.672306,7.12985,34882.23,1969.2319
48.669487,7.1298714,34787.316,1969.4106
48.666557,7.13351,34801.234,1970.041
48.664658,7.132024,34818.348,1972.1516
48.66323,7.1335335,34799.016,1972.0032
48.661343,7.1347322,34798.16,1972.49
48.662918,7.1378613,34789.14,1973.4951
48.65986,7.13799,34783.094,1975.9219
48.654648,7.138213,34806.816,1976.7263
48.6523,7.1422467,34748.68,1977.3287
48.65343,7.1447167,34676.367,1978.2745
48.650906,7.14112,34691.066,1977.9467
48.64644,7.1430945,34750.176,1980.0095
48.64524,7.143626,34742.965,1981.4159
48.642647,7.1493783,34733.39,1981.9667
48.64315,7.148968,34750.1,1982.4392
48.64115,7.1521354,34760.527,1984.0447
48.637215,7.1521907,34768.484,1984.5385
48.63386,7.1519365,34756.67,1985.4304
48.63436,7.156588,34721.99,1986.586
48.63056,7.155889,34768.69,1987.615
48.629738,7.158311,34746.664,1987.876
48.62886,7.156443,34760.6,1990.1869
48.624474,7.1583605,34756.965,1990.5198
48.62731,7.1583805,34766.17,1991.321
48.61572,7.1591125,34790.594,1992.7513
48.623344,7.1638107,34700.41,1992.6239
48.62139,7.1636987,34679.15,1993.9404
48.614365,7.1652374,34728.258,1995.3325
48.615795,7.1689415,34704.367,1996.5265
48.613495,7.165787,34673.09,1995.9056
48.610786,7.1720734,34653.62,1998.3506
48.60506,7.174618,34721.414,1998.8505
48.608902,7.1741223,34687.438,2000.0977
48.601818,7.175478,34673.06,2000.9952
48.600796,7.1749477,34686.79,2002.4991
48.600117,7.181633,34643.105,2002.9479
48.59602,7.17903,34646.99,2003.4897
48.597805,7.177795,34689.82,2005.2849
48.593422,7.180412,34676.816,2004.7345
48.591637,7.183066,34640.117,2007.073
48.58895,7.185496,34666.38,2007.7903
48.587757,7.184836,34612.254,2008.334
48.584705,7.1876307,34654.785,2009.8704
48.58245,7.1889133,34688.6,2010.9653
48.583984,7.1909323,34675.543,2011.0486
48.57704,7.19023,34664.297,2013.0752
48.57547,7.1938443,34642.86,2013.5508
48.576668,7.1951632,34640.695,2013.7252
48.576668,7.193516,34684.918,2015.5094
48.571423,7.196111,34613.1,2016.8143
48.568485,7.197433,34638.92,2017.1444
48.569664,7.1990805,34629.766,2017.6434
48.563423,7.202376,34609.863,2019.4749
48.562798,7.2013154,34587.934,2019.6359
48.560555,7.2042537,34644.05,2021.2037
48.559982,7.204187,34588.9,2023.8813
48.555454,7.2041583,34564.375,2022.3094
48.55793,7.205946,34591.46,2024.0905
48.554188,7.2100244,34563.137,2025.3616
48.549294,7.2138243,34553.53,2026.0808
48.552612,7.208792,34601.477,2026.989
48.54687,7.210717,34564.07,2028.0237
48.54508,7.214467,34546.75,2029.4556
48.543705,7.2149563,34538.438,2029.9093
48.53984,7.2174263,34525.316,2030.6731
48.540886,7.220724,34544.305,2031.159
48.53798,7.2201867,34556.16,2032.2799
48.536076,7.2195325,34545.984,2033.0654
48.531883,7.2239785,34485.305,2034.7229
48.531982,7.2233696,34520.047,2035.49
48.532032,7.223151,34491.96,2036.4447
48.530663,7.225863,34500.84,2037.7719
48.522217,7.229876,34540.086,2039.051
48.52255,7.2324977,34540.293,2039.2389
48.522995,7.234674,34418.348,2040.6532
48.514336,7.234127,34547.46,2041.6991
48.51722,7.2374244,34518.7,2042.7819
48.515762,7.2369976,34438.12,2042.2415
48.51339,7.2374268,34470.902,2043.8022
48.50845,7.238684,34477.414,2044.4783
48.511204,7.2399697,34497.598,2046.7247
48.508465,7.2420015,34473.13,2047.4379
48.504467,7.2445493,34496.535,2047.5098
48.505665,7.2415066,34470.312,2047.7772
48.503727,7.2436175,34409.824,2051.5615
48.50466,7.2461495,34406.027,2050.341
48.500362,7.248717,34421.44,2051.5403
48.496643,7.2493176,34419.363,2054.6023
48.495155,7.252976,34429.598,2053.4792
48.48958,7.250443,34424.16,2054.034
48.490665,7.2526655,34374.97,2055.698
48.487644,7.2583146,34381.246,2055.9822
48.483986,7.25638,34351.234,2057.8176
48.483555,7.2585306,34357.4,2059.0515
48.480385,7.2627087,34409.895,2059.5361
48.479744,7.2644587,34378.594,2059.8337
48.478123,7.2632694,34376.098,2061.2117
48.4732,7.2681694,34399.18,2062.8577
48.470844,7.2676477,34373.438,2063.938
48.470295,7.2709603,34442.36,2065.191
48.46754,7.2690053,34320.715,2065.4563
48.46879,7.269344,34331.77,2066.8386
48.465336,7.27087,34281.105,2067.2085
48.46418,7.271693,34340.176,2068.4421
48.46052,7.275635,34312.08,2069.3286
48.459198,7.2748976,34314.797,2069.3403
48.457745,7.277858,34272.492,2071.351
48.45445,7.282738,34332.223,2071.624
48.45488,7.2807035,34282.69,2073.6028
48.45174,7.2830467,34242.094,2074.1475
48.44793,7.281628,34262.215,2075.1406
48.44432,7.28601,34261.113,2075.408
48.448074,7.2878566,34306.074,2076.9827
48.44315,7.288154,34288.59,2077.347
48.43862,7.288359,34334.75,2079.011
48.442944,7.2915816,34246.88,2079.2493
48.435345,7.2889996,34246.004,2081.067
48.436623,7.293438,34258.973,2082.5103
48.43268,7.2923675,34344.137,2081.9697
48.431026,7.29237,34232.676,2085.416
48.425842,7.3021145,34209.887,2085.0227
48.42621,7.295313,34197.22,2084.2031
48.428684,7.298423,34137.93,2087.2788
48.423935,7.297442,34128.914,2086.1702
48.421177,7.3020115,34217.137,2088.3164
48.419155,7.3038487,34236.117,2089.8347
48.418144,7.306241,34170.363,2090.7258
48.41446,7.311408,34204.27,2091.7686
48.41157,7.3081503,34199.15,2092.8157
48.41015,7.3100615,34233.234,2093.5122
48.40951,7.3138633,34198.047,2094.8564
48.407814,7.3139815,34222.094,2096.1082
48.406017,7.3156147,34187.15,2096.3074
48.40267,7.3141794,34242.777,2097.51
48.4005,7.318159,34198.31,2097.3115
48.400578,7.3205204,34146.938,2098.7307
48.39848,7.31972,34170.062,2099.7644
48.394165,7.3212585,34174.664,2101.6255
48.39333,7.323114,34162.176,2101.7004
48.39134,7.32424,34143.324,2103.8467
48.387928,7.3279047,34172.125,2103.869
48.38636,7.3289194,34160.46,2104.6929
48.38867,7.3293505,34117.934,2105.951
48.38649,7.3303437,34112.434,2107.6975
48.38381,7.3352227,34120.8,2108.3157
48.37771,7.335883,34100.39,2108.9846
48.379776,7.337118,34110.434,2110.0374
48.374252,7.3377175,34111.773,2110.4248
48.37284,7.338479,34135.758,2111.8198
48.372448,7.3389444,34102.285,2112.388
48.36782,7.3426495,34029.797,2113.5427
48.364677,7.346304,34037.895,2113.1648
48.365074,7.3455105,33998.88,2116.2861
48.368168,7.3480215,34094.848,2117.0525
48.355473,7.3470984,34223.703,2117.6436
48.358006,7.3527193,34065.18,2118.864
48.36072,7.354482,33973.383,2119.9097
48.3506,7.352318,34085.992,2120.9053
48.35341,7.3517733,34007.316,2121.0034
48.35093,7.3545923,34076.918,2122.9604
48.348427,7.3564444,34031.617,2123.696
48.350258,7.3564405,33988.293,2124.862
48.341793,7.3579016,34061.08,2124.8425
48.341927,7.360022,34028.63,2126.9863
48.34081,7.3672404,34008.527,2127.304
48.34259,7.366834,33989.48,2128.1936
48.33609,7.3651495,34021.848,2129.6553
48.33384,7.3696604,33992.355,2131.0999
48.33245,7.3685975,33983.312,2131.3438
48.332684,7.373752,33967.395,2132.2385
48.332447,7.375759,33958.984,2133.126
48.32954,7.3721232,33978.332,2132.6814
48.326603,7.371167,33990.246,2134.673
48.324593,7.3756967,33984.945,2136.1504
48.319004,7.37872,33970.465,2137.1277
48.32303,7.378847,33963.457,2138.0442
48.319263,7.383773,33988.527,2138.8633
48.316128,7.380989,33974.105,2139.681
48.312675,7.384255,33956.32,2141.153
48.311527,7.388586,33945.234,2142.6274
48.307358,7.3909373,33987.875,2142.4666
48.306812,7.3899174,33955.184,2144.1567
48.30535,7.389617,33961.6,2145.5107
48.302063,7.392584,33905.027,2146.4097
48.30472,7.3917046,33890.184,2145.9976
48.29699,7.3948994,33888.06,2147.9111
48.29813,7.3973207,33888.73,2148.3674
48.297836,7.3934207,33917.516,2148.4663
48.293633,7.39691,33933.508,2150.7852
48.295216,7.401003,33870.227,2151.3396
48.29129,7.405178,33847.22,2151.4375
48.28998,7.4052916,33844.316,2153.3728
48.287132,7.405644,33871.586,2154.2449
48.282455,7.408091,33909.695,2154.6711
48.284763,7.409826,33844.355,2156.2917
48.279522,7.411254,33835.926,2157.921
48.27576,7.4145203,33894.6,2159.1248
48.276344,7.4192066,33848.984,2159.3728
48.273308,7.4238033,33876.285,2160.9626
48.27245,7.420835,33874.133,2160.5784
48.269806,7.4214773,33811.88,2162.2502
48.26953,7.4211836,33967.15,2163.46
48.26346,7.424346,33879.957,2164.682
48.26276,7.424094,33867.676,2164.9438
48.264412,7.4285903,33850.902,2166.1458
48.257717,7.4276776,33804.387,2166.9802
48.260292,7.42959,33836.098,2167.7703
48.25707,7.428502,33828.54,2168.904
48.255886,7.4288,33857.69,2170.5593
48.252697,7.43414,33818.508,2171.1506
48.25046,7.4347057,33795.598,2171.3594
48.250343,7.438907,33750.53,2172.1892
48.245472,7.4364505,33797.496,2173.8694
48.248337,7.4392557,33772.598,2175.2007
48.241432,7.442239,33808.285,2175.9106
48.239864,7.4426055,33813.484,2177.1519
48.238888,7.4440317,33824.56,2177.3262
48.23396,7.446064,33773.336,2179.1267
48.233963,7.4487844,33785.555,2179.3909
48.23317,7.4465647,33787.37,2180.1409
48.23056,7.4493637,33747.406,2181.9941
48.2277,7.450339,33794.2,2182.577
48.228546,7.452283,33775.79,2183.6572
48.22398,7.45334,33866.3,2184.4587
48.22311,7.4582033,33723.496,2185.5444
48.221394,7.455197,33756.17,2186.5515
48.219322,7.4583,33718.45,2186.9373
48.217113,7.4594073,33756.324,2188.6384
48.2133,7.4614034,33753.09,2189.8657
48.210594,7.4622593,33775.805,2189.4988
48.208317,7.468495,33787.113,2191.305
48.207165,7.466358,33864.387,2191.6956
48.208385,7.467846,33763.09,2194.0989
48.201534,7.470963,33793.535,2193.3625
48.2048,7.4762764,33753.9,2195.048
48.20079,7.476168,33708.8,2195.6992
48.200764,7.4672093,33740.31,2195.7559
48.19563,7.474152,33719.855,2199.1514
48.19466,7.480873,33737.727,2198.31
48.19306,7.479342,33681.6,2200.7424
48.19118,7.479412,33718.883,2201.0947
48.190243,7.48122,33719.97,2201.7356
48.186745,7.482804,33737.145,2202.5457
48.18304,7.4838953,33752.97,2204.7397
48.180153,7.4848166,33742.83,2203.825
48.18311,7.4869223,33761.676,2205.6648
48.178833,7.489634,33749.887,2206.742
48.17747,7.491636,33730.914,2207.3662
48.17126,7.496084,33725.688,2207.4717
48.177242,7.492707,33744.32,2209.809
48.169544,7.497577,33713.777,2211.009
48.162163,7.499674,33728.582,2212.5889
48.165714,7.502152,33759.527,2212.8943
48.165928,7.5033216,33643.773,2213.8381
48.16395,7.5016975,33735.668,2213.5857
48.158936,7.5018606,33718.594,2215.4824
48.158554,7.501018,33721.676,2217.0947
48.155052,7.507598,33729.188,2217.414
48.153065,7.5066795,33722.633,2218.8232
48.153023,7.5093813,33772.68,2218.9094
48.15211,7.510581,33676.83,2220.807
48.150295,7.5100327,33697.246,2221.029
48.14734,7.5132136,33688.73,2222.5754
48.14492,7.5132937,33663.22,2223.192
48.143658,7.515773,33696.13,2224.2239
48.139122,7.5165744,33701.566,2224.543
48.13732,7.520307,33720.875,2226.2048
48.137505,7.5200205,33671.914,2226.7349
48.133934,7.51888,33657.664,2227.2183
48.132824,7.520486,33661.473,2229.1104
48.13287,7.5216236,33669.586,2229.0283
48.127174,7.525996,33690.434,2230.7002
48.12814,7.5257607,33696.723,2231.886
48.125065,7.5296097,33669.48,2232.7046
48.12203,7.5285378,33695.875,2234.047
48.120296,7.5325394,33683.613,2234.5327
48.119286,7.5329022,33658.293,2235.6282
48.117138,7.533153,33656.07,2236.5107
48.114243,7.5345516,33663.797,2237.7202
48.11032,7.535428,33652.676,2238.4329
48.10907,7.536917,33690.996,2239.1692
48.109364,7.5408616,33676.617,2240.577
48.106422,7.541422,33690.645,2241.369
48.102272,7.544485,33685.117,2242.1777
48.099586,7.544755,33633.027,2244.0962
48.099396,7.5498533,33628.188,2243.3604
48.098793,7.542641,33626.117,2246.2617
48.095276,7.5475817,33673.105,2245.7742
48.093365,7.5492916,33586.79,2247.8396
48.09108,7.554382,33620.93,2248.8494
48.08942,7.5512323,33653.754,2249.0984
48.087326,7.5556226,33655.934,2249.674
48.08626,7.5530777,33696.062,2250.4138
48.084316,7.5585327,33667.688,2251.8625
48.07903,7.557976,33696.04,2252.889
48.079594,7.5592585,33704.547,2253.9878
48.07773,7.5617023,33677.496,2254.504
48.076885,7.562963,33731.98,2255.9583
48.073788,7.5633903,33669.44,2257.3625
48.070824,7.5635104,33654.645,2258.3225
48.069176,7.5668755,33669.51,2258.305
48.064144,7.571883,33683.453,2260.4912
48.064247,7.5707154,33648.766,2260.2917
48.061295,7.5700483,33671.87,2261.6084
48.060963,7.573413,33652.742,2262.5054
48.057865,7.5729833,33654.49,2263.2793
48.057037,7.57483,33657.414,2265.416
48.056908,7.577609,33648.12,2265.269
48.054607,7.576614,33652.234,2266.1633
48.051994,7.578121,33645.3,2267.94
48.04871,7.583034,33726.555,2267.3223
48.050373,7.5837626,33701.7,2269.8228
48.04803,7.583506,33677.906,2270.3257
48.042923,7.58264,33655.684,2271.29
48.04097,7.5850024,33674.047,2272.7021
48.04072,7.588422,33673.113,2273.3416
48.037315,7.5883913,33658.176,2274.4731
48.03651,7.58901,33654.7,2275.2878
48.035236,7.5918064,33691.684,2275.714
48.033066,7.5930257,33681.207,2277.1104
48.02836,7.594969,33689.848,2278.1052
48.028835,7.5963225,33680.316,2279.608
48.026657,7.600607,33686.227,2280.1309
48.02128,7.602031,33692.8,2280.7236
48.0237,7.6013412,33682.95,2281.8843
48.01968,7.6035686,33763.883,2283.6511
48.01669,7.601913,33626.434,2284.2327
48.017376,7.6034317,33662.797,2284.7344
48.014286,7.603188,33630.816,2286.2048
48.010414,7.6068115,33652.043,2287.044
48.00859,7.610313,33663.34,2287.7524
48.008614,7.61094,33672.992,2289.1526
48.006012,7.6134286,33641.574,2289.6235
48.00298,7.6127353,33640.566,2290.9512
48.00263,7.6143146,33662.793,2292.0308
48.001488,7.615318,33658.402,2293.1755
47.99894,7.6171527,33675.207,2294.0288
47.996067,7.619497,33734.297,2295.0483
47.99385,7.6187634,33670.77,2296.3562
47.992657,7.6214557,33677.35,2296.549
47.99055,7.6228056,33650.414,2297.194
47.989452,7.6241994,33662.727,2299.205
47.986107,7.625146,33672.88,2299.8962
47.981934,7.625619,33673.73,2300.341
47.982643,7.6273875,33708.88,2301.4692
47.979588,7.6301503,33732.59,2302.599
47.979633,7.6320367,33681.074,2303.2156
47.97159,7.6334124,33669.465,2304.3381
47.97314,7.6349263,33684.67,2306.3115
47.969727,7.635882,33734.676,2306.3408
47.968464,7.638369,33657.113,2307.2236
47.96506,7.634654,33698.18,2309.0024
47.96556,7.6360755,33698.695,2310.1917
47.963623,7.637276,33725.41,2310.0542
47.95994,7.639637,33686.26,2311.6125
47.962303,7.6451383,33753.523,2312.7722
47.956806,7.644976,33725.54,2313.5305
47.955444,7.644665,33714.266,2314.3608
47.953003,7.6468024,33740.92,2315.272
47.950596,7.644649,33689.207,2315.7463
47.94945,7.6483827,33716.074,2317.229
47.946014,7.6501074,33708.14,2318.1375
47.943165,7.651681,33687.906,2319.8613
47.94662,7.650137,33701.223,2319.7659
47.94466,7.6480603,33720.074,2320.3223
47.940483,7.644634,33711.758,2321.4995
47.93606,7.6550574,33767.914,2322.9731
47.93334,7.662252,33721.93,2324.6926
47.935246,7.6592445,33768.58,2324.5217
47.93472,7.6607833,33738.477,2326.1147
47.92821,7.6626544,33756.695,2326.8142
47.92789,7.663353,33772.758,2328.23
47.923523,7.6652007,33755.875,2327.6865
47.924477,7.669876,33792.78,2330.3323
47.92183,7.666944,33750.836,2330.8792
47.920246,7.673337,33735.844,2331.4692
47.91959,7.670373,33758.64,2333.1958
47.915657,7.669396,33769.387,2334.034
47.912834,7.676707,33796.1,2335.1494
47.911396,7.6740327,33759.62,2335.93
47.909073,7.677862,33730.97,2336.9387
47.906002,7.679269,33761.766,2337.965
47.906464,7.6776533,33754.395,2338.6506
47.90456,7.6749735,33818.836,2338.852
47.900024,7.680476,33755.457,2341.0908
47.89583,7.680716,33768.02,2341.5137
47.89999,7.6807003,33789.86,2342.0957
47.894382,7.6834426,33780.797,2342.925
47.892227,7.68209,33795.508,2343.717
47.89084,7.686097,33763.59,2345.4543
47.886234,7.684503,33799.67,2346.1736
47.886555,7.6904306,33775.62,2347.2317
47.884,7.6888638,33800.074,2347.8892
47.883038,7.6937447,33756.895,2349.4756
47.883133,7.69294,33806.977,2350.1328
47.878014,7.692154,33791.098,2351.2024
47.87451,7.6973143,33838.22,2352.7246
47.875175,7.696225,33819.168,2353.1318
47.871468,7.697684,33823.88,2353.8298
47.871246,7.698567,33840.977,2355.7344
47.86898,7.701425,33813.72,2356.3325
47.867195,7.701135,33828.19,2356.6199
47.864513,7.700976,33854.023,2356.914
47.862392,7.704738,33820.36,2359.052
47.859646,7.7040954,33808.074,2360.118
47.858795,7.706086,33812.47,2361.4983
47.855038,7.704644,33782.965,2361.1252
47.851303,7.7072444,33833.766,2362.714
47.852158,7.710318,33875.28,2363.068
47.85096,7.7107496,33869.97,2365.21
47.84502,7.7126555,33850.24,2365.3394
47.84642,7.7137003,33832.48,2367.151
47.847187,7.7121787,33826.695,2366.7625
47.844246,7.707286,33900.074,2366.8142
47.840008,7.7153444,33855.97,2371.2244
47.840008,7.725335,33817.082,2370.2656
47.836937,7.720092,33897.84,2371.1206
47.83654,7.7186403,33849.406,2372.578
47.831516,7.717814,33827.598,2373.3215
47.828213,7.7268114,33884.89,2375.0686
47.824432,7.7230854,33886.023,2376.323
47.823578,7.729003,33848.848,2375.981
47.826317,7.726631,33860.457,2377.8284
47.8232,7.7211213,33855.16,2377.7131
47.81849,7.7277083,33799.312,2380.2297
47.814392,7.734114,33828.277,2378.4417
47.818775,7.730043,33869.54,2382.1055
47.813705,7.7280316,33899.023,2381.8555
47.80877,7.731134,33914.438,2384.0854
47.808105,7.7455735,33908.562,2386.5645
47.804485,7.743276,33902.19,2384.738
47.803642,7.7401834,33945.95,2388.0093
47.80167,7.736448,33888.047,2387.8196
47.798035,7.7385864,33875.45,2388.7852
47.79671,7.740707,33863.05,2389.9746
47.79677,7.7403636,33890.7,2389.5193
47.795135,7.7437716,33892.285,2391.4502
47.792202,7.743499,33905.754,2391.7734
47.792133,7.744618,33856.113,2392.291
47.786293,7.743352,33876.633,2394.8696
47.786213,7.744996,33887.91,2395.4648
47.78139,7.7496643,33885.812,2395.6382
47.785618,7.7463884,33906.203,2397.276
47.780617,7.7512302,33895.25,2397.914
47.7774,7.747957,33863.938,2398.8179
47.776974,7.755091,33879.59,2400.93
47.77127,7.7557735,33882.47,2399.9326
47.768185,7.7564116,33908.887,2402.7725
47.767345,7.7557096,33969.496,2402.6357
47.76746,7.7574177,33961.66,2405.0862
47.762733,7.7554502,33943.74,2404.7583
47.765728,7.7662907,33937.312,2404.2527
47.7651,7.761409,33905.074,2407.155
47.75964,7.7568917,33924.91,2406.839
47.7566,7.761388,33934.973,2408.4626
47.75652,7.7660513,33928.453,2409.6484
47.751835,7.768644,33936.254,2410.8364
47.75015,7.7683344,33927.68,2412.897
47.74839,7.766606,33940.13,2412.6802
47.748478,7.768055,33950.266,2414.003
47.744133,7.7704554,33939.59,2414.3074
47.743076,7.7729325,33951.414,2414.6853
47.741753,7.775718,33935.13,2416.646
47.737904,7.7688947,34006.824,2417.955
47.735733,7.77282,33968.19,2418.6287
47.733955,7.7749205,33972.8,2419.1807
47.73033,7.7821193,33985.01,2420.1743
47.731354,7.7770486,33981.887,2420.306
47.729355,7.779635,33980.88,2421.515
47.726147,7.7814245,33972.02,2424.5889
47.72164,7.7840676,33964.918,2422.8445
47.722416,7.7860746,33938.137,2424.7517
47.721027,7.7841716,33948.734,2425.1216
47.71833,7.7838697,33985.227,2427.3027
47.713863,7.786806,33989.875,2428.148
47.712055,7.784767,33972.53,2428.429
47.71624,7.790031,33952.637,2430.0227
47.710087,7.785047,33999.812,2430.0889
47.7088,7.78404,34006.562,2432.438
47.70708,7.7932606,33988.297,2432.2256
47.70301,7.796737,34045.016,2434.0835
47.70484,7.7975345,34025.445,2432.8276
47.70288,7.7938633,34011.375,2435.1748
47.69842,7.798683,34012.312,2435.7715
47.695232,7.7942004,34022.844,2439.0164
47.69321,7.7982087,34010.863,2436.7974
47.694603,7.79623,34007.47,2441.9985
47.690533,7.8034115,34028.395,2438.8992
47.688953,7.805836,34049.504,2442.4106
47.688564,7.8076725,34027.65,2441.5208
47.683212,7.80519,34014.754,2443.6392
47.68321,7.8064246,34030.516,2444.365
47.678635,7.8069644,34037.848,2444.9434
47.675392,7.815299,34037.87,2447.1016
47.674633,7.8147674,34032.04,2447.706
47.672848,7.8124986,34011.152,2448.4802
47.675648,7.8131094,34008.25,2448.4019
47.665524,7.816426,34019.492,2450.5012
47.665226,7.8166833,34004.8,2450.9414
47.667175,7.81607,34018.613,2452.123
47.665325,7.816017,34006.67,2452.5803
47.662605,7.8204494,34014.47,2455.06
47.658916,7.823681,34018.074,2453.643
47.65721,7.818366,34033.508,2455.8977
47.653107,7.8215275,34002.277,2457.3286
47.649044,7.8257074,33999.543,2458.0437
47.65296,7.8281407,34014.875,2459.1753
47.649796,7.826729,34020.363,2459.788
47.645195,7.8260055,34043.94,2461.0366
47.64726,7.8330145,33984.414,2461.1975
47.64338,7.825732,34060.76,2462.5444
47.63921,7.8350973,34044.145,2464.0916
47.638527,7.8353524,34022.715,2463.7544
47.637028,7.8336577,34043.656,2465.1736
47.63544,7.8338604,34052.727,2467.2124
47.63251,7.833658,34062.863,2466.746
47.62992,7.838285,34038.555,2467.3167
47.62953,7.841547,34030.08,2468.7056
47.626884,7.840544,34040.86,2470.0325
47.623432,7.842765,34005.87,2471.0298
47.624508,7.8421,34045.863,2472.928
47.619,7.843238,34032.363,2473.4124
47.62059,7.84628,34022.69,2473.5334
47.61709,7.847896,34061.594,2475.0466
47.61281,7.848298,34047.113,2476.669
47.612812,7.849087,34015.02,2476.652
47.610695,7.8485837,34082.49,2478.1108
47.607918,7.850352,34039.79,2478.7358
47.60484,7.8542314,34028.26,2479.3594
47.60451,7.8590455,34053.13,2480.9426
47.60306,7.852764,34006.08,2482.505
47.60105,7.857597,33992.004,2483.0486
47.598396,7.8600755,33999.492,2483.9739
47.59477,7.858148,34016.383,2485.1685
47.594498,7.8577604,33989.69,2485.565
47.593075,7.8632636,34027.418,2486.6677
47.59148,7.8639426,34017.375,2487.711
47.590446,7.865191,33986.02,2487.7825
47.586407,7.868046,33976.43,2490.023
47.583897,7.864719,33995.254,2490.6099
47.580757,7.8663564,33991.66,2490.7605
47.582157,7.8669777,33968.973,2492.2053
47.576633,7.8668356,34015.01,2493.2034
47.574657,7.871719,33985.47,2494.9292
47.57633,7.873891,34012.46,2495.3477
47.57175,7.8724227,34003.625,2496.5525
47.572075,7.873534,34003.523,2497.4424
47.567303,7.8746333,34022.586,2497.5203
47.563595,7.875064,34012.426,2499.369
47.562584,7.877219,34000.88,2500.2083
47.559597,7.8847566,33962.934,2501.3093
47.559124,7.882351,33962.895,2501.7578
47.55907,7.8822904,33969.848,2502.9583
47.5572,7.884001,33881.207,2503.8145
47.552288,7.8821387,33949.84,2505.1567
47.548603,7.8860354,33905.074,2505.0862
47.552246,7.8879614,33960.516,2507.6465
47.551476,7.886265,33940.59,2507.2075
47.546585,7.885684,33997.44,2508.8857
47.545586,7.8879905,33978.62,2511.0396
47.541573,7.8913717,33967.746,2508.9443
47.540524,7.892984,33982.555,2512.1191
47.539295,7.891225,33972.637,2512.4155
47.535427,7.8972635,33984.523,2514.4253
47.531742,7.8963313,33981.91,2514.9675
47.533028,7.89679,33998.36,2514.949
47.531742,7.896114,33963.258,2515.5515
47.525074,7.900598,33985.453,2517.2664
47.52374,7.9018106,33967.793,2517.758
47.524254,7.9031367,33950.426,2518.68
47.520164,7.9044747,33937.027,2520.3052
47.515457,7.902216,33950.94,2521.3416
47.51756,7.90647,33934.07,2521.973
47.517025,7.908821,33910.676,2523.3035
47.51118,7.9077845,33948.438,2523.7512
47.510128,7.9104986,33943.07,2525.465
47.50851,7.9105673,33899.484,2525.8938
47.507294,7.910785,33940.707,2527.4817
47.504375,7.9136605,33941.78,2527.7366
47.50267,7.911939,33971.875,2529.4875
47.498405,7.9155197,33975.086,2530.412
47.498135,7.92072,33946.754,2531.4143
47.496655,7.917383,33900.516,2532.1167
47.493927,7.92036,33917.066,2532.901
47.491554,7.919234,33930.902,2533.883
47.489864,7.922669,33885.168,2534.602
47.487804,7.9203362,33960.727,2536.7708
47.48348,7.9246216,33894.066,2536.809
47.485397,7.925908,33908.332,2537.5364
47.485428,7.9278946,33849.477,2537.5962
47.478218,7.923558,33939.76,2538.5535
47.476692,7.9310536,33928.777,2540.6562
47.47623,7.9317856,33893.49,2541.2563
47.472294,7.9330153,33930.984,2542.669
47.472187,7.9326267,33895.82,2543.233
47.46953,7.93479,33884.305,2543.781
47.467808,7.9364147,33894.266,2546.0515
47.464447,7.9351177,33923.406,2545.6748
47.46345,7.936004,33917.914,2546.9941
47.460537,7.9387026,33904.84,2548.8418
47.458866,7.944029,33893.02,2548.7583
47.458797,7.9406676,33876.938,2549.509
47.454266,7.945765,33817.1,2550.4465
47.45389,7.944384,33858.637,2550.9136
47.44915,7.943457,33864.965,2552.5352
47.445408,7.9457765,33918.26,2553.9048
47.44548,7.9505258,33834.52,2555.1667
47.44339,7.9489284,33904.227,2556.1533
47.441113,7.949902,33889.473,2556.923
47.440273,7.9496713,33824.66,2557.6313
47.438118,7.9489803,33851.605,2558.821
47.433643,7.956474,33816.598,2560.3801
47.4338,7.950282,33857.855,2560.3672
47.432713,7.954218,33832.402,2560.615
47.42543,7.9604096,33841.9,2562.467
47.42933,7.960606,33859.883,2562.8647
47.427895,7.9565163,33847.887,2564.7073
47.424137,7.960846,33792.51,2566.0952
47.420155,7.9689565,33815.31,2565.8535
47.420948,7.9623466,33833.13,2566.7566
47.418552,7.9621096,33773.06,2566.745
47.411625,7.965629,33819.164,2569.0686
47.414963,7.968574,33801.918,2570.5054
47.410923,7.9687424,33786.812,2570.3613
47.40905,7.970304,33802.86,2573.2637
47.407276,7.9669333,33805.402,2572.5706
47.404198,7.9709287,33784.695,2573.9683
47.403675,7.971441,33752.805,2574.295
47.400738,7.972864,33775.465,2574.9517
47.400383,7.973412,33788.938,2576.058
47.39701,7.9760847,33806.66,2577.6812
47.39481,7.9760437,33788.87,2578.1628
47.393238,7.976595,33786.223,2578.467
47.389946,7.9761796,33770.637,2579.971
47.39051,7.9774885,33788.973,2581.553
47.384155,7.9814906,33750.43,2581.818
47.383556,7.982553,33720.027,2582.4375
47.385956,7.982331,33731.312,2583.5378
47.380924,7.9852633,33731.203,2585.7163
47.37896,7.9853606,33747.77,2586.3713
47.377068,7.9849634,33765.91,2586.817
47.374226,7.9880934,33721.055,2587.9763
47.370922,7.9913964,33757.633,2588.1946
47.36892,7.9926515,33765.266,2589.7046
47.366737,7.9933567,33730.023,2589.5923
47.363804,7.9913464,33792.875,2591.8542
47.36287,7.9950747,33706.34,2592.2493
47.360012,7.9951806,33739.277,2593.0278
47.358395,7.9951005,33721.477,2594.78
47.354713,7.996876,33732.324,2594.9019
47.354755,7.997915,33725.945,2595.4836
47.35267,8.000908,33728.08,2596.9802
47.350582,8.001205,33703.895,2598.7869
47.34752,8.003647,33658.613,2598.3406
47.34624,8.004916,33653.863,2599.2913
47.343678,8.005147,33711.477,2600.6514
47.34213,8.004216,33723.062,2601.3003
47.340057,8.008025,33664.0,2602.698
47.337704,8.010784,33641.367,2603.7065
47.334106,8.009044,33737.082,2604.73
47.331375,8.009427,33714.92,2605.6401
47.33144,8.011122,33694.645,2606.4841
47.328083,8.013698,33708.457,2607.3997
47.328365,8.015009,33659.844,2607.9287
47.32524,8.016498,33657.758,2609.418
47.322987,8.01712,33673.004,2610.203
47.31955,8.018649,33700.945,2610.8345
47.31631,8.020566,33693.55,2612.2285
47.314987,8.024264,33613.133,2613.9343
47.310123,8.0247,33629.02,2614.3867
47.31156,8.027136,33568.824,2615.3254
47.310112,8.02885,33609.766,2615.4285
47.307297,8.022996,33601.316,2617.2947
47.304756,8.024528,33638.758,2617.9246
47.303658,8.029222,33611.805,2619.3345
47.302494,8.02845,33616.383,2620.169
47.298653,8.028571,33626.535,2621.0857
47.298367,8.02965,33623.836,2621.9805
47.294655,8.035952,33610.344,2623.1814
47.292572,8.035508,33576.105,2623.008
47.291313,8.034928,33592.25,2624.3752
47.287716,8.035638,33577.508,2625.8696
47.28594,8.038354,33588.93,2625.952
47.28583,8.039383,33624.348,2626.503
47.28343,8.040145,33567.48,2628.7463
47.2783,8.046207,33601.8,2629.5745
47.278046,8.041969,33562.77,2631.148
47.27639,8.041699,33528.367,2632.456
47.27389,8.045793,33533.91,2632.4458
47.269527,8.0446205,33578.37,2633.0642
47.269653,8.053988,33530.168,2635.1907
47.267967,8.049283,33536.715,2635.0725
47.265087,8.051791,33573.574,2636.326
47.2627,8.053688,33546.58,2637.4414
47.260117,8.052094,33567.695,2637.87
47.25943,8.051775,33516.355,2639.5178
47.256824,8.053295,33506.504,2640.4246
47.25611,8.056061,33540.746,2641.6565
47.251392,8.058716,33544.086,2642.4722
47.25024,8.062485,33487.617,2643.4688
47.248535,8.060019,33561.734,2643.9185
47.246044,8.061279,33475.55,2644.6445
47.243217,8.061191,33507.37,2645.1516
47.241932,8.0642,33512.074,2646.6748
47.240063,8.062458,33503.96,2647.7402
47.237423,8.065384,33503.617,2648.3147
47.233433,8.069442,33497.074,2649.4238
47.233402,8.066693,33444.84,2650.0583
47.229942,8.071394,33500.637,2651.1462
47.226894,8.069697,33425.914,2652.3718
47.22957,8.0766735,33438.355,2654.1362
47.22525,8.07431,33485.24,2654.5193
47.224304,8.073096,33445.95,2654.645
47.220985,8.074267,33439.9,2656.7393
47.21699,8.075351,33430.043,2657.4019
47.216785,8.079563,33499.613,2657.6868
47.213932,8.077455,33453.223,2659.5298
47.21181,8.081276,33498.793,2659.9348
47.208103,8.079897,33458.75,2661.47
47.208134,8.0814,33434.707,2662.5225
47.2064,8.085363,33440.12,2662.4995
47.20303,8.084581,33406.53,2663.6934
47.203663,8.087759,33322.43,2664.329
47.19697,8.08932,33383.504,2665.5044
47.196205,8.087116,33397.605,2666.2068
47.196537,8.087739,33362.242,2667.6064
47.190166,8.090304,33376.1,2667.4136
47.190887,8.092817,33408.043,2669.9229
47.18802,8.092407,33331.35,2670.457
47.184742,8.093843,33424.133,2672.591
47.183216,8.099462,33338.016,2672.4011
47.181072,8.099306,33358.53,2673.0452
47.179234,8.098232,33412.22,2675.0884
47.177834,8.099056,33319.953,2675.8816
47.175617,8.100506,33281.523,2675.1995
47.17139,8.101855,33401.64,2678.316
47.170895,8.102655,33356.92,2678.9253
47.171154,8.104153,33332.645,2678.0957
47.16813,8.104909,33279.48,2679.8198
47.16546,8.107136,33358.098,2681.2063
47.163605,8.113456,33304.902,2683.1555
47.16122,8.109701,33207.758,2683.2607
47.160175,8.112497,33321.332,2684.548
47.157684,8.108069,33294.0,2684.6877
47.152515,8.1132965,33272.363,2685.7834
47.150875,8.114942,33205.51,2688.2937
47.1496,8.114274,33294.957,2687.1619
47.148872,8.11017,33279.9,2689.0427
47.142143,8.115735,33265.46,2690.6816
47.143867,8.118376,33300.3,2691.1887
47.14344,8.117466,33243.617,2691.5854
47.140263,8.115831,33284.34,2693.027
47.137135,8.120967,33258.387,2694.2266
47.135735,8.120198,33273.61,2693.364
47.13433,8.122968,33291.195,2696.2932
47.13204,8.122069,33263.008,2696.404
47.128513,8.127368,33243.277,2696.885
47.125885,8.125561,33252.51,2698.4365
47.123566,8.128673,33219.67,2699.65
47.123146,8.127819,33199.105,2700.199
47.120583,8.126748,33189.914,2701.9077
47.11462,8.132704,33174.55,2701.1282
47.11534,8.135622,33212.91,2704.0552
47.11396,8.134186,33091.86,2704.0872
47.1132,8.135248,33226.63,2706.1042
47.10882,8.135784,33173.527,2706.7253
47.105442,8.138453,33186.727,2707.8782
47.10825,8.138482,33095.08,2707.3594
47.105824,8.139078,33192.17,2708.5544
47.099697,8.136497,33141.613,2710.3708
47.099434,8.139835,33114.508,2710.3748
47.09797,8.1427965,33095.133,2711.6914
47.09947,8.143856,32984.316,2712.4219
47.092064,8.143266,33153.18,2714.46
47.092865,8.142827,33006.355,2714.3857
47.09144,8.146557,33008.457,2716.3613
47.0851,8.146605,33067.44,2717.1602
47.082836,8.148289,33161.816,2717.6936
47.085243,8.148168,33050.04,2718.2615
47.08116,8.149873,32929.062,2719.615
47.07703,8.154323,32952.92,2720.1343
47.075764,8.152811,33050.734,2721.742
47.074768,8.15546,33040.875,2722.2144
47.070824,8.156695,33009.484,2722.5024
47.069935,8.1549425,33019.14,2724.8862
47.068874,8.159696,33009.098,2725.5383
47.066223,8.15968,32956.684,2726.3826
47.062996,8.161891,32992.914,2728.003
47.0597,8.164407,32899.516,2728.5562
47.056683,8.162608,32946.15,2729.3796
47.05678,8.1629925,32885.27,2730.379
47.054047,8.166422,32846.85,2731.7212
47.05062,8.165786,32840.594,2732.863
47.05228,8.166252,32897.805,2733.2478
47.049183,8.165632,32888.992,2734.2998
47.04791,8.1690855,32859.105,2734.569
47.043324,8.170089,32848.09,2736.864
47.04396,8.171445,32834.664,2736.887
47.042717,8.173562,32755.664,2737.297
47.03687,8.173347,32822.99,2739.532
47.035233,8.176788,32805.82,2738.924
47.033134,8.177235,32772.62,2741.6667
47.031776,8.175642,32781.504,2741.5142
47.0298,8.177863,32738.031,2743.4082
47.02661,8.180217,32749.436,2743.6682
47.027237,8.183624,32769.355,2745.11
47.02616,8.183183,32601.107,2745.4321
47.02195,8.177552,32715.23,2744.706
47.020775,8.18042,32701.584,2748.5107
47.01836,8.1856785,32674.984,2746.8044
47.01744,8.187336,32676.799,2748.1296
47.010876,8.187161,32626.875,2750.5044
47.01319,8.184333,32522.303,2750.969
47.008297,8.188637,32658.55,2752.4177
47.0029,8.185525,32677.627,2753.7244
47.00296,8.201524,32582.973,2755.7378
47.00152,8.198452,32617.309,2754.3137
47.00404,8.1932335,32422.416,2757.4746
46.998333,8.19494,32542.896,2756.5737
46.994144,8.1952,32534.945,2757.0366
46.993065,8.197553,32466.053,2759.0857
46.99288,8.193648,32477.879,2759.3157
46.989647,8.198789,32455.602,2761.2192
46.986015,8.1956,32475.547,2762.4165
46.988213,8.197651,32248.086,2763.3467
46.984512,8.200246,32475.469,2763.2974
46.98415,8.202592,32454.707,2765.0613
46.979122,8.200715,32161.326,2764.6958
46.979794,8.203078,32423.838,2766.7493
46.976685,8.205826,32389.516,2768.1665
46.97061,8.203477,32280.273,2768.7324
46.97416,8.204277,32250.207,2769.611
46.9681,8.209452,32286.994,2770.401
46.968082,8.208263,32216.082,2772.0266
46.96257,8.209492,32267.61,2772.3325
46.963055,8.2099,32234.043,2773.2363
46.962357,8.212558,32086.889,2774.2783
46.958443,8.2129135,32239.941,2776.0005
46.957645,8.215951,32087.488,2776.7551
46.95305,8.214888,32175.69,2778.083
46.953255,8.215946,32019.756,2778.5676
46.951744,8.213447,32151.322,2779.227
46.947483,8.215944,32078.549,2779.7065
46.947666,8.21778,32045.594,2780.3892
46.944386,8.2195425,32050.018,2781.5857
46.942867,8.222232,32048.64,2783.8152
46.94214,8.220927,31838.412,2783.138
46.938198,8.223309,32024.533,2784.899
46.935165,8.225078,31986.525,2785.9492
46.93251,8.224722,31991.592,2787.0127
46.933403,8.227486,31690.154,2787.3435
46.92923,8.2249365,31967.152,2789.6575
46.928867,8.227003,31846.58,2789.6494
46.924786,8.22974,31881.24,2790.1755
46.923977,8.229346,31834.314,2791.488
46.9216,8.227842,31756.455,2792.2986
46.918198,8.230775,31822.076,2794.3708
46.915745,8.235174,31582.48,2795.2468
46.914883,8.234854,31782.064,2795.9495
46.91169,8.235945,31727.553,2796.169
46.91012,8.234815,31732.31,2797.0603
46.91009,8.23318,31536.393,2797.6582
46.90537,8.241021,31737.055,2798.969
46.906246,8.237957,31565.96,2799.5295
46.902485,8.239008,31501.467,2800.3848
46.89892,8.240226,31655.148,2802.0544
46.89869,8.2410145,31472.002,2803.4236
46.897194,8.242903,31616.52,2805.1023
46.89443,8.242243,31433.52,2804.4941
46.889256,8.244672,31428.207,2804.6091
46.89354,8.246825,31409.822,2805.8162
46.887245,8.242805,31450.736,2806.1628
46.885628,8.245624,31392.0,2808.543
46.88583,8.249115,31324.936,2808.8953
46.880013,8.2535515,31448.994,2810.3796
46.88205,8.247341,31230.113,2809.729
46.877132,8.254122,31357.457,2812.4163
46.876583,8.251705,31287.432,2814.0854
46.87304,8.2504835,31193.014,2815.3616
46.86785,8.257116,31262.484,2816.1255
46.87029,8.261411,31123.844,2817.2456
46.86286,8.256224,31209.477,2816.9119
46.868595,8.255696,31106.297,2817.9385
46.85978,8.25863,31169.582,2819.3606
46.86187,8.256954,30975.494,2820.0789
46.856956,8.258149,31077.086,2820.1829
46.85573,8.263244,31018.459,2821.7646
46.856647,8.26146,31017.402,2823.9146
46.849842,8.262391,30983.705,2823.4644
46.851276,8.263565,30791.322,2825.3691
46.84761,8.265886,30877.707,2825.0703
46.846184,8.263492,30831.936,2826.1477
46.84383,8.264226,30882.385,2827.6606
46.842995,8.265901,30819.688,2829.0303
46.838585,8.266244,30823.262,2829.744
46.835075,8.26812,30819.605,2830.0615
46.837906,8.268216,30606.734,2831.47
46.833134,8.27063,30772.598,2831.1516
46.831783,8.269667,30718.639,2833.5906
46.82985,8.270336,30678.518,2833.9185
46.82805,8.274504,30704.072,2835.7615
46.825962,8.2769375,30441.02,2835.9321
46.82581,8.277857,30614.94,2836.9004
46.821896,8.274499,30590.133,2837.4065
46.81846,8.277164,30551.357,2838.3293
46.821095,8.276919,30370.51,2840.7815
46.81683,8.281242,30517.688,2840.973
46.815083,8.2814455,30426.89,2840.9382
46.811024,8.280108,30434.066,2843.3027
46.80718,8.281385,30449.031,2844.2607
46.80733,8.281589,30243.9,2844.371
46.803734,8.283814,30293.953,2846.2795
46.801914,8.284396,30264.246,2846.5544
46.801003,8.286578,30312.803,2847.831
46.79887,8.288035,30247.514,2848.8447
46.7967,8.284701,30045.47,2847.368
46.796047,8.287112,30199.111,2849.424
46.791126,8.288614,30140.086,2851.0535
46.791283,8.288351,30123.678,2852.4673
46.786377,8.289916,30073.621,2852.7449
46.786396,8.291164,30050.477,2853.7446
46.7859,8.290758,29993.77,2855.1062
46.782135,8.289373,29996.543,2856.168
46.779232,8.293021,29861.9,2857.6677
46.777954,8.296982,29959.4,2858.478
46.779236,8.294071,29939.744,2858.952
46.77348,8.295849,29858.203,2860.388
46.772137,8.29858,29843.164,2860.137
46.770977,8.299487,29792.795,2861.3987
46.767303,8.299471,29661.537,2863.105
46.76538,8.296836,29788.748,2863.811
46.762905,8.300191,29718.516,2864.7874
46.76188,8.30191,29687.896,2866.15
46.76077,8.299271,29668.65,2866.5093
46.75735,8.298657,29609.994,2867.925
46.753757,8.304366,29616.93,2868.438
46.752308,8.304882,29450.863,2869.323
46.75013,8.304744,29589.613,2870.949
46.747066,8.3050165,29560.504,2871.3513
46.745358,8.307694,29356.24,2873.1948
46.74247,8.307467,29520.293,2873.535
46.74459,8.306399,29286.838,2874.3396
46.74267,8.31104,29407.32,2874.8696
46.742165,8.3057375,29308.701,2875.287
46.73684,8.308115,29247.01,2876.6243
46.73498,8.30976,29311.883,2877.646
46.734562,8.311315,29190.795,2878.8872
46.731266,8.313458,29203.072,2880.0945
46.727333,8.314032,29241.709,2879.4353
46.73247,8.311529,29174.436,2882.7366
46.727634,8.312658,29142.158,2882.2295
46.723568,8.31674,29047.883,2883.0715
46.721054,8.318214,29173.42,2884.1436
46.719822,8.31985,28874.113,2884.8306
46.717026,8.316125,29046.027,2888.1982
46.71717,8.320126,29014.566,2887.7666
46.713314,8.318159,28901.113,2887.491
46.71155,8.31976,28859.21,2889.217
46.70771,8.319525,28876.955,2890.5864
46.705894,8.320903,28826.486,2890.7397
46.705906,8.319609,28812.328,2892.6917
46.702744,8.325508,28807.77,2893.5566
46.702534,8.328621,28797.225,2893.333
46.701687,8.3243475,28616.715,2893.8005
46.69809,8.323377,28778.15,2895.2341
46.695255,8.329609,28708.201,2897.2295
46.694897,8.328806,28638.219,2897.3303
46.69116,8.331084,28636.32,2898.401
46.687065,8.328501,28586.293,2900.317
46.686176,8.331175,28597.584,2899.7847
46.682186,8.330349,28578.898,2902.1233
46.680637,8.330841,28556.855,2902.6677
46.679783,8.332643,28478.404,2903.715
46.679188,8.331963,28514.352,2904.0137
46.67313,8.334758,28527.102,2905.6104
46.674202,8.329876,28142.898,2907.8743
46.672764,8.337919,28448.938,2907.3975
46.66758,8.3367815,28406.906,2907.9963
46.669365,8.336388,28303.184,2909.0803
46.66585,8.338168,28312.096,2910.2454
46.66449,8.341858,28251.219,2909.8052
46.666996,8.337936,28221.2,2911.4482
46.66138,8.339415,28204.557,2913.5994
46.65671,8.337197,28209.477,2914.0708
46.65499,8.343411,28180.598,2915.5613
46.657047,8.342783,28061.299,2915.3577
46.649754,8.340624,28178.947,2918.4185
46.650394,8.340578,28074.951,2917.8845
46.6495,8.344922,28054.225,2918.1626
46.64715,8.342021,27933.617,2920.1252
46.646175,8.345183,27997.748,2920.3142
46.642235,8.3443,27999.094,2921.6
46.63954,8.348145,27962.521,2923.7166
46.63728,8.346067,27731.994,2924.416
46.63503,8.345348,27948.184,2924.821
46.632484,8.345099,27881.137,2925.3008
46.628372,8.347998,27884.746,2925.802
46.630127,8.347009,27731.922,2927.0625
46.62798,8.345278,27806.992,2926.63
46.625626,8.350227,27776.781,2928.483
46.62695,8.346385,27715.207,2930.8113
46.620186,8.351312,27685.002,2931.937
46.619324,8.355545,27746.545,2931.9858
46.620255,8.354918,27346.943,2933.6406
46.61615,8.354229,27688.42,2933.6128
46.609135,8.352296,27591.852,2935.7585
46.61087,8.354706,27567.848,2935.0044
46.610535,8.358895,27448.768,2936.4922
46.61021,8.350888,27548.48,2936.9492
46.606842,8.352909,27494.195,2939.2698
46.604588,8.357023,27469.46,2939.3542
46.5988,8.359623,27430.014,2940.7905
46.600574,8.357075,27422.555,2941.22
46.596336,8.356414,27468.316,2942.6794
46.595634,8.360622,27229.004,2944.5364
46.591362,8.361161,27428.047,2944.6394
46.592796,8.360314,27350.547,2942.8481
46.590355,8.354299,27188.627,2948.8882
46.588478,8.367814,27275.51,2944.6646
46.588783,8.366527,27253.148,2947.934
46.58629,8.359039,27278.18,2951.332
46.580135,8.365853,27036.973,2949.9958
46.577057,8.362442,27173.37,2950.53
46.579243,8.369699,27085.762,2952.2568
46.57554,8.363271,27122.48,2952.267
46.57217,8.365309,27079.049,2954.2202
46.570766,8.365708,27058.674,2954.6245
46.570415,8.3691025,26985.105,2956.6523
46.56508,8.369274,26971.756,2957.6477
46.563374,8.368248,26972.48,2958.0605
46.561935,8.370608,26980.871,2959.7483
46.561615,8.366667,26986.203,2959.89
46.560738,8.372151,26769.436,2961.96
46.555042,8.371458,26887.156,2962.5122
46.554714,8.372608,26818.195,2963.6277
46.553482,8.374447,26851.27,2964.4417
46.5529,8.366592,26769.896,2964.3835
46.550785,8.374102,26670.17,2966.6042
46.545704,8.373468,26767.357,2966.424
46.545876,8.375165,26689.516,2968.6094
46.544735,8.370669,26668.258,2968.739
46.541874,8.374125,26655.564,2969.5688
46.53983,8.374465,26609.102,2970.7012
46.536568,8.375312,26567.338,2971.6265
46.535503,8.377347,26565.066,2972.3071
46.533417,8.376718,26526.387,2973.568
46.532055,8.375898,26570.951,2974.6816
46.5287,8.376951,26508.838,2975.8474
46.52799,8.381459,26362.217,2977.4329
46.524624,8.376716,26440.303,2978.1943
46.522694,8.379601,26513.654,2978.031
46.522797,8.380108,26438.006,2979.876
46.519554,8.377234,26477.148,2979.777
46.515724,8.37608,26395.666,2980.4043
46.514355,8.384752,26347.482,2983.2036
46.51583,8.3826,26367.525,2983.5127
46.50916,8.378638,26382.527,2984.7327
46.511986,8.3826,25985.975,2985.0503
46.506218,8.381442,26327.736,2987.4158
46.507664,8.390992,26198.086,2988.354
46.50643,8.390341,25926.611,2986.787
46.502487,8.386434,26215.049,2989.5254
46.498432,8.384344,26218.803,2990.854
46.494095,8.388534,25976.406,2991.2512
46.493195,8.3880625,26111.51,2992.748
46.493484,8.3912325,26042.572,2992.5789
46.492783,8.38936,26010.104,2995.118
46.489784,8.386362,25967.03,2993.3462
46.487675,8.389903,25926.48,2997.6104
46.486744,8.39143,25915.316,2995.6086
46.486103,8.391948,25870.48,2998.0583
46.481754,8.391127,25798.951,2998.3928
46.482887,8.388392,25832.826,2999.5225
46.47736,8.387079,25807.193,3001.3853
46.4776,8.389414,25840.242,3000.8513
46.472195,8.392386,25620.719,3002.996
46.474945,8.390023,25842.285,3004.1165
46.46535,8.393434,25632.326,3005.008
46.46809,8.391602,25742.834,3006.0332
46.467415,8.396109,25679.848,3005.7346
46.46706,8.391824,25594.16,3006.862
46.46421,8.394411,25613.385,3007.4902
46.46042,8.396172,25613.775,3009.4592
46.45983,8.395545,25534.09,3010.3972
46.456364,8.394479,25559.115,3011.3948
46.457314,8.392244,25498.047,3011.9482
46.447823,8.396351,25450.059,3013.6848
46.45663,8.401475,25353.877,3014.5862
46.45401,8.395728,25431.26,3014.9595
46.448833,8.395669,25438.9,3015.5996
46.447205,8.3974,25398.268,3017.2212
46.446022,8.401675,25341.145,3018.6855
46.441883,8.401416,25402.52,3017.8765
46.44089,8.399756,25346.166,3019.4636
46.43873,8.405112,25090.367,3021.176
46.437412,8.4029255,25408.805,3023.5872
46.43668,8.405771,24899.133,3024.0095
46.43201,8.401435,25258.62,3024.0857
46.42992,8.406201,25149.87,3024.8628
46.43065,8.4059305,25127.553,3026.8174
46.428635,8.407486,25056.963,3025.936
46.424458,8.40472,25045.273,3027.8796
46.425873,8.406028,25030.45,3028.6777
46.421455,8.406396,25037.35,3029.243
46.41965,8.408273,24982.82,3031.253
46.419525,8.408356,24903.809,3031.5574
46.415222,8.407761,24924.672,3032.9883
46.414352,8.407561,24908.094,3033.6387
46.41285,8.408611,24796.111,3035.883
46.4113,8.404781,24888.635,3035.8425
46.40712,8.410076,24813.402,3036.6104
46.40807,8.409447,24763.88,3037.2102
46.406326,8.411349,24750.252,3037.667
46.4029,8.411853,24681.443,3039.1487
46.40353,8.411817,24707.576,3040.2659
46.40203,8.414816,24673.494,3039.5063
46.398087,8.4119625,24656.342,3042.118
46.396584,8.412628,24523.496,3042.6362
46.39561,8.415608,24564.432,3043.7239
46.39289,8.411299,24588.299,3045.5723
46.38766,8.414897,24520.926,3046.7952
46.392204,8.420464,24427.51,3047.606
46.39106,8.415055,24348.965,3047.54
46.38853,8.410389,24396.953,3047.55
46.384785,8.416688,24327.02,3051.2207
46.38248,8.422829,24297.123,3049.209
46.386227,8.415355,24319.637,3052.9507
46.377785,8.415181,24333.992,3050.5024
46.37802,8.420289,24182.6,3055.0178
46.377617,8.4192295,24244.902,3056.5044
46.37309,8.421809,24211.746,3053.0918
46.370266,8.419888,24206.562,3059.8357
46.3678,8.418665,24221.959,3057.5688
46.37022,8.418008,23858.578,3063.248
46.362446,8.420412,24146.516,3060.3086
46.368587,8.429975,23746.543,3061.397
46.369514,8.422369,23979.6,3060.8923
46.362843,8.407271,24021.555,3057.1
46.361454,8.417276,23972.855,3067.269
46.358185,8.424985,23789.314,3061.9807
46.35868,8.422258,23909.506,3065.4275
46.3555,8.426933,23835.924,3066.838
46.350853,8.423691,23742.22,3066.5452
46.351143,8.424275,23794.85,3068.334
46.352287,8.424708,23699.865,3068.871
46.34529,8.4299965,23698.438,3069.3984
46.34695,8.4281225,23735.127,3071.0203
46.341774,8.427117,23662.77,3073.4705
46.340775,8.429195,23651.059,3072.0894
46.340706,8.428426,23603.584,3073.7744
46.34192,8.43001,23490.156,3074.3381
46.335175,8.426558,23611.166,3076.1418
46.334324,8.431159,23388.488,3076.4033
46.334156,8.431219,23507.441,3078.4465
46.3319,8.429855,23460.787,3078.65
46.331158,8.432606,23413.525,3078.533
46.327877,8.430061,23415.697,3081.613
46.32856,8.436121,23294.248,3081.4622
46.327118,8.4355955,23132.145,3082.5496
46.325245,8.434863,23330.44,3083.7122
46.320633,8.435673,23275.861,3083.6992
46.31901,8.433625,23125.332,3084.8079
46.31849,8.434465,23196.75,3086.8984
46.31558,8.4349575,23142.28,3087.083
46.3171,8.434997,23109.15,3088.2935
46.31379,8.435076,23134.867,3089.7185
46.312534,8.440132,22792.984,3090.0254
46.309612,8.437557,23074.38,3091.7976
46.307613,8.436553,22989.865,3091.2227
46.306866,8.436326,22921.328,3092.984
46.30499,8.439127,22856.139,3093.7732
46.303455,8.437055,22879.934,3094.0496
46.302044,8.439212,22858.299,3095.7703
46.298115,8.439649,22804.625,3097.472
46.29822,8.440683,22785.418,3098.1572
46.29569,8.439808,22762.414,3098.2708
46.29502,8.441571,22688.098,3100.185
46.293365,8.440637,22661.191,3101.1167
46.291706,8.441958,22661.29,3101.037
46.288555,8.437682,22570.646,3102.7053
46.28645,8.440355,22558.107,3103.0198
46.2856,8.443344,22533.871,3104.836
46.28397,8.439494,22596.455,3104.6016
46.283344,8.446021,22219.38,3106.6472
46.28077,8.442473,22552.738,3106.8372
46.277836,8.449126,22435.357,3108.8052
46.276447,8.447428,22393.473,3109.127
46.273838,8.446517,22390.996,3109.1982
46.273903,8.445499,22309.76,3111.0125
46.27165,8.446398,22263.516,3113.8318
46.26953,8.4486685,22238.904,3112.0234
46.26796,8.446804,22269.174,3113.652
46.26901,8.449217,22149.848,3114.4443
46.268906,8.439366,22239.879,3113.411
46.263542,8.447423,22124.586,3118.493
46.26182,8.455054,21988.46,3117.0718
46.260647,8.451445,22219.402,3118.6174
46.25908,8.454479,22102.645,3119.9543
46.255875,8.448289,22078.188,3119.8877
46.254814,8.455141,22000.959,3121.7915
46.252476,8.455556,22042.111,3122.2556
46.249317,8.461108,21869.48,3123.8694
46.251194,8.455595,21914.875,3123.2124
46.24973,8.455173,21906.332,3125.9348
46.24385,8.454451,21946.951,3126.6023
46.243183,8.458528,21587.275,3127.6257
46.24305,8.458893,21861.51,3130.0269
46.24229,8.454345,21767.521,3128.7732
46.24096,8.457282,21727.46,3130.0642
46.23807,8.457186,21676.01,3128.8335
46.237457,8.455501,21686.129,3133.3923
46.237164,8.458223,21658.004,3131.4553
46.23514,8.456475,21574.998,3134.699
46.230663,8.46398,21596.05,3132.7312
46.230125,8.460284,21590.037,3136.181
46.2285,8.463793,21394.777,3137.3745
46.22574,8.460944,21541.38,3137.1409
46.224186,8.465114,21515.486,3140.5747
46.221844,8.464135,21494.264,3139.166
46.220886,8.460251,21474.441,3140.4006
46.219566,8.460474,21440.389,3141.2043
46.216656,8.46258,21383.7,3142.6277
46.216774,8.464235,21325.584,3143.6516
46.217323,8.46483,21251.814,3144.2688
46.214474,8.465091,21318.527,3146.109
46.210384,8.4638815,21260.996,3146.4602
46.209606,8.465685,21263.06,3147.083
46.210674,8.466091,21148.432,3149.015
46.20488,8.467666,21179.133,3148.5615
46.205605,8.466605,21191.508,3150.4065
46.204792,8.470564,20927.004,3151.1855
46.201645,8.468707,21138.195,3152.3596
46.200012,8.468657,21073.39,3153.186
46.198616,8.469656,21010.36,3152.5205
46.19775,8.471309,20967.098,3154.8284
46.195618,8.469746,20932.273,3156.0593
46.193596,8.471424,20908.773,3157.0447
46.192467,8.469102,20910.668,3156.4727
46.191223,8.472502,20813.398,3158.2612
46.18879,8.4712515,20872.623,3159.706
46.185795,8.4703,20837.56,3159.08
46.185642,8.473812,20805.219,3162.7114
46.183533,8.473707,20801.916,3162.0146
46.180454,8.478665,20625.473,3163.7175
46.17897,8.475471,20735.848,3164.0435
46.179256,8.473503,20710.102,3166.7754
46.178352,8.475975,20701.162,3166.121
46.175175,8.476296,20647.668,3166.7825
46.176437,8.47935,20594.387,3167.4397
46.17382,8.475276,20605.87,3168.4158
46.170937,8.471938,20573.25,3169.9124
46.169983,8.483405,20580.355,3170.4734
46.166965,8.485881,20588.23,3173.592
46.16707,8.481317,20523.686,3171.509
46.165,8.477466,20563.018,3174.6023
46.160686,8.481176,20521.64,3175.2876
46.160126,8.484526,20314.537,3177.0293
46.15629,8.484127,20479.805,3177.0437
46.159794,8.488372,20321.48,3178.0156
46.15802,8.483617,20382.723,3180.56
46.15616,8.479798,20347.627,3177.9436
46.152412,8.486552,20286.371,3180.213
46.15238,8.491175,20316.803,3182.3035
46.152145,8.486629,20320.902,3181.767
46.14708,8.480402,20320.885,3184.4392
46.146244,8.491091,20231.896,3184.9956
46.14546,8.494526,20203.188,3186.3433
46.14458,8.490224,20179.988,3185.2734
46.143124,8.494113,20163.166,3188.364
46.141556,8.488939,20153.332,3188.3542
46.139595,8.491154,20143.209,3188.4578
46.137444,8.490615,20085.314,3190.669
46.138596,8.496012,20035.254,3190.5125
46.136227,8.490425,20074.158,3192.48
46.132504,8.489627,20028.508,3192.2004
46.13327,8.491801,20005.904,3193.926
46.13065,8.495882,19997.254,3195.4421
46.128403,8.494317,19915.451,3195.2366
46.126904,8.497742,19778.836,3196.9028
46.127094,8.497862,19958.219,3198.235
46.12335,8.498793,19817.928,3199.0706
46.122585,8.497346,19865.18,3200.034
46.119934,8.498613,19875.307,3200.9885
46.11792,8.498137,19801.363,3202.924
46.118294,8.498754,19658.404,3204.0706
46.115204,8.500404,19750.834,3203.6223
46.1124,8.496759,19736.756,3204.911
46.11189,8.4980545,19670.627,3205.7842
46.112877,8.49924,19682.38,3206.2593
46.10985,8.498636,19675.947,3208.3013
46.106613,8.504184,19552.33,3209.112
46.106655,8.500755,19672.95,3208.9375
46.104206,8.500046,19598.58,3211.6006
46.101288,8.503931,19588.324,3211.8547
46.101883,8.503359,19603.578,3212.591
46.101345,8.504759,19573.395,3214.022
46.097824,8.504535,19519.654,3214.8948
46.09635,8.505855,19427.166,3215.5596
46.09569,8.505988,19482.854,3216.5867
46.09356,8.506064,19487.105,3216.8142
46.09345,8.5065155,19383.537,3217.1418
46.091724,8.5060005,19432.861,3219.9402
46.088764,8.512444,19376.912,3220.093
46.089622,8.510006,19391.625,3220.3823
46.085945,8.509425,19380.404,3222.9246
46.085102,8.511002,19198.73,3223.207
46.083645,8.511497,19348.096,3224.5012
46.082706,8.512784,19308.088,3224.652
46.080692,8.51367,19271.014,3225.7314
46.080887,8.512061,19268.316,3226.6045
46.077988,8.513302,19209.09,3228.5527
46.07421,8.513928,19208.262,3228.8972
46.077377,8.514132,19228.537,3231.0735
46.071552,8.515509,19078.748,3230.1467
46.073666,8.516351,19136.969,3230.6577
46.07107,8.515841,19130.049,3234.0447
46.069046,8.515668,19073.57,3233.2886
46.06806,8.517189,19044.562,3234.6843
46.06408,8.522834,19039.965,3234.5544
46.066772,8.521406,19097.389,3235.0217
46.060593,8.520165,19048.273,3237.98
46.058434,8.519324,19055.69,3237.3591
46.06001,8.524758,18997.195,3240.4475
46.056232,8.522897,18782.385,3240.5518
46.05432,8.525062,19007.578,3240.148
46.053974,8.522264,18893.91,3243.8376
46.0559,8.523262,18944.428,3243.6284
46.050274,8.52497,18887.375,3242.4434
46.049988,8.524985,18815.838,3244.1194
46.048363,8.528682,18860.12,3245.4595
46.048035,8.524957,18859.586,3247.2422
46.043854,8.528264,18823.842,3249.7607
46.043438,8.528524,18854.953,3246.9893
46.046093,8.5287,18815.467,3250.481
46.04035,8.528036,18782.598,3251.2588
46.038548,8.529383,18784.232,3250.5457
46.037853,8.528649,18753.88,3252.3655
46.03717,8.53017,18678.93,3254.8098
46.034103,8.53385,18775.06,3254.521
46.032757,8.5333,18524.994,3251.957
46.03056,8.532905,18743.344,3259.7905
46.02775,8.531985,18671.469,3255.856
46.029682,8.535033,18634.477,3257.2668
46.025806,8.533997,18628.342,3258.1643
46.02601,8.535469,18641.559,3261.5864
46.02526,8.538598,18613.14,3259.9822
46.02281,8.53642,18485.744,3260.8354
46.02242,8.533711,18563.367,3263.7761
46.017822,8.538101,18538.326,3263.193
46.01858,8.542446,18593.125,3263.7996
46.016064,8.5363245,18452.393,3267.5095
46.012524,8.538147,18496.14,3267.0923
46.014812,8.54136,18479.38,3263.6746
46.014503,8.542403,18454.531,3270.6045
46.009926,8.541504,18400.838,3270.2788
46.009907,8.540875,18461.262,3268.8232
46.006878,8.540997,18447.502,3271.525
46.00514,8.542666,18447.812,3271.778
46.00447,8.5439205,18432.178,3273.001
46.004288,8.543982,18445.7,3273.8962
46.001682,8.544717,18276.281,3275.4634
45.99921,8.545284,18447.06,3277.056
45.99966,8.545567,18155.508,3277.441
45.997185,8.545213,18353.197,3277.8555
45.995083,8.546465,18389.084,3278.8677
45.99371,8.548555,18118.883,3280.1716
45.99235,8.549606,18352.117,3279.817
45.992485,8.551182,18223.38,3280.7007
45.98949,8.551208,18287.736,3282.562
45.988964,8.550607,18233.889,3281.7166
45.988575,8.552295,18200.12,3284.1265
45.98506,8.5523615,18156.143,3285.8508
45.983753,8.55523,18145.525,3285.944
45.983185,8.553083,18249.455,3287.5117
45.98153,8.555117,18023.352,3291.7075
45.980038,8.555535,17872.23,3290.0303
45.97702,8.557213,18181.64,3290.8037
45.977882,8.557303,18126.898,3290.2568
45.975826,8.554799,18071.861,3289.892
45.974377,8.552302,18045.059,3293.5352
45.97455,8.5564575,18027.41,3292.0598
45.971874,8.558609,17983.504,3295.8706
45.971043,8.559827,18036.54,3293.3225
45.970234,8.561419,18000.018,3296.4656
45.967888,8.559122,17985.35,3297.548
45.96307,8.55872,18013.799,3298.0032
45.96116,8.566689,17752.02,3303.5205
45.96185,8.567298,17946.29,3299.2734
45.962357,8.563697,17900.504,3302.4412
45.961243,8.563142,17649.412,3303.2942
45.956696,8.562014,17910.766,3303.486
45.95741,8.567377,17816.643,3307.207
45.957836,8.564481,17669.143,3304.1006
45.957687,8.569696,17583.586,3307.829
45.957474,8.556175,17841.988,3305.578
45.95099,8.563845,17679.088,3308.855
45.951275,8.566695,17650.543,3308.727
45.950066,8.572325,17826.047,3311.1467
45.949623,8.568193,17363.7,3312.6665
45.94704,8.568761,17766.852,3309.8882
45.945152,8.570266,17660.135,3314.0422
45.944824,8.571766,17615.18,3313.7202
45.943783,8.573839,17611.047,3314.0835
45.94089,8.57428,17661.75,3313.7915
45.938576,8.574285,17599.09,3318.3423
45.936325,8.575411,17610.525,3316.324
45.936134,8.57505,17452.17,3317.3767
45.93514,8.575522,17556.39,3318.8945
45.934242,8.579429,17542.055,3319.7532
45.93517,8.581233,17506.213,3320.7537
45.93276,8.577445,17496.926,3322.7065
45.92978,8.575688,17499.852,3323.2993
45.927742,8.582129,17408.72,3324.1494
45.927483,8.584445,17399.12,3324.6018
45.92734,8.580017,17405.385,3326.5476
45.924244,8.582106,17369.588,3327.2197
45.922676,8.580589,17349.416,3327.6396
45.92579,8.589068,17284.338,3330.1323
45.922337,8.585002,17284.49,3328.212
45.919426,8.585963,17301.32,3331.8855
45.918797,8.587558,17220.375,3331.6824
45.917248,8.586933,17107.88,3332.5315
45.91747,8.589197,17240.703,3334.3586
45.914192,8.587983,17151.242,3334.5518
45.91284,8.589289,17149.951,3335.8376
45.911583,8.589114,17175.047,3335.8186
45.91169,8.591397,17167.596,3337.3884
45.910995,8.590951,17185.336,3337.3818
45.908627,8.594564,16820.992,3340.5015
45.906998,8.593398,17138.793,3339.6921
45.905743,8.594895,17126.803,3340.1692
45.903923,8.595802,16972.72,3342.3904
45.902172,8.597774,16842.564,3343.9058
45.901707,8.598088,17068.873,3344.2776
45.900665,8.597444,16996.682,3345.0085
45.90021,8.598393,16923.047,3345.2522
45.89781,8.600001,16883.924,3347.304
45.89716,8.602208,16883.75,3347.1975
45.897045,8.599583,16844.666,3348.9636
45.894524,8.601643,16839.084,3349.543
45.89345,8.603109,16812.805,3349.9863
45.89054,8.602147,16763.59,3351.142
45.890213,8.605201,16765.84,3353.0527
45.88698,8.604631,16777.688,3354.272
45.888386,8.606893,16740.055,3353.679
45.885887,8.605576,16713.883,3354.7969
45.884396,8.60817,16737.604,3357.6077
45.88409,8.60717,16678.697,3358.3928
45.882736,8.606256,16628.074,3358.4062
45.88036,8.60695,16675.496,3359.3518
45.878212,8.610644,16602.047,3359.9941
45.87932,8.611069,16589.846,3361.495
45.878864,8.609772,16587.693,3363.3975
45.87486,8.616407,16354.056,3362.3823
45.875244,8.614041,16505.332,3363.2903
45.874985,8.616671,16467.22,3365.3577
45.874268,8.616875,16474.367,3366.356
45.868805,8.614296,16445.217,3367.6682
45.86791,8.618838,16418.94,3369.1414
45.868423,8.622901,16363.918,3369.0242
45.866745,8.619739,16301.673,3368.8845
45.865353,8.618459,16386.533,3373.07
45.86151,8.619782,16175.239,3372.5732
45.864292,8.624222,16358.044,3372.2441
45.86155,8.621586,16259.138,3375.444
45.862286,8.624593,16273.052,3375.7334
45.8601,8.623903,16098.943,3375.7207
45.857807,8.624206,16283.778,3377.324
45.858486,8.623437,16259.225,3377.7322
45.854473,8.624686,15896.812,3379.1414
45.853428,8.626496,16136.712,3381.6218
45.85453,8.628681,16253.074,3381.73
45.85046,8.631134,15676.472,3382.2446
45.85091,8.630035,16196.012,3382.4426
45.849834,8.631012,16118.93,3385.5938
45.848454,8.63333,15923.596,3385.5396
45.846558,8.633478,16086.637,3384.4978
45.84634,8.631006,16121.218,3388.2173
45.843407,8.635347,15945.697,3388.3564
45.843357,8.635566,15802.045,3390.0615
45.843292,8.634754,15978.715,3391.2441
45.839436,8.638188,15602.29,3391.1946
45.840023,8.638777,15937.668,3392.7842
45.839916,8.637184,15851.598,3393.5505
45.837616,8.638403,15677.551,3396.3037
45.834553,8.638516,15822.496,3394.114
45.83408,8.64149,15793.784,3397.126
45.831306,8.642092,15792.09,3397.7288
45.83032,8.643911,15731.652,3398.2832
45.83102,8.643329,15761.674,3398.7202
45.82892,8.648639,15425.465,3400.382
45.826187,8.647672,15724.715,3401.572
45.826775,8.647727,15629.04,3401.9705
45.825844,8.645379,15632.548,3403.2712
45.822926,8.648135,15650.131,3405.0283
45.822163,8.653088,15282.343,3405.954
45.822865,8.6516075,15589.575,3406.9563
45.819695,8.652202,15518.876,3406.6897
45.81955,8.653318,15577.516,3408.8086
45.817417,8.657442,15246.652,3410.707
45.817017,8.656854,15490.753,3411.0476
45.814907,8.655114,15335.311,3413.747
45.813686,8.658213,15268.315,3414.415
45.81296,8.659329,15283.338,3415.119
45.81068,8.662006,15121.949,3415.9688
45.81081,8.659923,15436.093,3415.0996
45.809967,8.660098,15343.091,3416.2761
45.805965,8.666576,15041.487,3418.1567
45.80705,8.663861,15328.757,3417.6936
45.804123,8.663259,15165.817,3419.0793
45.80407,8.664014,15191.245,3420.858
45.80191,8.668906,15114.917,3422.0388
45.801006,8.667042,15131.504,3422.199
45.8,8.66916,15125.37,3421.803
45.799587,8.668278,15151.947,3424.56
45.79835,8.669673,14979.3,3424.499
45.79574,8.6677265,15187.537,3427.9434
45.79365,8.676064,14968.492,3429.4565
45.793728,8.677524,14886.141,3429.2869
45.792976,8.676252,15018.904,3431.79
45.789326,8.676024,14741.573,3431.5227
45.790363,8.679546,15083.985,3432.7932
45.78817,8.678591,14955.897,3433.0696
45.78669,8.680308,14883.454,3433.2876
45.786144,8.681434,14888.392,3433.7546
45.785236,8.682918,14736.235,3435.8079
45.784225,8.684632,14833.306,3436.6162
45.78274,8.686761,14650.89,3437.3882
45.781578,8.685451,14737.878,3439.1396
45.77954,8.686424,14767.451,3439.5054
45.779354,8.686212,14751.175,3441.7542
45.776737,8.691025,14370.211,3441.4465
45.77702,8.691515,14712.753,3441.7742
45.775223,8.689678,14634.86,3444.3616
45.773407,8.694186,14558.954,3445.2917
45.772682,8.693065,14523.377,3444.187
45.772366,8.6943245,14540.081,3446.6807
45.76961,8.69727,14505.048,3447.7327
45.768143,8.696457,14631.876,3448.465
45.76754,8.701004,14234.07,3449.21
45.767048,8.699451,14436.314,3451.5552
45.764618,8.698886,14300.433,3453.282
45.763714,8.700811,14409.001,3452.729
45.762978,8.705054,14358.108,3453.1582
45.762142,8.705209,14257.0205,3453.9539
45.76115,8.704385,14332.648,3456.487
45.759354,8.703642,14318.131,3455.5356
45.757805,8.7085285,14266.457,3457.0088
45.75772,8.707434,14245.879,3459.1409
45.75706,8.710801,14258.458,3458.5173
45.754303,8.7098255,14246.398,3461.6777
45.752724,8.714937,14040.333,3460.474
45.753014,8.712335,14184.606,3462.0352
45.75161,8.714672,14131.365,3464.36
45.748722,8.71588,14055.1045,3464.832
45.74761,8.718711,14078.414,3466.4358
45.747334,8.71834,14055.382,3466.2297
45.74568,8.718899,14029.797,3467.2131
45.744873,8.721759,14004.31,3468.4387
45.744328,8.721124,13958.301,3470.1306
45.743164,8.723412,13916.642,3470.371
45.741665,8.724454,13941.558,3471.342
45.74021,8.725245,13919.644,3471.7983
45.738186,8.725924,13905.706,3473.8218
45.737877,8.728434,13663.229,3474.4534
45.73701,8.728561,13868.404,3475.4766
45.735844,8.728872,13830.24,3476.7937
45.73352,8.730431,13816.326,3476.7034
45.732452,8.731094,13793.46,3479.4077
45.73308,8.732858,13726.746,3479.466
45.730682,8.734989,13717.359,3480.487
45.730503,8.734601,13668.017,3481.8025
45.72875,8.737636,13665.868,3482.1584
45.72634,8.739178,13427.147,3484.6013
45.726074,8.738559,13635.608,3484.5544
45.724167,8.740239,13631.786,3485.2034
45.723118,8.739913,13313.815,3487.3423
45.722183,8.742745,13568.778,3487.0493
45.721138,8.744369,13523.195,3488.0312
45.720947,8.743774,13594.595,3489.8362
45.718254,8.748671,13031.127,3490.017
45.717304,8.745554,13450.847,3492.063
45.71837,8.749557,13485.738,3489.6165
45.717834,8.747097,13401.644,3494.6655
45.713383,8.750318,13334.033,3493.2476
45.71251,8.750712,13247.243,3494.6975
45.714188,8.7556,13205.761,3495.2368
45.712852,8.749053,13225.487,3492.9722
45.71049,8.750549,13211.312,3500.2861
45.70818,8.754932,13197.808,3494.4905
45.708572,8.759396,13116.98,3501.158
45.707664,8.758483,13147.602,3500.4963
45.705486,8.7600975,13105.531,3500.8782
45.70373,8.760511,13126.021,3501.6462
45.70283,8.76408,13134.457,3505.1152
45.70135,8.764501,13079.771,3504.916
45.7007,8.764903,13079.031,3504.7642
45.69955,8.767337,12835.35,3507.2986
45.698547,8.768463,13034.751,3507.625
45.69833,8.767892,12969.323,3507.7698
45.697727,8.7684145,12978.888,3509.2544
45.693478,8.769702,12756.551,3510.0168
45.693665,8.769883,12536.778,3511.2612
45.69345,8.7706785,12922.514,3512.1028
45.6926,8.772171,12808.172,3513.0166
45.69182,8.7746315,12763.643,3513.8257
45.69017,8.775117,12699.694,3515.2375
45.68865,8.776941,12659.702,3515.5234
45.687756,8.779763,12443.434,3516.6272
45.68711,8.780126,12723.534,3518.904
45.686386,8.779787,12606.646,3518.0774
45.68415,8.781143,12561.123,3518.9668
45.682983,8.782671,12481.669,3519.7551
45.68186,8.784138,12497.739,3521.2197
45.68086,8.784019,12415.563,3522.5454
45.680992,8.785976,12600.946,3524.1506
45.676308,8.789031,11770.59,3525.031
45.678898,8.789099,12544.701,3525.1318
45.67584,8.788356,12305.87,3526.3508
45.67491,8.790258,12390.543,3526.7964
45.675053,8.792318,12436.743,3528.8281
45.671032,8.793773,11630.774,3529.6433
45.673916,8.792477,12443.986,3529.8206
45.671223,8.7931385,12222.626,3531.775
45.66942,8.793812,12257.277,3531.7551
45.667583,8.797095,11772.117,3534.255
45.66771,8.799544,12171.55,3534.4163
45.668224,8.797523,12048.138,3533.7722
45.6654,8.797635,12004.154,3534.8235
45.66412,8.800105,11965.827,3536.3447
45.663105,8.801912,12006.696,3536.8787
45.662155,8.802759,11842.85,3538.2507
45.660698,8.804339,11969.889,3538.2363
45.65982,8.805794,11894.295,3540.5352
45.659775,8.805093,11849.556,3540.8848
45.658333,8.805994,11816.086,3541.809
45.655308,8.808494,11708.536,3543.3005
45.6568,8.80862,11817.602,3544.0337
45.6535,8.811978,11707.117,3543.643
45.65288,8.811987,11707.594,3545.518
45.65221,8.813735,11621.093,3545.9724
45.651875,8.812353,11600.99,3548.634
45.649086,8.814369,11657.474,3547.7615
45.64676,8.816754,11554.1455,3551.115
45.648064,8.817649,11616.328,3551.732
45.647354,8.820088,11660.028,3550.5405
45.64297,8.817166,11195.072,3556.1511
45.643574,8.817638,11633.664,3553.2136
45.642525,8.818467,11526.056,3554.202
45.63824,8.8229475,11311.711,3555.7927
45.643116,8.824212,11459.854,3556.388
45.639736,8.824128,11171.513,3556.7505
45.638786,8.821375,11441.083,3557.8542
45.638073,8.824693,11230.26,3561.5374
45.63718,8.826215,11446.348,3559.3037
45.634644,8.828725,10775.831,3562.06
45.63364,8.828255,11354.036,3563.4177
45.631435,8.829882,11307.029,3563.3167
45.63079,8.830706,11142.912,3564.5525
45.629597,8.831075,11132.965,3565.1345
45.628475,8.832389,11075.402,3566.8416
45.62746,8.834708,11165.201,3567.4717
45.62623,8.833874,11061.2295,3567.6204
45.6249,8.836889,11083.62,3570.6233
45.622356,8.838197,10992.686,3570.9673
45.625645,8.83875,11158.574,3572.1191
45.619576,8.840724,10796.581,3573.9277
45.618355,8.843377,10787.533,3575.416
45.62152,8.842215,11131.764,3573.5662
45.61665,8.842016,10775.652,3574.6836
45.61772,8.842353,10914.002,3576.561
45.61708,8.842642,10907.361,3576.5396
45.61547,8.844287,10745.613,3578.393
45.614697,8.844927,10802.816,3579.5515
45.611725,8.847332,10487.216,3581.647
45.61358,8.846241,10809.812,3581.5923
45.61133,8.847246,10676.874,3581.8823
45.610107,8.8495865,10772.759,3584.0278
45.60723,8.849631,10295.89,3584.6619
45.607876,8.850185,10606.018,3584.2656
45.606895,8.851238,10685.492,3586.1438
45.603157,8.853876,10494.085,3585.4487
45.604603,8.85295,10496.081,3587.8174
45.60594,8.853918,10619.612,3587.306
45.60121,8.853379,10454.998,3589.1292
45.597755,8.855409,10046.771,3592.336
45.601288,8.855376,10580.889,3590.8596
45.59865,8.855803,10326.874,3592.0532
45.597065,8.858593,10301.379,3592.6104
45.59478,8.859912,10261.194,3593.483
45.596596,8.86056,10418.373,3593.787
45.593594,8.862144,10065.808,3596.2217
45.593388,8.861165,10400.081,3595.7231
45.590252,8.861721,10113.719,3597.823
45.58995,8.864798,10122.5205,3599.4292
45.58981,8.863783,10118.685,3599.3416
45.587944,8.864904,10141.082,3601.3013
45.585888,8.865496,9990.57,3602.7866
45.586834,8.865669,10315.985,3603.5508
45.58235,8.866548,9725.325,3605.961
45.58077,8.865393,9686.325,3606.9575
45.582207,8.868174,10047.266,3606.6802
45.580593,8.8706665,9980.221,3607.322
45.580914,8.869642,9969.112,3607.9905
45.578724,8.86885,9797.976,3610.151
45.57674,8.870534,9860.642,3609.1946
45.577007,8.870482,9822.0205,3610.0686
45.57644,8.872965,9814.934,3611.7126
45.573563,8.871479,9795.948,3610.04
45.574375,8.872871,9717.457,3615.5854
45.573776,8.874362,9701.425,3614.1658
45.570892,8.876806,9656.903,3615.995
45.570274,8.878146,9768.07,3612.1694
45.57049,8.877178,9605.057,3617.7012
45.567825,8.875381,9860.896,3616.6667
45.561623,8.874703,9599.499,3619.868
45.5632,8.890106,9660.557,3625.895
45.564537,8.886039,9525.427,3617.212
45.561558,8.879534,9437.883,3627.4836
45.559326,8.878763,9518.308,3622.0698
45.55943,8.880541,9476.069,3622.8396
45.559124,8.88222,9468.683,3624.471
45.55759,8.881997,9333.121,3625.588
45.558697,8.882173,9511.003,3625.6846
45.55535,8.882397,9203.937,3627.7256
45.55446,8.882355,9372.252,3628.969
45.553658,8.883321,9417.778,3626.6562
45.550644,8.882876,9215.407,3631.1829
45.551826,8.883056,9330.432,3633.3481
45.550423,8.885562,9353.421,3630.9407
45.54857,8.886678,9103.167,3632.7866
45.549698,8.887683,9227.316,3632.6562
45.546402,8.886644,9103.537,3633.4104
45.546158,8.886589,9184.386,3637.1155
45.543804,8.887065,8994.1,3635.394
45.543503,8.889192,9110.76,3638.0022
45.542957,8.889618,9187.929,3638.4543
45.540665,8.889755,9077.841,3640.043
45.539658,8.889491,9057.876,3639.4814
45.53833,8.891713,9035.334,3642.1614
45.537586,8.89105,8976.348,3642.6357
45.535725,8.8920355,9017.738,3643.392
45.53075,8.892442,8580.538,3647.3855
45.534966,8.892782,9083.746,3645.6218
45.53197,8.89369,8805.967,3646.9285
45.532093,8.894485,8881.926,3646.8816
45.529007,8.895626,8765.562,3648.7524
45.52708,8.895427,8704.379,3649.3257
45.52925,8.897336,9012.962,3647.8018
45.52479,8.897693,8607.29,3650.4976
45.525303,8.897624,8736.614,3651.4966
45.52328,8.897221,8701.062,3652.0068
45.520996,8.899231,8589.185,3653.2095
45.52361,8.898723,8946.698,3651.2146
45.519955,8.900315,8660.352,3656.2512
45.51729,8.900645,8467.614,3657.1787
45.518806,8.900785,8633.806,3658.0867
45.51761,8.900407,8720.803,3657.6406
45.516235,8.902611,8569.858,3658.9485
45.513775,8.902526,8554.434,3660.3777
45.514305,8.900823,8608.407,3661.9353
45.512142,8.902549,8439.007,3663.133
45.510807,8.903075,8589.227,3663.5403
45.509243,8.903888,8426.856,3664.9104
45.508095,8.904603,8465.412,3665.0022
45.50824,8.902857,8599.291,3666.7852
45.50601,8.906538,8505.364,3666.661
45.50496,8.905752,8485.038,3668.996
45.503708,8.906032,8430.344,3669.1978
45.5014,8.906115,8269.008,3671.512
45.50173,8.907097,8397.581,3670.3972
45.500202,8.906944,8470.08,3670.5337
45.49808,8.9085,8219.696,3673.8381
45.49749,8.909701,8195.197,3672.5435
45.49847,8.907785,8439.751,3674.6555
45.495674,8.909144,8180.91,3675.4116
45.49413,8.910005,8264.834,3674.6736
45.49181,8.911303,8069.469,3679.2876
45.492886,8.909678,8204.5205,3677.4043
45.49096,8.9097595,8151.9385,3679.9224
45.490395,8.908287,7933.9565,3681.115
45.488186,8.908722,8144.627,3682.0767
45.488155,8.910702,8176.7573,3681.376
45.484768,8.912263,8046.3745,3683.8027
45.48589,8.911845,8069.6377,3684.6904
45.483395,8.912634,8077.453,3684.092
45.483673,8.912835,8072.362,3687.8079
45.479973,8.912276,7918.164,3687.6548
45.480396,8.914795,7984.2075,3688.4783
45.479336,8.915287,8029.386,3689.3154
45.47733,8.915332,7996.228,3689.888
45.475674,8.914277,7951.3154,3690.7524
45.474636,8.914995,7919.5513,3691.9534
45.47374,8.915001,7781.1675,3693.3005
45.47415,8.91447,8110.427,3690.6875
45.470066,8.917207,7751.0635,3696.55
45.4699,8.91706,7807.14,3696.3706
45.469868,8.916617,7819.492,3697.6165
45.467934,8.916135,7829.144,3697.2725
45.467117,8.917756,7870.1284,3698.9695
45.46484,8.916472,7702.47,3701.1187
45.464546,8.916777,7787.789,3701.8281
45.46264,8.917295,7695.0815,3702.9575
45.462826,8.918697,7660.647,3703.55
45.460907,8.918645,7666.382,3703.9321
45.45826,8.918196,7606.9785,3706.1973
45.45884,8.919136,7688.2817,3706.6143
45.45762,8.920699,7740.0767,3705.5452
45.456818,8.920851,7669.8604,3708.1592
45.45436,8.919594,7558.6133,3709.676
45.454365,8.919974,7662.235,3708.9648
45.452404,8.918804,7639.2134,3710.2322
45.447098,8.921719,7073.575,3715.1594
45.451904,8.919559,7752.999,3708.9573
45.448112,8.921928,7372.4214,3714.9773
45.447678,8.920588,7401.0537,3714.7747
45.446274,8.921818,7464.7046,3715.4246
45.44481,8.922792,7461.3076,3717.2307
45.442715,8.923046,7265.1597,3719.981
45.442688,8.922659,7469.8613,3718.3906
45.44194,8.92234,7424.703,3719.8518
45.439083,8.922565,7264.485,3720.9705
45.44087,8.921967,7432.0737,3719.5312
45.43686,8.923851,7194.158,3722.5005
45.436764,8.923524,7276.6855,3723.4297
45.4362,8.923647,7342.293,3723.4849
45.433594,8.924518,7231.7495,3725.5967
45.432606,8.924443,7299.6597,3726.8506
45.429558,8.924235,7127.0083,3725.815
45.433907,8.922596,7447.1846,3723.8025
45.429398,8.924141,7098.029,3730.0098
45.42811,8.924391,7106.6074,3729.5254
45.4278,8.92555,7099.617,3730.2566
45.425247,8.9258375,7063.283,3730.339
45.425983,8.9237,7107.7427,3733.7734
45.42295,8.923535,7147.867,3732.244
45.4219,8.924463,7081.1226,3735.1401
45.420555,8.92801,7039.547,3737.267
45.418602,8.926555,7029.238,3735.5151
45.418747,8.92442,7069.4434,3738.2644
45.414665,8.925236,6961.033,3742.8362
45.41637,8.925163,6999.3457,3740.3684
45.414284,8.927083,6947.942,3740.951
45.414833,8.928297,6910.5806,3740.004
45.416267,8.926311,6881.652,3741.7014
45.41125,8.92065,6878.346,3741.3147
45.411312,8.924032,6891.2114,3745.6895
45.408287,8.92879,6798.2446,3744.27
45.410255,8.927112,6963.568,3746.566
45.4072,8.927197,6907.4526,3748.0833
45.405403,8.927717,6797.765,3748.9563
45.40506,8.927686,7016.711,3748.227
45.40258,8.927776,6813.029,3751.7615
45.40206,8.928045,6945.817,3751.4902
45.398266,8.928886,6583.398,3755.019
45.399006,8.928923,6744.3574,3755.6497
45.399513,8.92786,6925.1836,3752.3953
45.397865,8.928418,6774.551,3754.907
45.39558,8.928972,6666.381,3757.5908
45.395645,8.929989,6647.4175,3758.703
45.39462,8.929307,6784.1665,3757.7278
45.39125,8.92946,6384.2207,3761.6477
45.392174,8.92953,6768.348,3760.7502
45.38994,8.929823,6667.746,3760.464
45.388855,8.9304695,6580.507,3763.2166
45.388504,8.930077,6723.904,3763.968
45.38538,8.930555,6585.223,3764.116
45.38734,8.930948,6605.368,3763.9878
45.386147,8.930665,6707.492,3765.274
45.38337,8.930832,6531.9014,3766.894
45.38285,8.931655,6583.179,3768.5837
45.38148,8.931535,6531.968,3769.0461
45.3805,8.931782,6495.49,3771.064
45.378666,8.931593,6483.599,3772.6436
45.378723,8.931742,6566.5757,3771.8474
45.375946,8.932279,6422.279,3773.4097
45.37739,8.9312105,6541.7188,3774.313
45.37458,8.9325285,6393.9077,3776.0723
45.37393,8.932966,6463.2007,3775.2883
45.372353,8.93198,6447.494,3778.1765
45.37081,8.933276,6366.74,3779.1252
45.369873,8.933284,6408.4424,3778.5999
45.370033,8.933061,6567.301,3778.5903
45.368095,8.9336405,6406.413,3781.077
45.36569,8.9344845,6319.5083,3782.517
45.365665,8.933723,6363.137,3783.9697
45.36575,8.932748,6452.069,3782.725
45.36333,8.934072,6318.406,3785.3528
45.362835,8.933782,6351.677,3785.0242
45.362118,8.933096,6270.429,3787.4492
45.359386,8.935204,6140.4346,3787.5173
45.361374,8.93469,6499.884,3785.4968
45.358135,8.935145,6139.897,3789.9565
45.35786,8.933918,6197.399,3790.2146
45.355915,8.933818,6144.1187,3792.0693
45.35618,8.934472,6395.042,3789.5095
45.35355,8.936039,6154.9385,3795.0051
45.35323,8.9345875,6193.796,3794.618
45.352276,8.935076,6102.2656,3797.6272
45.351288,8.935851,6162.4126,3796.0315
45.348087,8.93647,6056.0938,3799.036
45.349323,8.9372425,6261.53,3798.1975
45.34895,8.936579,6163.5483,3796.35
45.346714,8.93493,6043.956,3801.0298
45.34633,8.934863,6131.566,3802.8325
45.343307,8.937569,5940.622,3802.8462
45.3442,8.9366,6040.031,3805.4639
45.343002,8.9342985,6031.187,3804.8784
45.341957,8.936575,6058.542,3806.4534
45.34105,8.935045,6010.204,3807.654
45.339367,8.936701,5958.608,3811.458
45.33842,8.937612,6090.5166,3808.2993
45.33712,8.936416,5978.545,3809.3884
45.338074,8.936759,5977.8364,3812.3154
45.335346,8.936892,5971.142,3811.654
45.334496,8.935979,5859.013,3813.7227
45.33367,8.93637,5858.0327,3815.4253
45.332577,8.936002,5871.1357,3815.9485
45.331898,8.936533,5796.174,3815.612
45.33086,8.935791,5833.255,3819.0728
45.329857,8.936668,5834.924,3817.6414
45.329308,8.938017,5938.4414,3815.9739
45.327927,8.936475,5741.8203,3820.362
45.326817,8.937463,5786.839,3821.4697
45.326706,8.937556,5929.423,3819.7766
45.324306,8.937156,5685.259,3824.9036
45.322277,8.937482,5682.204,3823.043
45.32272,8.936374,5617.5347,3824.8406
45.322525,8.93721,5821.644,3824.2925
45.320637,8.936353,5615.6694,3827.6277
45.31957,8.936986,5606.3813,3828.4023
45.319122,8.93611,5739.5664,3827.3682
45.318638,8.937016,5685.029,3830.576
45.317028,8.937113,5607.455,3830.3528
45.317204,8.936846,5777.1836,3831.8293
45.31504,8.937079,5586.8867,3832.8186
45.314438,8.935989,5585.8867,3834.5518
45.31313,8.937076,5522.6045,3835.4116
45.313313,8.936043,5692.1724,3834.781
45.311127,8.936438,5580.5493,3838.0364
45.310303,8.935995,5584.403,3837.2869
45.309246,8.9360075,5450.9287,3839.6672
45.309692,8.937246,5630.437,3836.3071
45.307316,8.935788,5319.4717,3842.4255
45.30785,8.936298,5612.335,3839.4277
45.303955,8.93467,4982.6,3845.8635
45.30689,8.9363575,5718.79,3839.503
45.30311,8.9359255,5256.189,3844.8518
45.304592,8.935658,5496.756,3844.5435
45.302902,8.934442,5383.9673,3845.9744
45.301544,8.935287,5362.606,3848.6619
45.300865,8.934171,5467.8936,3847.966
45.300808,8.934737,5409.7007,3849.3506
45.299618,8.934831,5441.3403,3850.465
45.298046,8.934302,5334.9355,3851.2285
45.29831,8.93489,5390.123,3852.0273
45.296963,8.934276,5345.5493,3853.1863
45.295853,8.9342375,5189.5073,3855.7275
45.295544,8.933698,5429.9956,3852.6716
45.294018,8.935151,5159.564,3856.3103
45.293484,8.934428,5261.6665,3856.5222
45.292088,8.932965,5102.5156,3859.957
45.292835,8.934266,5345.7183,3858.0088
45.290527,8.934105,5146.4634,3860.1067
45.29131,8.934182,5154.056,3861.3486
45.2906,8.931774,5160.7134,3858.3367
45.290028,8.930216,5217.167,3862.4531
45.28845,8.932986,5183.0664,3860.666
45.287415,8.934714,5227.5586,3866.4937
45.287,8.930924,4908.2695,3866.6877
45.28675,8.93153,5168.418,3866.5183
45.285378,8.932736,5221.013,3867.0574
45.283947,8.932524,5170.874,3870.11
45.281715,8.934819,5097.738,3872.0774
45.284374,8.934786,4996.6846,3872.631
45.282444,8.931078,5020.0728,3872.0886
45.28371,8.929973,5066.4736,3871.259
45.27999,8.931201,4916.545,3874.2483
45.280056,8.931351,5023.6904,3874.2473
45.280308,8.929469,4898.7407,3875.6155
45.279434,8.928936,4980.4014,3875.6497
45.279156,8.930207,5004.888,3876.4763
45.27772,8.930894,4970.3975,3876.7388
45.278233,8.929278,4917.218,3879.1726
45.277245,8.927434,4895.6416,3879.569
45.275963,8.9292555,4921.8735,3880.755
45.276096,8.928283,4875.498,3882.3237
45.277332,8.927806,4951.7114,3882.7883
45.27337,8.925972,4899.749,3885.353
45.272873,8.926379,4967.645,3887.3408
45.27424,8.926191,4905.554,3885.9824
45.271458,8.925947,4646.368,3886.798
45.27257,8.925766,4869.95,3886.971
45.27257,8.925865,4969.2754,3885.189
45.27153,8.925129,4672.2437,3888.856
45.271183,8.92396,4774.192,3889.4573
45.270206,8.923337,4756.6514,3890.5867
45.26986,8.923752,4791.9746,3892.305
45.268562,8.923438,4719.5073,3893.8188
45.269344,8.922503,4808.3105,3894.3044
45.26817,8.922545,4691.119,3894.9338
45.266438,8.923345,4659.157,3894.22
45.268726,8.923715,4861.266,3893.3354
45.26688,8.921186,4653.8433,3898.242
45.265194,8.920193,4665.97,3897.3708
45.264725,8.919747,4604.8193,3900.1206
45.268074,8.9221735,4848.176,3895.784
45.2635,8.919893,4533.1753,3898.7432
45.264862,8.918995,4647.1997,3903.831
45.264767,8.917382,4706.4062,3902.2146
45.264755,8.916237,4703.484,3904.61
45.26303,8.916487,4614.6987,3905.5127
45.26433,8.916948,4658.295,3905.0786
45.26283,8.915555,4572.2217,3907.2046
45.262222,8.91534,4675.7373,3908.4475
45.26266,8.913965,4621.3335,3909.603
45.26123,8.914144,4571.3115,3908.627
45.26206,8.912754,4563.622,3911.5886
45.26104,8.913284,4664.0356,3910.612
45.261013,8.912377,4610.7847,3910.8918
45.260513,8.911339,4627.591,3911.8037
45.26007,8.911056,4529.289,3914.9988
45.260967,8.910551,4589.303,3915.2053
45.259693,8.909862,4594.641,3914.3394
45.259792,8.909036,4578.606,3917.9202
45.25946,8.90722,4553.373,3917.2168
45.25943,8.907946,4487.618,3920.7522
45.25914,8.906972,4573.6567,3919.142
45.258778,8.906299,4502.113,3920.6277
45.25932,8.905013,4512.4644,3922.264
45.258694,8.90329,4501.208,3923.1353
45.25864,8.903049,4510.865,3925.1826
45.258102,8.90427,4495.5205,3924.408
45.258297,8.9023,4540.0005,3924.8694
45.258255,8.900217,4485.4995,3928.2998
45.25659,8.899918,4477.829,3926.3733
45.257393,8.900953,4283.778,3931.0078
45.258163,8.899695,4435.0435,3928.4158
45.258152,8.896556,4397.398,3929.4893
45.257885,8.896259,4363.899,3934.5579
45.25797,8.89704,4389.0996,3928.4697
45.25826,8.895439,4388.324,3934.0957
45.257263,8.895025,4394.2124,3934.565
45.25735,8.89329,4392.361,3933.3914
45.256577,8.892763,4405.481,3936.3132
45.257595,8.892551,4415.266,3936.2764
45.257122,8.892759,4370.1265,3938.0208
45.25766,8.891382,4382.2876,3936.6191
45.25808,8.890543,4330.213,3941.7854
45.25687,8.889732,4392.2554,3939.706
45.25848,8.887421,4316.6265,3942.3809
45.25665,8.887392,4292.2207,3943.822
45.257122,8.886683,4241.6504,3940.46
45.2603,8.886329,4400.6953,3939.119
45.257214,8.8835535,4163.2485,3943.5916
45.25854,8.883433,4240.057,3945.4963
45.25942,8.882884,4315.4087,3943.7373
45.258812,8.881589,4285.143,3947.6536
45.258816,8.881254,4270.2275,3947.4202
45.259045,8.879665,4290.5464,3951.122
45.258804,8.877922,4229.0864,3951.4626
45.25888,8.877578,4290.6,3952.8618
45.259712,8.876558,4278.1343,3952.7578
45.259605,8.87606,4233.644,3953.0908
45.260086,8.875071,4244.082,3955.822
45.260406,8.874113,4227.896,3953.9707
45.260174,8.872605,4226.241,3955.489
45.26081,8.871544,4223.298,3957.3982
45.2608,8.87131,4185.1006,3957.7988
45.261345,8.869761,4168.6885,3959.082
45.261875,8.868378,4180.709,3960.6624
45.26154,8.867445,4132.883,3960.6997
45.26244,8.866907,4153.1777,3961.4658
45.26259,8.866625,4189.37,3962.2332
45.263226,8.86499,4090.7417,3964.2214
45.26362,8.864044,4100.3228,3963.6023
45.26425,8.863193,4096.4688,3966.741
45.2646,8.861798,4117.283,3965.708
45.26463,8.860711,4110.8228,3967.9282
45.264935,8.859232,4103.41,3968.9004
45.266144,8.859925,4158.989,3965.6177
45.26682,8.858042,4124.8916,3969.9517
45.266354,8.8579445,4126.634,3970.5215
45.267326,8.85541,4118.751,3971.6304
45.26835,8.854908,4108.9336,3974.0898
45.268024,8.853593,4143.215,3974.5151
45.269146,8.852369,4092.4673,3975.4092
45.270103,8.850982,4121.0303,3976.2905
45.27051,8.850025,4097.1875,3977.7595
45.270973,8.849486,4113.259,3977.5627
45.272083,8.847878,4068.6353,3978.8325
45.27239,8.846929,4049.8472,3980.4639
45.272614,8.846754,4043.95,3982.2502
45.273895,8.845445,4044.7834,3981.984
45.273502,8.845579,4019.3545,3984.2507
45.274944,8.843727,4032.0884,3982.366
45.27622,8.841665,4022.482,3985.405
45.2761,8.84081,3976.646,3987.7407
45.276623,8.841278,4014.3442,3983.7837
45.27822,8.839754,3956.7583,3989.2292
45.278397,8.83772,3892.9526,3989.52
45.278435,8.836947,3957.6472,3991.6587
45.280293,8.837748,3986.373,3992.1445
45.28023,8.836018,4000.0916,3989.7336
45.280716,8.835834,4005.7004,3994.9478
45.28256,8.833933,3968.351,3990.458
45.282337,8.834244,3877.8914,3993.7297
45.28368,8.832667,3913.3765,3993.825
45.28432,8.831969,3851.7393,3996.9253
45.285114,8.830645,3907.9739,3995.411
45.287125,8.829708,3925.606,3995.268
45.286133,8.82998,3847.4827,4001.3127
45.288204,8.829392,3877.0361,3994.8765
45.28853,8.827962,3889.1074,3999.9148
45.290485,8.825472,3913.1013,4003.968
45.289375,8.827422,3884.49,4001.895
45.290802,8.824774,3907.503,4000.3154
45.29355,8.825769,3806.454,4005.6277
45.293278,8.823308,3797.1658,4005.0005
45.2943,8.823497,3843.6362,4008.1345
45.295017,8.822457,3832.3777,4006.2253
45.29593,8.82145,3763.0012,4009.9194
45.297115,8.822364,3789.0613,4008.684
45.296608,8.819891,3754.466,4011.2449
45.298687,8.820546,3792.796,4010.3413
45.29875,8.81861,3823.094,4012.2253
45.301056,8.818383,3778.2283,4014.2307
45.300983,8.817573,3779.4163,4015.0886
45.301746,8.816779,3793.3562,4017.619
45.303215,8.816224,3847.0518,4014.7014
45.304348,8.8152685,3812.2197,4019.3545
45.304592,8.81517,3807.5078,4018.2454
45.305862,8.814377,3786.016,4018.6487
45.308178,8.814588,3775.3823,4020.0344
45.307865,8.812184,3794.208,4020.258
45.30859,8.812247,3848.9316,4022.7505
45.310375,8.811462,3789.0632,4023.0193
45.31105,8.811775,3772.437,4025.7107
45.312073,8.811864,3783.5488,4025.09
45.313633,8.810974,3775.1475,4025.6304
45.31447,8.8099985,3786.3054,4027.4773
45.315174,8.809311,3776.0952,4028.3108
45.31631,8.809152,3760.3018,4029.804
45.31699,8.808763,3756.9626,4030.528
45.31776,8.808637,3742.6199,4029.7292
45.318974,8.807932,3733.5613,4031.942
45.319874,8.808203,3724.5027,4032.1987
45.32138,8.807374,3714.4421,4034.1365
45.322575,8.807446,3729.3315,4034.6382
45.32381,8.806301,3721.5166,4035.1887
45.324417,8.807006,3685.3687,4035.8909
45.32584,8.805957,3679.9353,4037.5247
45.326523,8.805395,3688.9207,4038.9822
45.327805,8.804954,3710.7744,4039.68
45.3291,8.805167,3680.0227,4040.3665
45.32964,8.80421,3659.0398,4040.86
45.331215,8.803938,3642.43,4042.8718
45.33181,8.80421,3635.1196,4044.3577
45.332657,8.803865,3641.827,4045.2385
45.334774,8.803629,3627.7014,4045.7266
45.33533,8.801655,3663.301,4049.4517
45.33624,8.801286,3639.0425,4048.2195
45.33691,8.802864,3601.6907,4049.453
45.338078,8.80247,3575.042,4051.3413
45.34087,8.801247,3658.149,4051.5457
45.33991,8.800863,3662.239,4051.6145
45.34188,8.801095,3758.9204,4055.5198
45.342308,8.800367,3692.071,4055.3296
45.34422,8.800995,3652.9949,4054.531
45.34436,8.799481,3691.422,4057.5588
45.34567,8.80014,3637.5461,4056.2537
45.347404,8.799907,3633.6165,4056.21
45.347984,8.799188,3682.8398,4059.6455
45.349365,8.799287,3643.7969,4058.5696
45.35085,8.798395,3678.6187,4060.5315
45.35187,8.79803,3597.7998,4061.2002
45.352314,8.79759,3634.2861,4062.7537
45.353638,8.797781,3611.9321,4065.4792
45.354973,8.796236,3641.3647,4065.9165
45.35608,8.796651,3643.7117,4066.482
45.35479,8.796859,3567.6008,4068.8674
45.359257,8.797648,3591.6118,4068.4832
45.3598,8.796266,3541.8572,4065.4155
45.359097,8.795823,3636.505,4069.3052
45.362034,8.795713,3664.7866,4072.0002
45.36194,8.795696,3631.0105,4070.965
45.362854,8.796274,3596.2603,4072.5703
45.36346,8.796065,3578.5032,4074.7898
45.36491,8.795831,3614.4668,4074.8616
45.365646,8.795086,3641.343,4076.4885
45.366497,8.79579,3616.882,4079.6924
45.368244,8.795782,3564.6907,4077.5593
45.368774,8.795543,3554.721,4079.6643
45.36999,8.794397,3588.4436,4080.8835
45.370472,8.794937,3565.3596,4080.3643
45.371685,8.79456,3567.7222,4081.8286
45.37306,8.794475,3566.3728,4084.5383
45.373817,8.794273,3616.076,4084.3918
45.374893,8.794048,3612.7822,4086.2856
45.375484,8.79419,3576.7441,4086.701
45.376217,8.794174,3604.047,4086.9148
45.377804,8.794327,3630.8704,4089.9568
45.378765,8.793857,3656.7378,4090.0266
45.37973,8.79376,3669.4673,4092.0903
45.380222,8.794079,3595.5583,4091.5054
45.38182,8.793517,3608.038,4093.6245
45.38265,8.79306,3563.2844,4094.6414
45.383663,8.793183,3571.882,4095.5938
45.384678,8.792951,3543.4714,4097.368
45.3855,8.792885,3510.5276,4096.4424
45.386494,8.792964,3539.3774,4098.6943
45.38674,8.792585,3559.0146,4099.5044
45.388767,8.792048,3574.302,4099.655
45.38918,8.7921715,3530.937,4101.2188
45.389515,8.792183,3538.2717,4102.9067
45.391373,8.791837,3530.1255,4104.137
45.39166,8.791722,3529.4534,4104.7725
45.392715,8.791252,3533.4922,4106.474
45.39354,8.790935,3554.9294,4107.0747
45.39435,8.791535,3487.1829,4107.5513
45.395565,8.791282,3610.8713,4110.5093
45.3964,8.791334,3501.0684,4111.3164
45.39731,8.79145,3506.7495,4111.646
45.398106,8.792055,3521.3357,4113.3184
45.399372,8.791737,3508.2202,4111.623
45.39991,8.790844,3594.103,4115.558
45.40118,8.791054,3493.268,4115.2007
45.40174,8.790867,3511.9478,4117.8438
45.402348,8.7911415,3477.351,4117.3013
45.403824,8.791292,3541.871,4118.8237
45.40502,8.791047,3476.3916,4119.14
45.40559,8.788958,3492.4038,4116.133
45.406387,8.790062,3453.0593,4125.8457
45.40697,8.790557,3467.4226,4118.141
45.40804,8.790239,3538.0098,4124.293
45.40896,8.790663,3543.9531,4126.462
45.409462,8.79018,3516.9753,4126.585
45.40991,8.790167,3482.408,4127.298
45.410965,8.789796,3467.7793,4127.601
45.41178,8.78999,3453.0398,4129.4224
45.41246,8.789625,3427.842,4129.5156
45.413338,8.789581,3422.0967,4132.045
45.4137,8.789343,3450.0796,4131.781
45.415165,8.789471,3418.202,4132.086
45.415756,8.789068,3413.0261,4134.7915
45.41669,8.788599,3399.246,4133.622
45.4174,8.788386,3444.5608,4135.7007
45.418144,8.787911,3472.6206,4136.5938
45.41924,8.787928,3469.5503,4138.3657
45.420063,8.787871,3467.3748,4137.973
45.42084,8.787739,3417.2183,4141.3647
45.42137,8.78794,3415.205,4139.9604
45.422325,8.7877445,3431.3208,4141.7314
45.42334,8.7874565,3439.2375,4143.5
45.42382,8.787229,3493.2283,4142.9565
45.42458,8.787129,3488.5054,4145.008
45.42599,8.787169,3428.4822,4144.074
45.42641,8.78711,3472.5793,4146.9937
45.427555,8.78688,3464.0938,4147.9097
45.427868,8.787,3426.7703,4146.0977
45.42901,8.78639,3444.0674,4148.7485
45.429512,8.786306,3435.205,4149.966
45.430157,8.785919,3455.3496,4150.086
45.43161,8.78566,3444.3318,4152.5317
45.43182,8.785781,3453.3318,4150.9766
45.43261,8.785291,3421.9385,4152.9824
45.43365,8.785223,3409.6953,4153.4927
45.434242,8.784748,3382.5159,4156.9595
45.43511,8.784801,3367.7563,4157.031
45.43613,8.784395,3390.4756,4156.39
45.43726,8.784294,3372.7158,4158.8755
45.43746,8.784168,3369.6987,4160.127
45.438324,8.784026,3359.8267,4160.1646
45.439545,8.783458,3325.0042,4160.8813
45.439827,8.78367,3309.6401,4161.899
45.440605,8.783361,3338.541,4162.547
45.44113,8.783197,3346.7075,4164.46
45.442066,8.782754,3357.0645,4166.833
45.443054,8.7824135,3309.4106,4164.764
45.44378,8.782402,3387.852,4167.577
45.444824,8.782143,3319.8489,4167.113
45.44518,8.781655,3325.1726,4168.4014
45.44605,8.781798,3293.4487,4169.1113
45.44658,8.781685,3327.256,4172.733
45.447433,8.781332,3341.937,4171.768
45.44822,8.781108,3370.3777,4172.238
45.448986,8.781012,3329.9307,4173.9893
45.449963,8.780469,3300.316,4173.9478
45.450478,8.780275,3259.43,4176.7236
45.45084,8.7803,3243.1167,4174.2773
45.452023,8.779908,3273.5144,4175.9575
45.453026,8.779207,3234.8208,4177.9756
45.453682,8.778881,3215.0706,4177.6284
45.454235,8.779257,3248.1477,4181.439
45.45507,8.778954,3289.87,4181.5854
45.455463,8.779019,3245.5098,4184.0483
45.456543,8.7787285,3263.0447,4182.858
45.45726,8.778014,3239.8577,4184.7534
45.45833,8.777868,3151.6262,4185.399
45.458664,8.777756,3196.8088,4186.52
45.459465,8.777708,3229.2031,4189.445
45.46038,8.777196,3323.2495,4187.8657
45.461132,8.777034,3337.3733,4189.0034
45.461723,8.776944,3322.882,4188.8267
45.462685,8.776473,3267.178,4191.8945
45.463238,8.776309,3210.532,4191.855
45.46405,8.776317,3150.3672,4194.0513
45.464634,8.776003,3153.4272,4193.0425
45.465473,8.775648,3146.3994,4195.489
45.466343,8.77547,3172.6592,4197.272
45.46667,8.774985,3177.322,4198.039
45.4674,8.775089,3198.2715,4199.9946
45.468433,8.774959,3180.9731,4199.8477
45.469284,8.774643,3164.9258,4201.7534
45.46978,8.774323,3134.3499,4201.517
45.470367,8.774027,3158.5732,4202.1914
45.471413,8.773998,3161.4058,4204.0493
45.47237,8.773628,3167.1682,4204.885
45.472466,8.773353,3171.0986,4206.796
45.47329,8.77324,3173.643,4208.365
45.47402,8.773322,3118.657,4207.74
45.474747,8.773054,3108.602,4210.354
45.475674,8.77267,3106.9585,4209.243
45.47631,8.772516,3131.873,4210.8813
45.477108,8.772368,3078.624,4211.5195
45.478043,8.7722845,3027.0337,4212.174
45.47881,8.772088,3023.394,4213.53
45.479275,8.77185,3033.0344,4215.1
45.48004,8.771761,3057.6016,4215.9424
45.480965,8.771379,3079.199,4217.4644
45.481724,8.771417,3055.7405,4217.519
45.48266,8.771093,2980.4985,4218.5615
45.483574,8.770732,2967.7625,4220.0957
45.484337,8.770777,2964.646,4221.2397
45.48492,8.77044,2951.0347,4222.704
45.485584,8.770509,2970.6611,4222.4917
45.486454,8.770217,3003.2705,4224.022
45.487026,8.770074,2976.852,4225.2046
45.487915,8.769933,2949.615,4226.3154
45.488518,8.769576,2939.6575,4228.276
45.489235,8.769405,2940.522,4229.036
45.489952,8.7690115,2904.7046,4229.387
45.4908,8.768971,2940.8162,4230.577
45.491573,8.768587,3019.731,4231.9697
45.4923,8.768429,3057.6628,4233.6973
45.49286,8.768178,3056.21,4234.3687
45.493427,8.768138,3035.9802,4237.404
45.4945,8.767706,2988.9363,4237.5835
45.494946,8.767345,2998.3542,4237.0977
45.495396,8.767511,2941.8503,4237.1943
45.49662,8.767487,2976.4282,4239.086
45.497475,8.76683,3015.7012,4239.8203
45.49839,8.7663765,3035.5461,4241.66
45.49948,8.766102,3082.2002,4242.9424
45.499817,8.7662115,2972.9998,4243.2075
45.500484,8.766016,2866.294,4243.1025
45.501198,8.765926,2773.7834,4246.327
45.502003,8.765372,2822.522,4246.128
45.50212,8.765162,2818.7725,4246.9106
45.502785,8.765459,2826.7603,4248.8115
45.503746,8.76518,2838.295,4249.34
45.504566,8.76507,2870.1296,4249.427
45.505123,8.764507,2902.615,4253.3774
45.505707,8.764476,2864.8123,4252.4214
45.506676,8.764179,2858.7092,4253.0005
45.507195,8.763898,2856.4607,4255.068
45.50791,8.763719,2826.096,4255.0137
45.508667,8.763561,2801.1606,4256.6377
45.509407,8.763186,2764.3867,4257.025
45.50999,8.763013,2754.6677,4258.467
45.510887,8.763037,2705.998,4260.2305
45.511906,8.762777,2688.6545,4260.4663
45.512512,8.762484,2734.308,4263.3877
45.51297,8.762321,2763.2913,4262.8374
45.513897,8.762114,2840.2148,4264.209
45.514477,8.762043,2894.4417,4264.242
45.515114,8.761816,2909.458,4265.7085
45.51616,8.761579,2820.7666,4266.402
45.516426,8.761212,2718.9465,4265.3687
45.517082,8.761116,2710.338,4267.582
45.51763,8.761042,2670.823,4268.849
45.5193,8.760443,2683.7812,4270.6978
45.519413,8.760144,2711.0818,4271.368
45.519432,8.760568,2769.3774,4273.557
45.52045,8.760246,2711.0127,4274.5645
45.521164,8.7598505,2585.9966,4274.9165
45.521763,8.759681,2499.502,4277.611
45.522472,8.759429,2407.7534,4277.2915
45.523106,8.759308,2343.252,4277.972
45.523796,8.759113,2330.5452,4278.8447
45.524384,8.759105,2334.7278,4279.5435
45.52495,8.758877,2321.5142,4281.1167
45.525253,8.758926,2312.4097,4282.2295
45.526802,8.758123,2288.0344,4282.1797
45.526825,8.758051,2276.1707,4283.0
45.527855,8.758263,2306.7776,4284.3623
45.52819,8.758215,2328.733,4284.3774
45.529396,8.757802,2372.552,4285.124
45.530693,8.757715,2296.6694,4286.5454
45.529427,8.75739,2270.5981,4288.468
45.530754,8.757202,2245.853,4289.29
45.531914,8.756781,2241.168,4290.755
45.532593,8.756431,2231.067,4291.813
45.533443,8.756426,2238.1157,4292.561
45.53382,8.756421,2258.4807,4293.2344
45.53444,8.756246,2218.3442,4294.569
45.535114,8.756004,2145.625,4295.366
45.536106,8.755727,2147.3186,4295.4575
45.536453,8.755546,2217.0977,4297.987
45.53726,8.755402,2239.3337,4298.5327
45.53787,8.755148,2194.275,4301.2974
45.538467,8.754881,2134.7832,4300.4604
45.53931,8.754676,2027.5901,4301.942
45.539925,8.754355,1963.7653,4302.8164
45.54116,8.754253,1935.3955,4305.108
45.542133,8.753956,1909.2089,4304.1265
45.54279,8.753566,1873.2195,4304.9673
45.543434,8.75352,1874.2382,4306.119
45.54382,8.75318,1886.236,4304.274
45.54449,8.75306,1935.5739,4309.03
45.544407,8.753207,2088.8577,4304.0244
45.5459,8.752803,2226.0144,4307.1294
45.546432,8.752618,2333.6274,4307.807
45.546776,8.752461,2394.8638,4309.338
45.548077,8.752381,2428.2715,4310.52
45.5479,8.752235,2417.2651,4311.1846
45.548717,8.752167,2351.9148,4314.8325
45.54919,8.752131,2436.867,4314.1025
45.550114,8.751851,2347.4358,4315.7944
45.550903,8.751718,2270.7842,4316.0464
45.551327,8.7516365,2106.4128,4318.3755
45.55185,8.751293,1914.1191,4317.782
45.552616,8.750396,1861.2122,4316.973
45.55333,8.751145,1894.3837,4322.985
45.553905,8.750779,1907.6998,4317.886
45.5547,8.750554,1917.3763,4321.15
45.555145,8.750115,1965.3787,4323.211
45.55571,8.750033,1941.9733,4321.9404
45.55606,8.749852,1975.1654,4324.207
45.55722,8.749846,1926.4954,4324.649
45.557148,8.749612,1907.5974,4328.092
45.558105,8.749346,1885.1699,4328.84
45.558895,8.74903,1778.7354,4330.141
45.559776,8.748892,1571.6322,4330.221
45.560093,8.748554,1537.3502,4331.504
45.561096,8.748483,1561.7733,4332.7944
45.561707,8.748231,1529.5128,4331.6055
45.56207,8.748165,1495.29,4334.443
45.562645,8.747992,1462.1338,4333.2993
45.563168,8.747893,1421.1475,4333.3394
45.563847,8.747691,1345.9551,4335.7227
45.564816,8.747374,1284.6315,4336.5146
45.565655,8.747261,1262.847,4337.7314
45.566193,8.74717,1294.5569,4338.6875
45.566597,8.74688,1352.664,4339.1294
45.56706,8.746679,1378.4293,4340.908
45.567703,8.746605,1418.8081,4342.3955
45.568176,8.746394,1422.2244,4343.112
45.56824,8.746435,1435.9078,4344.453
45.56873,8.746256,1485.9275,4345.6733
45.569393,8.746157,1432.4238,4345.9204
45.569954,8.746215,1397.5488,4347.1543
45.570595,8.745373,1297.1359,4346.124
45.57107,8.745472,1266.6981,4346.5225
45.57135,8.74554,1230.6774,4348.591
45.571987,8.745395,1190.8048,4349.188
45.57255,8.745238,1199.2349,4349.9453
45.572952,8.745153,1145.8179,4349.518
45.573517,8.745161,1104.3698,4351.283
45.573776,8.745182,1082.1833,4352.9463
45.57476,8.744662,1066.5162,4353.408
45.575016,8.745061,1084.0692,4355.431
45.57644,8.743926,1078.0115,4356.342
45.576946,8.743727,1089.0502,4357.843
45.576195,8.744662,1158.944,4358.2764
45.577377,8.744158,1199.0173,4358.617
45.578156,8.7437935,1162.2964,4359.62
45.578583,8.743585,1125.5331,4361.159
45.579117,8.743417,1119.2953,4362.452
45.579514,8.743497,1116.5502,4363.755
45.579773,8.74266,1066.2727,4364.3174
45.582237,8.7423725,979.404,4366.344
45.58086,8.743072,1026.2474,4366.8213
45.582104,8.742775,998.11945,4369.658
45.582146,8.742483,1060.7134,4368.645
45.583015,8.742225,1099.1295,4373.7056
45.583855,8.741779,1045.7202,4373.4893
45.584442,8.742077,969.52765,4373.824
45.584846,8.741885,956.7865,4377.5493
45.585365,8.741591,893.7657,4375.0337
45.5858,8.741116,873.065,4377.7275
45.58655,8.741628,843.7207,4377.7944
45.587326,8.74114,879.6856,4378.3037
45.587887,8.740903,895.7189,4377.903
45.588436,8.740712,941.5704,4378.396
45.58871,8.740613,962.8749,4379.9966
45.58938,8.740418,937.5563,4381.0024
45.589954,8.740263,886.3506,4381.4106
45.59065,8.739993,906.60596,4382.2534
45.590984,8.7399845,1011.95776,4381.958
45.59146,8.74001,1037.273,4382.6084
45.59243,8.738913,930.0892,4380.4883
45.592896,8.738926,914.2578,4382.3184
45.59317,8.739683,1085.442,4382.5024
45.593708,8.73922,1218.1614,4384.9624
45.594196,8.739035,1224.5272,4386.99
45.594948,8.738906,1202.5746,4388.489
45.595573,8.738691,1139.9891,4388.7876
45.596523,8.738798,1122.1703,4390.8105
45.596634,8.73775,1055.9634,4390.7207
45.59714,8.738177,995.7409,4391.5737
45.597996,8.73816,993.8583,4392.7036
45.598503,8.737988,1058.1577,4391.6104
45.5987,8.737786,1106.9102,4395.32
45.599625,8.737656,961.9349,4394.293
45.600037,8.73744,847.0891,4396.5083
45.600346,8.737247,843.53046,4397.909
45.60094,8.737106,889.5991,4400.0283
45.6014,8.736967,983.7639,4400.4336
45.602085,8.736791,1011.4551,4400.739
45.602955,8.736578,924.1712,4402.4805
45.603176,8.73658,833.5965,4402.882
45.60373,8.736366,892.27673,4403.931
45.604107,8.735898,975.5878,4404.1924
45.60494,8.73612,969.9466,4405.632
45.605247,8.735849,935.3859,4405.6436
45.605797,8.7356415,861.321,4407.9863
45.605732,8.735105,850.84894,4407.265
45.606483,8.735773,866.0338,4409.149
45.60683,8.735384,877.4086,4409.473
45.607437,8.735058,892.4902,4409.927
45.607735,8.734994,937.64655,4411.104
45.608448,8.734846,899.71545,4411.4634
45.60905,8.734732,823.03406,4413.9966
45.60931,8.7344265,800.2317,4414.9805
45.609318,8.733957,823.80774,4415.5596
45.610523,8.734498,944.5059,4418.1997
45.611046,8.734015,943.6037,4418.338
45.611183,8.733931,921.85394,4418.0835
45.612286,8.73364,905.02844,4419.951
45.612778,8.733418,981.99603,4421.1953
45.613304,8.733308,1017.6587,4420.054
45.613678,8.73316,993.53033,4419.718
45.61435,8.7329445,992.25836,4421.0776
45.61473,8.732877,943.4658,4422.4546
45.614914,8.732761,1011.524,4425.4375
45.61511,8.732651,1110.344,4427.701
45.615356,8.732587,1218.4657,4429.0225
45.615833,8.732458,1144.5785,4428.738
45.6161,8.732353,1019.3074,4429.7876
45.616364,8.732295,921.4803,4431.253
45.616695,8.732183,935.9731,4433.4785
45.616737,8.732152,967.68567,4434.546
45.61709,8.7320385,951.1124,4436.7144
45.61701,8.731982,966.4702,4438.499
45.6176,8.731667,994.097,4438.006
45.617805,8.731689,937.6597,4441.447
45.618393,8.731633,952.7922,4441.8857
45.618958,8.731384,980.38556,4442.788
45.619057,8.731306,1179.664,4443.522
45.619797,8.7311945,1093.1982,4443.6064
45.62004,8.731171,1124.8975,4442.099
45.620667,8.73094,967.8632,4441.7915
45.62101,8.73058,890.45856,4444.406
45.621254,8.730672,795.49536,4443.097
45.621693,8.730524,773.5012,4445.3276
45.622013,8.730354,870.6162,4445.223
45.62239,8.730316,901.15015,4445.4614
45.622883,8.730125,886.1734,4447.528
45.623405,8.729898,856.918,4448.3774
45.62393,8.7297535,761.42645,4450.7695
45.624268,8.729722,695.78503,4451.513
45.624966,8.729523,703.01984,4451.3364
45.625195,8.729418,772.8136,4451.983
45.62554,8.729215,783.25195,4452.7476
45.62591,8.729164,890.36816,4454.2207
45.626404,8.728959,913.4204,4455.9717
45.626404,8.72891,857.08496,4456.8843
45.626915,8.728718,815.79346,4458.508
45.627144,8.728593,873.88635,4457.4033
45.627518,8.7283125,979.3989,4457.5093
45.62774,8.728275,1012.8842,4457.294
45.627983,8.728071,1000.17053,4458.6235
45.628765,8.727893,899.21027,4460.3677
45.629112,8.727784,831.78766,4461.6953
45.629337,8.727729,838.1123,4462.7036
