lat,lon,alt,time
52.306103,4.765258,161.1908,0.0
52.301506,4.760378,134.90498,0.9997386
52.301548,4.7606053,152.07082,1.9787476
52.301224,4.75944,125.23513,2.9516335
52.30071,4.757415,194.19194,3.9034102
52.300743,4.7565384,185.86687,4.7539377
52.30036,4.755719,262.48776,5.561332
52.299747,4.754968,335.8922,6.3323836
52.29931,4.7555504,371.48926,7.1696773
52.298744,4.755223,400.42523,8.083331
52.297943,4.7549257,308.8947,9.088019
52.297592,4.7543526,221.80139,10.026807
52.29734,4.7541523,158.72183,10.974424
52.297356,4.7531524,170.4985,11.945136
52.296707,4.7526574,154.08669,12.856027
52.296375,4.7514486,175.21501,13.6819515
52.295853,4.7503448,201.89323,14.5554085
52.295288,4.749656,138.5804,15.356021
52.294636,4.7493315,183.68108,16.283726
52.294052,4.7493477,237.7543,17.187225
52.29384,4.749177,232.02483,18.114164
52.293346,4.7482667,229.77478,19.045107
52.292774,4.748026,257.63788,19.975645
52.292206,4.747573,326.16144,20.918459
52.29247,4.7463374,363.91495,21.714005
52.291744,4.7456245,379.81873,22.601494
52.291084,4.745834,408.01337,23.505486
52.29102,4.7452707,406.26523,24.434738
52.290283,4.744407,443.24362,25.323261
52.289433,4.743658,501.9566,26.32685
52.289093,4.744128,559.939,27.26071
52.28833,4.7433677,563.8927,28.167969
52.288166,4.7431374,555.0767,29.087183
52.287674,4.7422514,589.5104,30.001282
52.28697,4.741899,611.48596,30.84204
52.286926,4.7404323,666.0595,31.7143
52.286373,4.7400317,716.6963,32.6241
52.28557,4.739289,751.486,33.511463
52.28557,4.7392597,791.17035,34.20288
52.28509,4.737828,833.12616,35.074436
52.284492,4.737972,847.18665,36.086792
52.28426,4.73794,801.5841,36.9625
52.283752,4.7367167,867.96655,37.9245
52.283276,4.7356043,878.2069,38.8792
52.28288,4.735386,931.4667,39.798298
52.28278,4.735296,1021.6987,40.74699
52.281868,4.733865,1055.5583,41.719383
52.28136,4.733665,1087.8586,42.638847
52.280666,4.733279,1121.7874,43.586937
52.280212,4.733105,1159.8295,44.421185
52.279682,4.732449,1208.6029,45.354347
52.27915,4.7322116,1241.6614,46.16332
52.27873,4.7313347,1306.5275,47.113625
52.278248,4.7306137,1283.1338,47.892685
52.277836,4.729757,1270.5022,48.861023
52.27731,4.729393,1293.0165,49.839993
52.276634,4.728522,1326.0166,50.75904
52.276356,4.7280064,1396.9867,51.709457
52.275978,4.7275796,1348.1993,52.475586
52.275356,4.727061,1416.6799,53.53343
52.27431,4.7266507,1416.703,54.50067
52.274254,4.726991,1451.2026,55.392067
52.273605,4.7255793,1451.4604,56.21941
52.272545,4.725819,1465.0221,57.00098
52.271965,4.725923,1463.4397,57.914356
52.27137,4.7263637,1465.2401,58.784813
52.270992,4.7269225,1503.7211,59.70608
52.270256,4.7269216,1518.2358,60.552155
52.270016,4.725988,1627.4674,61.345783
52.269196,4.725636,1687.5956,62.161232
52.268482,4.726007,1719.4277,63.015488
52.2678,4.7258463,1669.3204,63.941948
52.266983,4.7254195,1651.1559,64.92919
52.266426,4.725692,1740.4624,65.784645
52.26599,4.725228,1856.6375,66.73707
52.26551,4.7258387,1895.234,67.65981
52.264954,4.72639,1928.5302,68.62269
52.264465,4.7265353,1944.7644,69.50262
52.263885,4.727217,1980.5812,70.41075
52.263405,4.726645,1991.0791,71.38178
52.262856,4.72661,2025.3729,72.39613
52.26207,4.7268147,2031.1525,73.17909
52.261234,4.7267847,2061.9133,74.073265
52.260796,4.7276373,2069.3384,74.85013
52.26042,4.7277813,2105.1335,75.64369
52.259525,4.727612,2128.9998,76.4473
52.259228,4.728321,2141.601,77.189766
52.25878,4.7287564,2234.044,78.21294
52.25799,4.728658,2287.152,79.10677
52.257637,4.7283826,2373.9302,80.10072
52.256836,4.729055,2416.643,81.07598
52.25621,4.729179,2414.5051,81.86275
52.255962,4.7292705,2435.5552,82.87922
52.255066,4.7294335,2497.0789,83.92912
52.254166,4.7302723,2554.086,84.5743
52.253777,4.7304854,2620.7617,85.58804
52.25303,4.7315717,2623.7114,86.289665
52.252422,4.7312837,2652.988,87.31824
52.2517,4.732482,2705.206,88.13026
52.25108,4.7334194,2742.4263,88.96642
52.25083,4.733092,2798.6758,89.73427
52.249992,4.7337985,2817.7554,90.61327
52.249527,4.7346983,2874.3435,91.61958
52.24924,4.734964,2912.3809,92.63513
52.248207,4.73611,2987.0654,93.49999
52.247814,4.736526,3041.805,94.39339
52.24721,4.736402,3128.5984,95.217995
52.246967,4.736899,3232.7046,96.25838
52.24539,4.7388988,3260.2651,97.10648
52.245674,4.738114,3299.0564,97.886986
52.24516,4.740546,3318.9,98.89412
52.243774,4.7395153,3395.9934,99.82693
52.243683,4.741315,3447.8894,101.01898
52.24344,4.7425604,3461.7573,101.73646
52.24288,4.7436104,3496.2705,103.05946
52.242447,4.7443967,3570.6995,103.4441
52.242336,4.744033,3641.6443,104.62095
52.241074,4.744728,3675.025,105.63223
52.241047,4.7456493,3721.05,106.55599
52.24075,4.7475157,3740.8997,107.462105
52.24039,4.748522,3802.5034,108.25828
52.23953,4.7495937,3846.309,109.276115
52.23931,4.750596,3851.2551,110.027306
52.238556,4.7526035,3848.8894,110.89317
52.23854,4.7538004,3871.3262,111.83644
52.237827,4.7556763,3890.54,112.80616
52.236725,4.75659,3950.6592,113.69257
52.236465,4.758216,3979.6472,114.820145
52.235844,4.7597394,4036.2969,115.46042
52.23519,4.7608643,4119.8115,116.40573
52.23501,4.7612667,4167.6567,117.19455
52.234528,4.7626586,4217.492,118.37152
52.233826,4.7651825,4244.558,119.120316
52.233715,4.7654033,4292.999,120.23056
52.233105,4.766151,4313.072,121.107414
52.23232,4.767724,4375.9497,122.09927
52.232525,4.7689924,4470.212,122.98652
52.23213,4.7697496,4628.285,123.88796
52.23105,4.7724614,4537.7256,124.97813
52.230873,4.77362,4590.543,125.72274
52.229797,4.774962,4626.0366,126.59965
52.22875,4.7764726,4680.656,127.62424
52.228306,4.777946,4768.6694,128.36464
52.22858,4.7806706,4782.186,129.45888
52.22768,4.78121,4802.6626,130.385
52.22707,4.782475,4873.1997,131.21098
52.226727,4.783631,4951.4624,132.11319
52.2258,4.7856674,4969.46,133.05913
52.225666,4.7864103,5032.9214,133.90479
52.2262,4.7885456,5061.214,134.71002
52.22465,4.7905726,5096.453,135.88687
52.224274,4.791276,5101.3213,136.84143
52.22378,4.792708,5089.151,137.95764
52.223507,4.794888,5158.732,138.56291
52.223236,4.796141,5239.2725,139.59117
52.222786,4.796989,5351.445,140.81169
52.221684,4.799019,5393.812,141.33963
52.221504,4.8004913,5384.9287,142.09244
52.222042,4.8033695,5373.3154,142.90735
52.220978,4.801896,5396.632,143.47012
52.22098,4.804732,5487.8857,144.84978
52.220238,4.808159,5557.618,145.46973
52.219643,4.810018,5588.781,146.49254
52.219395,4.81188,5650.7734,147.33246
52.218224,4.8127174,5680.241,148.20444
52.21797,4.814181,5725.886,149.17824
52.217606,4.815902,5795.2866,150.25252
52.21706,4.8183036,5810.184,151.22917
52.21675,4.819973,5872.6694,151.64268
52.21657,4.8215866,5919.2676,152.9421
52.215645,4.8226914,5957.661,153.52173
52.215153,4.8245625,5950.6094,154.22449
52.214878,4.8257756,6020.8394,155.3213
52.21402,4.827661,6042.718,156.1271
52.213478,4.8283787,6045.6753,157.00378
52.213863,4.829713,6205.032,157.85982
52.212612,4.832723,6156.4736,158.7062
52.21251,4.8336134,6219.1304,159.79086
52.21218,4.836201,6272.011,160.63078
52.211708,4.83739,6308.29,161.63457
52.211094,4.8392467,6316.5693,162.63489
52.210087,4.8405194,6387.5854,163.72064
52.20985,4.8427563,6397.6724,164.17438
52.2094,4.8441253,6412.9087,165.11745
52.209305,4.8462815,6584.912,166.00449
52.208603,4.8482122,6523.074,166.71797
52.208305,4.8496237,6606.0605,167.61436
52.207684,4.8513627,6682.108,168.41339
52.207413,4.852316,6692.997,169.44377
52.20692,4.855112,6750.116,170.28514
52.206123,4.8569283,6755.8154,171.14595
52.206154,4.859347,6776.8613,172.08112
52.20646,4.8601966,6882.125,172.89423
52.205357,4.8614845,6876.3623,173.83351
52.20513,4.8638396,6927.771,174.81218
52.20449,4.863106,6978.3374,175.61194
52.20396,4.8661222,7043.7773,176.54355
52.203823,4.8681536,7078.584,177.42891
52.20304,4.8686123,7104.297,178.28758
52.202827,4.871703,7151.4287,179.34006
52.202015,4.8736954,7167.4346,180.41985
52.201992,4.875227,7258.9697,181.4207
52.201263,4.8764997,7349.2476,182.3365
52.2011,4.8785253,7393.852,183.07047
52.20083,4.8803353,7473.732,184.06079
52.200275,4.8824816,7521.029,185.15788
52.199966,4.885005,7570.057,186.148
52.19979,4.8866315,7624.4126,187.14503
52.199436,4.8880234,7702.7114,188.05664
52.198906,4.890115,7708.312,188.75284
52.19843,4.8920646,7790.9775,189.67668
52.198483,4.894741,7794.5557,190.7619
52.19796,4.8959084,7807.217,191.58624
52.197575,4.8975577,7845.032,192.47774
52.197132,4.8998876,7861.591,193.24887
52.196716,4.901661,7845.8477,193.98677
52.196426,4.903566,7904.0947,194.8697
52.195866,4.906016,7935.329,195.66779
52.195663,4.9082274,8009.702,196.75085
52.19559,4.9088583,8038.4253,197.57733
52.195415,4.910242,8154.76,198.40274
52.194645,4.9130015,8136.4785,199.46924
52.19516,4.9156995,8218.943,200.34734
52.19438,4.9157333,8238.869,201.21065
52.194485,4.9172416,8291.314,202.09027
52.19401,4.9192524,8340.184,203.08443
52.194313,4.9223986,8360.201,204.0043
52.19391,4.9240375,8404.588,205.05034
52.193237,4.925154,8418.544,206.0579
52.19344,4.927637,8468.258,207.0143
52.192554,4.9297533,8511.075,207.81035
52.192253,4.931954,8596.577,208.55278
52.19196,4.933467,8628.964,209.35164
52.19212,4.935542,8698.631,210.12885
52.19157,4.9370303,8794.976,211.0129
52.191643,4.9405937,8865.431,211.69875
52.19119,4.943119,8900.167,212.33232
52.19239,4.9436674,9023.484,213.37619
52.19063,4.9457083,9004.324,214.36171
52.190117,4.9476166,9120.245,215.42621
52.190857,4.952364,9217.667,216.45233
52.190216,4.951096,9236.606,217.12979
52.190495,4.95438,9320.218,218.454
52.19037,4.954743,9352.102,219.4455
52.190247,4.955647,9409.189,220.28223
52.189754,4.9587607,9440.162,221.24773
52.189754,4.9613233,9498.507,222.34691
52.18992,4.962866,9499.511,223.0262
52.18939,4.9634466,9532.633,224.11714
52.18914,4.966914,9577.699,224.94183
52.189407,4.9682674,9632.116,225.77856
52.18909,4.970133,9671.9375,226.88904
52.188747,4.972513,9711.716,227.78886
52.188255,4.974615,9776.076,228.74127
52.188625,4.9769554,9850.567,229.69424
52.188656,4.97976,9888.769,230.54898
52.188194,4.980505,9930.436,231.58063
52.188725,4.982733,9939.1455,232.52516
52.18813,4.984501,9959.73,233.40494
52.187794,4.9870663,10040.024,234.32814
52.187588,4.9895926,10049.668,235.05093
52.18762,4.9919524,10109.823,236.26016
52.18766,4.9936543,10170.397,237.09554
52.18742,4.9964833,10186.2705,238.02704
52.18745,4.998089,10202.074,238.7348
52.18725,4.9999566,10241.781,239.78094
52.187172,5.0019746,10276.291,240.66202
52.187164,5.0044184,10334.25,241.55032
52.186905,5.0055757,10382.732,242.50516
52.18664,5.0089455,10415.347,243.36382
52.18656,5.0102086,10455.666,244.13698
52.186363,5.0123706,10505.696,245.09138
52.185745,5.0147486,10531.782,246.05058
52.18589,5.0167303,10534.718,247.00433
52.185593,5.0190315,10550.33,247.88168
52.185246,5.021896,10537.158,248.97557
52.185307,5.025206,10557.807,250.04382
52.185223,5.0274687,10587.002,250.72102
52.184956,5.0291905,10618.682,251.65059
52.18507,5.03195,10645.573,252.7541
52.18453,5.0335174,10683.726,253.5948
52.184753,5.0347247,10673.081,254.79062
52.18411,5.037965,10707.403,255.61952
52.184216,5.0405407,10778.712,256.53568
52.183712,5.0436883,10820.273,257.32886
52.184723,5.0456476,10881.068,258.41083
52.182957,5.0470653,10936.199,259.32358
52.182186,5.049936,11033.765,260.3236
52.18232,5.0552692,11052.15,261.36484
52.18229,5.055874,11148.336,261.64777
52.182213,5.057771,11152.164,263.05978
52.181725,5.0589294,11086.552,263.80692
52.181446,5.061248,11087.84,264.7269
52.181637,5.0637283,11129.595,266.0497
52.181984,5.0654187,11131.24,266.09494
52.181118,5.067352,11148.687,267.51825
52.18117,5.0693793,11189.207,268.30457
52.181335,5.0713916,11229.068,269.683
52.180748,5.0744553,11252.119,270.05838
52.180664,5.076728,11274.823,270.96408
52.1805,5.079686,11312.062,271.6165
52.180305,5.082334,11289.178,272.36517
52.180195,5.0846944,11426.953,273.15573
52.17928,5.0864143,11454.609,274.08533
52.17931,5.089124,11512.512,274.97177
52.178432,5.0919175,11516.437,276.13477
52.17852,5.0935383,11539.952,277.2415
52.178043,5.0966563,11584.288,277.911
52.177273,5.098462,11620.478,278.82034
52.177666,5.100847,11637.182,279.80536
52.177174,5.1028247,11652.623,280.64108
52.176704,5.104614,11690.013,281.7614
52.17676,5.1075463,11738.57,282.46823
52.176044,5.1095715,11836.828,283.52945
52.175724,5.111488,11903.626,284.23346
52.174984,5.1151342,11921.915,285.26965
52.174885,5.1170273,11988.016,285.99515
52.17398,5.118257,12038.232,287.13644
52.17422,5.121137,12102.702,287.9974
52.17367,5.1239676,12097.639,288.70816
52.172966,5.125986,12157.497,289.8505
52.1731,5.1273017,12161.345,290.62106
52.172825,5.1293736,12206.77,291.56445
52.172348,5.1323185,12220.465,292.3674
52.1716,5.134918,12222.701,293.43576
52.171455,5.1369386,12240.73,294.2199
52.17075,5.138471,12280.831,295.2445
52.170414,5.1403985,12323.656,295.9118
52.16985,5.1435995,12361.436,297.0338
52.169273,5.1463957,12432.163,297.79572
52.168606,5.1480284,12470.985,298.91632
52.168015,5.150304,12518.403,299.6761
52.16784,5.153432,12567.976,300.25024
52.167595,5.1556635,12643.981,301.3035
52.16677,5.157884,12645.002,302.0599
52.16605,5.1602097,12661.597,303.13727
52.165596,5.164036,12671.485,304.2818
52.165653,5.1661596,12734.719,305.4513
52.165096,5.168039,12761.172,305.60764
52.164387,5.170813,12851.794,307.1517
52.164032,5.174154,12807.824,308.61343
52.1635,5.1755347,12902.875,309.4153
52.1625,5.1778393,12927.555,310.19135
52.162346,5.179918,12997.681,311.13043
52.161045,5.1833344,13002.075,311.91357
52.160885,5.185436,13024.685,312.7993
52.160305,5.186845,13088.332,313.75797
52.159344,5.189188,13162.396,314.7169
52.15879,5.1918607,13247.912,316.08115
52.15814,5.194028,13283.557,316.6661
52.157814,5.1964746,13379.571,317.48502
52.157345,5.1982245,13418.061,318.60095
52.156536,5.201275,13414.409,319.02554
52.156067,5.205268,13441.565,320.4865
52.155132,5.2055407,13501.743,321.12692
52.15485,5.208021,13518.856,322.07962
52.153847,5.2109613,13577.55,323.02615
52.153072,5.2139935,13613.976,323.68478
52.152378,5.215587,13699.52,324.97208
52.151814,5.2184396,13738.783,325.7299
52.151016,5.2215934,13779.96,327.04285
52.150043,5.2250724,13879.405,326.8106
52.149353,5.2238083,13863.508,329.03363
52.148506,5.2258654,13919.673,328.90662
52.147854,5.2296267,13942.044,330.29477
52.14764,5.2308187,14021.607,330.80045
52.146976,5.233394,14085.337,331.44153
52.146538,5.2361016,14145.822,332.71835
52.145184,5.2366376,14255.677,333.5237
52.1448,5.2403135,14365.529,334.66055
52.14407,5.241869,14375.667,335.4403
52.143448,5.2438564,14422.317,336.43506
52.142555,5.2465696,14461.566,337.44113
52.142143,5.2482004,14501.449,338.0262
52.14104,5.250584,14543.926,338.97934
52.14055,5.253033,14522.779,340.06818
52.13968,5.255922,14617.513,340.7821
52.139027,5.257867,14699.141,341.6513
52.138103,5.2586837,14762.901,342.34543
52.137417,5.261098,14813.064,343.39154
52.136177,5.2641983,14792.799,344.11655
52.13572,5.267603,14845.897,345.1431
52.135033,5.268475,14912.82,346.23492
52.13356,5.270187,14962.707,347.0415
52.13259,5.2742457,15038.175,348.4859
52.132137,5.275714,15069.083,349.07645
52.13142,5.2790356,15114.947,349.83447
52.130077,5.2795124,15212.608,350.92868
52.129757,5.2827773,15221.191,351.7124
52.129642,5.2859483,15245.468,352.5672
52.128357,5.288073,15243.135,353.45868
52.12777,5.2906632,15243.388,354.2891
52.12657,5.2905326,15292.395,355.22116
52.125874,5.2933116,15352.475,356.62296
52.124523,5.295122,15369.137,357.1803
52.124012,5.299448,15407.3125,358.0386
52.12322,5.302244,15446.707,359.1655
52.121693,5.3042474,15468.629,360.1312
52.12115,5.3060007,15522.369,360.84036
52.119717,5.3088627,15564.458,361.8711
52.119225,5.3113317,15649.658,362.72653
52.11857,5.311064,15660.459,363.25732
52.11683,5.315222,15759.741,364.34616
52.115746,5.319115,15762.788,365.44083
52.115932,5.3201957,15781.435,365.98544
52.114136,5.321887,15845.399,367.18503
52.11321,5.3248253,15879.074,368.28845
52.112865,5.3269806,15967.781,368.8207
52.112152,5.3286953,16036.465,369.89844
52.111317,5.329613,16054.216,370.67566
52.109886,5.333957,16087.913,371.4814
52.1093,5.3372126,16075.486,372.64688
52.108505,5.3393292,16143.198,373.3549
52.106956,5.3394938,16208.637,374.62537
52.105316,5.3444843,16242.232,375.30066
52.10593,5.347609,16251.456,376.12115
52.104977,5.3482666,16242.5205,376.66742
52.10356,5.3470483,16292.658,377.54477
52.103653,5.354796,16388.13,378.93527
52.1018,5.3576155,16407.004,379.52612
52.100754,5.35835,16527.066,380.15942
52.099823,5.359441,16603.46,381.54413
52.09826,5.3630695,16667.352,382.70407
52.09712,5.365039,16744.566,383.65146
52.096207,5.3669786,16792.416,384.3955
52.09569,5.367736,16814.629,385.4501
52.09436,5.3700867,16844.078,386.8107
52.09416,5.375812,16847.254,387.04086
52.093597,5.375532,16929.482,388.12173
52.09154,5.3787856,16942.723,389.76758
52.089924,5.3816414,16960.084,389.52087
52.090588,5.384602,16981.91,389.87076
52.08974,5.385431,16996.102,391.11398
52.087906,5.3854017,17099.734,391.61734
52.086853,5.389979,17139.352,392.80887
52.08549,5.393917,17223.947,393.7897
52.084824,5.395209,17300.383,394.57166
52.08443,5.397081,17337.342,395.79077
52.082462,5.4009213,17361.219,396.60886
52.082077,5.4036546,17392.076,397.44315
52.08146,5.4058924,17449.965,398.05014
52.080284,5.4057465,17484.93,398.50082
52.078827,5.4081187,17529.723,400.6833
52.07851,5.4138584,17562.627,400.7432
52.07772,5.414343,17601.69,402.37808
52.076447,5.416646,17650.65,403.33463
52.07462,5.420734,17631.85,404.28845
52.07445,5.422891,17704.53,404.93744
52.073402,5.42474,17739.45,406.3399
52.07228,5.426293,17757.416,406.74072
52.071194,5.42871,17808.965,407.98013
52.071045,5.4313493,17757.506,408.2773
52.069958,5.4332314,17813.75,409.89545
52.067955,5.4354095,17939.572,410.66214
52.066956,5.4375114,17971.135,411.4325
52.066544,5.4400797,17987.66,412.19583
52.065353,5.442085,18059.436,413.4463
52.063858,5.4462256,18119.0,414.53656
52.064392,5.450847,18129.871,414.20026
52.061714,5.4494605,18229.453,416.83047
52.059708,5.451218,18291.791,416.39542
52.06047,5.456842,18284.213,417.3552
52.0592,5.456843,18397.742,418.71353
52.057285,5.4577684,18435.492,419.53732
52.055973,5.461214,18491.68,420.27408
52.05585,5.463064,18557.365,421.44376
52.054707,5.4661703,18586.293,422.40384
52.053825,5.4697266,18605.213,423.38855
52.052814,5.4718127,18649.291,424.02225
52.05216,5.472661,18679.406,425.24982
52.050564,5.4755564,18713.182,426.05453
52.049908,5.4783216,18765.814,426.68365
52.04923,5.4819636,18776.879,427.97842
52.047314,5.483108,18869.7,429.00696
52.046772,5.486658,18907.486,429.69116
52.04578,5.4877987,18947.979,430.09317
52.045662,5.490109,18996.24,431.5566
52.04361,5.4927144,19050.785,432.1205
52.04291,5.4948845,19117.434,432.87128
52.04206,5.4984956,19119.223,434.37033
52.04076,5.5020065,19127.52,434.98505
52.039795,5.503219,19188.432,435.66446
52.03812,5.505286,19228.492,436.88043
52.03721,5.5058193,19266.904,438.0381
52.036526,5.508419,19345.625,438.63034
52.03537,5.510109,19380.914,439.8677
52.034184,5.513809,19380.932,440.69696
52.03346,5.5159526,19430.1,441.55737
52.03339,5.518963,19459.305,442.7281
52.03123,5.5210633,19491.123,443.6924
52.03096,5.5247917,19581.195,444.51297
52.02906,5.524239,19659.975,445.45523
52.02813,5.528228,19639.959,446.9381
52.027378,5.531489,19685.889,447.26843
52.026566,5.5334363,19740.668,448.2206
52.02529,5.534379,19802.188,449.1901
52.0238,5.536149,19881.18,449.80533
52.023674,5.5417857,19817.408,451.30328
52.022564,5.5443244,19860.553,451.82245
52.020504,5.543447,20010.254,452.94775
52.018833,5.546378,20039.37,453.61438
52.019165,5.5488605,20010.596,454.54367
52.01788,5.5515246,20027.945,455.7813
52.01692,5.55381,20109.285,455.78265
52.01617,5.5565352,20121.494,457.30743
52.015198,5.5578375,20189.371,458.1084
52.01365,5.5598965,20211.334,458.93073
52.013042,5.563056,20257.137,459.8185
52.012173,5.5664225,20338.256,460.61774
52.010937,5.567522,20379.54,461.89935
52.009872,5.5702977,20400.545,462.71866
52.008583,5.5727797,20433.223,463.1594
52.00877,5.57548,20439.33,464.64554
52.007557,5.574807,20523.78,464.8248
52.005764,5.578448,20524.781,466.51038
52.00477,5.5827575,20556.256,466.57874
52.003468,5.5859017,20617.588,468.0779
52.003975,5.585445,20710.15,468.9361
52.00238,5.591173,20619.133,469.966
52.000492,5.5918727,20778.992,470.42383
51.99992,5.59517,20767.314,472.08008
51.998203,5.596031,20846.277,471.93668
51.9974,5.597635,20915.664,473.31848
51.997185,5.603354,20790.848,474.49155
51.996338,5.606334,20863.424,475.62985
51.993443,5.6054597,21072.93,475.3952
51.993874,5.607621,21156.293,476.57184
51.99228,5.611174,21196.023,478.46622
51.990334,5.6146874,21146.25,478.81805
51.989902,5.6181607,21191.29,479.57236
51.989204,5.6204734,21246.857,480.38266
51.98749,5.6195855,21313.748,481.64508
51.987083,5.6232114,21332.46,482.3215
51.985188,5.624185,21357.768,483.20428
51.984665,5.6278696,21441.842,484.23306
51.98383,5.6312833,21376.176,485.21124
51.98289,5.6320763,21500.639,485.949
51.981186,5.635758,21527.18,486.76944
51.980564,5.6377707,21575.38,487.9506
51.979557,5.640813,21585.418,488.84036
51.978226,5.642395,21599.715,489.7428
51.97695,5.6451344,21709.836,490.4995
51.976,5.6492796,21694.96,491.36496
51.974735,5.6507893,21772.18,492.6586
51.973305,5.6540613,21814.418,493.2093
51.97186,5.6565995,21843.627,494.34067
51.97154,5.658832,21878.17,495.11404
51.970768,5.660819,21752.107,496.27554
51.969532,5.6614556,21934.13,496.6507
51.967983,5.664352,22012.943,498.04315
51.966736,5.6658497,22089.766,498.68524
51.96633,5.669901,21986.945,499.69223
51.964954,5.6726956,22007.982,500.51562
51.96336,5.67442,22211.201,501.42712
51.96265,5.6794887,22105.283,502.0726
51.961243,5.679712,22263.875,503.37823
51.95954,5.6824093,22233.902,504.34097
51.958637,5.6850247,22292.955,505.05405
51.95805,5.687815,22325.426,505.97205
51.95687,5.6905503,22305.473,506.83914
51.955208,5.6918716,22408.281,507.95468
51.95495,5.694727,22408.328,508.68448
51.95361,5.696551,22426.078,509.3799
51.952152,5.6994324,22484.047,510.638
51.95108,5.70057,22557.998,511.47827
51.949886,5.7039065,22572.656,512.2396
51.94896,5.706698,22586.807,513.32263
51.947525,5.7091794,22646.463,513.95056
51.94577,5.709793,22692.459,514.8251
51.945423,5.7132964,22762.16,515.8044
51.944523,5.7181926,22595.021,516.7141
51.943375,5.7181587,22868.17,517.7968
51.94147,5.7193184,22866.467,518.0282
51.940044,5.7233667,22855.543,519.2076
51.939148,5.7255044,22884.527,519.9785
51.93828,5.72732,22945.371,520.88885
51.93687,5.729311,22981.01,521.7575
51.93569,5.7319703,23001.527,522.6199
51.933758,5.734737,23005.38,523.74585
51.932426,5.7374983,23152.783,524.08344
51.931618,5.7401447,23189.482,525.551
51.930977,5.741418,23242.838,526.11646
51.930065,5.7436576,23276.584,527.05756
51.92803,5.7466054,23295.373,528.3296
51.92732,5.7506094,23318.15,529.0241
51.92616,5.7500143,23382.027,529.5923
51.925163,5.751735,23376.871,530.60284
51.923588,5.75571,23373.953,531.72375
51.922546,5.7600846,23470.572,532.7065
51.922115,5.760744,23509.791,533.612
51.92002,5.761465,23543.414,534.41815
51.91808,5.7648377,23523.736,535.5335
51.918007,5.7678876,23538.676,536.4831
51.916756,5.768787,23578.502,536.9638
51.914627,5.770174,23593.86,537.97723
51.914757,5.772429,23712.297,539.1544
51.913124,5.7735996,23726.557,539.5265
51.911156,5.778751,23762.676,540.9208
51.910137,5.779882,23878.59,541.27484
51.909813,5.782057,23623.28,542.5605
51.907715,5.7826457,23915.05,543.34515
51.906704,5.7847047,23909.74,544.2784
51.904724,5.78907,23963.434,545.3505
51.904243,5.790141,23720.533,546.152
51.90286,5.7923408,24112.436,546.87775
51.901283,5.7940135,24093.469,547.7956
51.900887,5.797603,24124.256,548.672
51.899418,5.7981205,24222.63,549.64966
51.898636,5.8025236,23913.904,550.9183
51.89679,5.8039794,24284.002,551.49274
51.89576,5.8060894,24323.664,552.7608
51.895515,5.8096495,23979.043,553.2662
51.89275,5.809681,24350.686,554.2301
51.891647,5.8133483,24351.37,555.4756
51.89009,5.815104,24253.543,555.8987
51.888832,5.8162475,24424.594,557.0525
51.887222,5.81927,24481.018,558.0053
51.886166,5.820321,24535.826,558.8681
51.885406,5.822302,24557.361,559.82733
51.884033,5.8253894,24630.037,560.2159
51.882706,5.827926,24489.78,561.3476
51.880936,5.829252,24719.242,562.5293
51.88029,5.8327703,24524.693,563.1535
51.87854,5.834149,24752.484,564.09955
51.87725,5.836032,24719.498,565.0277
51.87642,5.8392253,24741.322,566.0613
51.87521,5.8415613,24768.75,566.76044
51.873955,5.843214,24814.957,567.8481
51.872585,5.844902,24851.775,568.9019
51.871605,5.8469825,24872.432,569.3977
51.86984,5.850649,24906.69,570.36194
51.86851,5.8514304,24958.219,571.693
51.867462,5.8532696,25015.963,572.5133
51.86615,5.8551655,24969.79,573.32245
51.86542,5.8577857,25068.357,574.1955
51.863403,5.860608,25049.072,575.2672
51.862083,5.862562,25106.758,575.9104
51.861958,5.8640275,25125.428,576.6703
51.859585,5.865604,25123.873,578.1232
51.858055,5.869644,25151.516,578.9558
51.85763,5.872729,25181.32,579.6563
51.85624,5.874064,25180.156,580.5442
51.854378,5.8752213,25218.15,581.2061
51.852356,5.877605,25222.69,582.6978
51.852135,5.879422,25260.035,583.16974
51.85053,5.881973,25393.084,584.2938
51.849014,5.8841276,25532.502,584.9928
51.848232,5.8867264,25119.156,586.0479
51.846302,5.8873525,25606.393,586.5914
51.844387,5.8891244,25573.69,587.70435
51.84369,5.891325,25602.703,588.52325
51.842632,5.8940697,25617.207,589.62494
51.84119,5.8972983,25687.22,590.16266
51.840282,5.8980637,25775.258,590.91986
51.838474,5.902023,25396.92,592.3683
51.837814,5.9009967,25807.896,592.9562
51.835316,5.9044566,25763.3,594.02747
51.833965,5.9063163,25811.78,594.882
51.832745,5.909651,25925.764,596.0761
51.831593,5.9122753,25486.02,596.69885
51.830338,5.9115543,25998.465,597.2714
51.82867,5.91443,25924.438,598.4192
51.82677,5.917499,25976.414,599.02185
51.825268,5.9195766,26069.055,600.135
51.824585,5.92345,25864.936,600.85144
51.823124,5.923876,26105.52,601.45905
51.821472,5.924951,26087.852,602.55115
51.819843,5.9278326,26187.447,602.95465
51.817818,5.930475,26006.953,604.2604
51.817318,5.933323,26203.057,605.5857
51.81606,5.9331603,26214.977,607.95355
51.814648,5.9354405,26334.334,605.75543
51.815556,5.9396987,25804.521,608.8015
51.813976,5.941022,26397.152,609.2672
51.812332,5.93889,26327.322,609.40826
51.81055,5.943132,26221.23,611.8512
51.809574,5.945989,26369.45,611.3951
51.80807,5.949783,26390.203,612.56354
51.80641,5.949231,26363.703,614.07654
51.80421,5.9523745,26350.65,614.64655
51.80273,5.954752,26558.504,615.1572
51.80193,5.957736,26544.297,616.7006
51.800045,5.9598737,26501.805,617.63617
51.799038,5.959772,26669.852,618.3393
51.797737,5.964446,26356.398,619.3147
51.795887,5.965017,26679.232,620.3344
51.794502,5.9672656,26723.773,620.7058
51.79238,5.969857,26610.217,622.02167
51.79091,5.97107,26698.053,623.3136
51.789047,5.9731503,26726.746,623.9528
51.788815,5.9768443,26809.164,625.2917
51.78607,5.9778767,26807.41,625.4706
51.78504,5.9803643,26736.373,626.266
51.784332,5.982551,26907.477,627.228
51.78355,5.982605,26920.78,629.1433
51.78116,5.9874988,26933.975,629.44135
51.77974,5.9889293,26908.582,629.5767
51.779762,5.9917955,26939.396,631.016
51.775967,5.9922175,26992.863,631.066
51.77525,5.9935536,27065.28,632.4445
51.77349,5.996799,27066.748,633.4754
51.772106,5.999451,27164.531,634.21796
51.7713,6.002339,26779.625,635.22687
51.77091,6.002063,27262.443,635.933
51.767906,6.004135,27177.791,637.2185
51.766098,6.006332,27202.457,638.0374
51.765457,6.0109715,27213.07,639.0174
51.763077,6.0131764,27168.355,639.6666
51.76217,6.013599,27309.146,640.7735
51.7609,6.0155296,27265.373,641.6065
51.758522,6.0179715,27270.717,641.8387
51.757996,6.021089,27383.826,642.9441
51.75643,6.0213304,27289.596,644.06726
51.754875,6.0231833,27404.637,644.5475
51.753315,6.0267916,27362.777,646.4381
51.750988,6.029928,27482.242,646.6765
51.750126,6.0310445,27460.32,648.10333
51.74874,6.032414,27438.584,648.5376
51.74732,6.0343113,27545.928,650.2266
51.744522,6.036284,27659.947,650.06696
51.743996,6.0412045,27419.72,651.09076
51.743374,6.0426717,27555.445,652.05585
51.74093,6.0410337,27676.338,652.28534
51.739605,6.0425463,27666.965,654.5698
51.738213,6.047241,27717.883,653.7195
51.736843,6.0496063,27746.648,656.0805
51.73519,6.05142,27829.709,656.87195
51.733383,6.0527067,27640.629,658.27716
51.73108,6.055073,27874.668,658.73883
51.729546,6.056857,27882.656,659.9121
51.728596,6.0602746,27867.643,660.2616
51.727398,6.0614185,27912.932,661.57733
51.726536,6.063539,28020.639,662.52893
51.725178,6.06777,27611.715,663.91785
51.722958,6.0678897,28061.807,662.991
51.722675,6.070365,28011.64,665.2934
51.71994,6.070702,28022.771,665.7713
51.7167,6.0720577,28043.443,666.86035
51.715637,6.0776844,28063.66,668.71704
51.714138,6.0820055,28066.11,668.0215
51.71314,6.079292,28063.986,670.70935
51.71195,6.0816545,28108.482,670.3977
51.709023,6.0850487,28197.363,670.9686
51.709118,6.0858107,27878.074,672.3431
51.70841,6.0861373,27993.648,673.86523
51.70605,6.0888186,28369.254,673.75226
51.70406,6.0914946,28184.709,675.6494
51.700924,6.0943294,28296.059,674.74475
51.70074,6.0947256,28259.89,676.76337
51.698383,6.095094,28325.564,677.9817
51.69666,6.09852,28301.303,678.71906
51.696224,6.101783,28367.432,678.98126
51.693962,6.103567,28421.13,680.23303
51.692814,6.105744,28442.887,681.198
51.691216,6.105563,28481.3,681.4626
51.69008,6.106321,28482.172,683.00775
51.687992,6.112241,28554.818,683.79333
51.685764,6.115547,28568.873,685.1755
51.68543,6.1162634,28605.9,685.52075
51.683285,6.116639,28617.443,687.3105
51.681255,6.1196585,28719.621,687.3923
51.68111,6.1231465,28277.34,689.17053
51.67832,6.1244664,28804.639,689.5568
51.676785,6.1267023,28530.162,691.3186
51.67498,6.1270566,28724.004,690.7325
51.673588,6.1290855,28732.307,692.3759
51.671673,6.1333656,28749.215,692.7834
51.67017,6.1345186,28799.547,693.5089
51.668186,6.135144,28851.87,694.6542
51.666584,6.137023,28919.412,695.4344
51.66532,6.1397486,28694.271,696.69995
51.663868,6.1413565,28967.004,697.38385
51.66314,6.143701,28948.498,698.56464
51.66056,6.145907,28984.008,699.45703
51.65861,6.146945,28978.855,699.92896
51.657032,6.150199,28986.424,701.06976
51.656166,6.1527,29060.996,702.00415
51.653305,6.152991,29080.457,703.0171
51.652424,6.1550384,29109.371,704.00085
51.65126,6.1586995,29190.041,704.87897
51.649364,6.160032,28943.023,706.00525
51.648247,6.159087,29235.82,706.43665
51.64531,6.1637306,29250.2,707.5951
51.644287,6.166172,29100.324,708.84393
51.644043,6.166042,29298.047,709.50653
51.640987,6.1664066,29288.12,710.19867
51.638916,6.1722393,29306.973,711.39667
51.637676,6.178566,29355.162,712.25037
51.63551,6.174849,29315.959,713.3049
51.63479,6.174023,29440.111,713.6123
51.63209,6.177328,29365.176,714.9064
51.63166,6.1803827,29471.156,715.75964
51.62889,6.18365,29433.348,716.8902
51.629528,6.18551,29481.2,717.03534
51.627117,6.186305,29468.055,718.81506
51.624943,6.188516,29531.111,719.2094
51.62348,6.191157,29559.264,719.7815
51.621002,6.191411,29583.89,721.36176
51.619675,6.194777,29618.582,722.25146
51.617867,6.195533,29624.066,722.7618
51.61685,6.1978827,29667.027,723.9372
51.61532,6.200347,29698.34,724.44965
51.613186,6.203042,29778.873,725.9614
51.612286,6.205416,29497.318,727.22876
51.610886,6.2062473,29840.56,726.5831
51.60849,6.2074585,29782.842,729.1783
51.605785,6.2092834,29779.846,728.9209
51.605553,6.21445,29851.057,730.2608
51.60464,6.214955,29953.385,730.91895
51.602272,6.216911,29726.889,733.13245
51.600044,6.2177997,30059.303,732.56635
51.599934,6.2199106,29747.338,736.8337
51.602234,6.2185574,29937.863,731.3417
51.600063,6.22504,29947.605,734.23456
51.5997,6.225318,30011.312,735.142
51.597015,6.226247,30082.893,736.986
51.593834,6.2303967,29875.068,737.60754
51.593765,6.231379,30120.014,738.3505
51.591854,6.232652,30090.76,739.3675
51.58862,6.235806,30118.955,740.9026
51.589005,6.2375765,30149.205,740.6276
51.58739,6.2367115,30172.842,741.4267
51.585365,6.240851,30229.076,743.2515
51.582672,6.243895,29974.865,743.41064
51.583412,6.2450213,30405.47,744.6043
51.578377,6.2468715,30244.29,747.09534
51.57742,6.248773,30281.607,745.9343
51.578873,6.24789,30359.53,746.4377
51.575058,6.250864,30344.975,750.31024
51.57379,6.2577505,30384.182,747.94196
51.57316,6.2570806,30454.984,749.8334
51.57062,6.2572002,30323.854,751.5407
51.567993,6.259352,30466.658,751.79675
51.567287,6.2618504,30544.125,752.5452
51.56614,6.263614,30306.691,754.7315
51.563404,6.266916,30590.842,754.5955
51.561947,6.26829,30574.31,755.3567
51.56019,6.2679386,30567.494,756.5094
51.558304,6.2711606,30590.568,757.6934
51.556988,6.273236,30635.293,758.82135
51.555172,6.2747355,30664.379,758.6808
51.553577,6.2777195,30697.297,760.4558
51.551636,6.2801704,30725.564,760.8606
51.550236,6.2811985,30747.992,761.78125
51.549164,6.2829046,30798.158,763.8096
51.547035,6.2859344,30839.344,763.8553
51.54534,6.287668,30844.53,764.2342
51.54373,6.2905445,30678.61,765.52185
51.54271,6.290828,30931.54,766.4583
51.54038,6.292934,30940.918,767.8096
51.537514,6.293785,30935.18,768.68866
51.537014,6.2981353,30938.258,769.3991
51.535076,6.29881,30998.326,769.91437
51.532997,6.3023186,31005.158,772.1267
51.531826,6.303348,31045.375,771.17053
51.530544,6.304769,31067.92,773.6177
51.5284,6.3079414,31134.514,773.9127
51.527584,6.309828,30990.883,774.713
51.526836,6.3128843,31250.719,775.4612
51.524044,6.313412,30989.574,776.68713
51.52199,6.3158126,31265.902,777.0105
51.51979,6.3169794,31203.514,778.44354
51.518684,6.3191776,31247.541,778.9475
51.517372,6.3214726,31257.025,780.0507
51.51572,6.322479,31318.777,780.4362
51.512825,6.3249,31365.816,781.9479
51.511192,6.327213,31416.88,782.5477
51.51189,6.3288302,31369.717,782.8275
51.50932,6.3288,31414.105,784.4373
51.506855,6.335091,31429.336,784.8106
51.50542,6.3331947,31409.752,786.452
51.50409,6.3355637,31460.176,787.3541
51.50162,6.3392186,31560.121,788.007
51.500034,6.3417354,31547.209,788.89996
51.499313,6.342802,31572.93,789.5885
51.497154,6.3433237,31585.982,790.6919
51.49411,6.3454165,31591.037,792.68463
51.49384,6.347552,31611.988,792.94135
51.49294,6.3524857,31620.006,793.6275
51.491333,6.350949,31744.115,794.437
51.48856,6.354804,31726.52,795.57513
51.48687,6.3551273,31709.082,796.0284
51.4852,6.3577194,31764.291,797.44135
51.48285,6.360507,31711.11,798.49347
51.48304,6.362157,31822.346,798.50653
51.481266,6.3639374,31861.533,800.66534
51.479324,6.364868,31800.305,801.2167
51.477165,6.3680925,31865.637,800.8957
51.4762,6.3680854,31895.045,802.78925
51.474926,6.3700976,31930.229,804.07697
51.47074,6.370994,31930.781,804.50055
51.470985,6.376905,31933.76,806.10614
51.47005,6.3762174,31953.105,806.04083
51.46766,6.3782444,32033.676,807.7503
51.46463,6.380096,32072.836,808.22064
51.463993,6.3810043,31947.297,808.8027
51.46262,6.3844023,32142.246,810.12695
51.461777,6.384712,32098.105,810.7348
51.46014,6.389456,32042.662,812.6918
51.458817,6.3883004,32239.156,813.30566
51.45585,6.3912835,32235.525,813.7425
51.45495,6.3925295,32274.182,814.8019
51.453835,6.393989,32228.332,815.6773
51.4518,6.397883,32369.633,817.2549
51.449265,6.398991,32291.95,817.5791
51.448402,6.4006515,32259.607,818.6246
51.447517,6.4046826,32405.201,819.08984
51.44493,6.4044647,32405.682,820.2912
51.442947,6.4058795,32497.613,821.69995
51.44077,6.40796,32522.445,822.1172
51.4396,6.4090014,32477.488,823.0219
51.43843,6.4118314,32531.043,824.02454
51.43749,6.4127316,32574.334,824.49805
51.434956,6.414781,32628.86,826.3806
51.433956,6.4194274,32608.242,827.2751
51.43241,6.4175334,32678.086,827.21625
51.43122,6.420816,32602.096,829.41724
51.428898,6.4227514,32731.414,829.4294
51.427616,6.4251237,32691.543,831.02014
51.42512,6.4256845,32739.982,832.0945
51.423954,6.42991,32739.586,832.8474
51.421955,6.4323707,32746.041,832.8495
51.421017,6.434348,32770.098,833.89343
51.41905,6.4337115,32814.39,835.1096
51.41696,6.437477,32853.293,835.9761
51.416065,6.440786,32861.535,836.8785
51.414284,6.4419413,32830.348,837.4048
51.412678,6.442537,32937.875,838.97095
51.4106,6.4445715,32877.047,839.94507
51.40862,6.448028,32979.504,840.20056
51.408264,6.448872,33014.902,841.2295
51.405888,6.450147,33018.79,842.15393
51.403526,6.4509587,32994.008,843.44257
51.402767,6.455532,33027.664,843.8923
51.40008,6.4585543,33061.2,845.164
51.399185,6.4605284,33092.7,845.6989
51.39798,6.4591126,33094.89,847.27264
51.39648,6.4635,33167.527,847.3676
51.39348,6.4623213,33148.56,848.7582
51.391888,6.468419,33181.68,849.886
51.391644,6.4677267,33259.777,850.7061
51.389,6.4697556,33064.555,851.57886
51.38813,6.474449,33302.95,852.38745
51.38622,6.4744024,33289.555,853.1666
51.383713,6.476587,33305.863,853.7694
51.38185,6.478157,33316.742,855.19336
51.38099,6.4809117,33301.324,855.5769
51.378918,6.481791,33332.508,856.4652
51.377617,6.487923,33371.895,857.8087
51.375587,6.486144,33405.59,859.1022
51.374256,6.4861007,33384.57,858.73517
51.372467,6.4896045,33395.387,860.6606
51.370903,6.4927707,33435.1,860.6289
51.369034,6.49454,33456.367,862.5367
51.36718,6.4942827,33494.0,863.2521
51.36599,6.4992023,33483.49,864.83453
51.363464,6.5019445,33515.418,864.75415
51.363434,6.5032234,33530.293,864.73315
51.36036,6.502494,33574.2,867.5339
51.357452,6.50627,33536.203,867.9754
51.357845,6.5082316,33637.08,867.658
51.355896,6.508744,33621.363,869.6286
51.355152,6.5129385,33631.582,870.3221
51.353764,6.512728,33717.066,870.8903
51.350285,6.510275,33622.15,871.86755
51.349075,6.5176573,33735.28,872.898
51.346172,6.521714,33770.215,874.5843
51.346527,6.5218678,33807.77,873.5728
51.344673,6.521508,33808.918,875.5251
51.34263,6.5252285,33792.145,877.10046
51.34133,6.5291357,33813.473,878.03455
51.33914,6.52807,33855.98,877.9556
51.33879,6.527901,33851.6,878.79877
51.335606,6.5318184,33884.293,880.8583
51.335007,6.537703,33890.332,880.69336
51.334232,6.537189,33931.598,881.6726
51.331062,6.53779,33934.35,883.9081
51.32804,6.541021,33940.76,883.9094
51.32866,6.5424423,33965.086,884.4966
51.326508,6.545858,33998.13,885.4908
51.325092,6.5439253,33963.707,885.52673
51.32364,6.5482554,33988.7,887.84924
51.321587,6.5511255,33994.246,888.3209
51.320633,6.5522184,34085.96,888.7943
51.317875,6.552673,34110.516,889.86847
51.316383,6.556031,34106.46,890.6922
51.31397,6.559133,34109.695,892.2175
51.312916,6.5595155,34139.42,892.27203
51.311737,6.5632176,34146.824,893.14606
51.31003,6.562338,34016.246,895.44745
51.30878,6.5655847,34202.78,895.2872
51.306885,6.566922,34205.69,896.58813
51.305305,6.568268,34232.055,896.8195
51.30368,6.57032,34225.34,897.9795
51.301353,6.5718675,34260.184,898.70105
51.299793,6.574817,34236.508,899.6417
51.29624,6.579053,34286.08,900.7872
51.2975,6.579625,34308.316,901.541
51.29518,6.578014,34304.465,901.91547
51.293915,6.5817175,34275.48,904.27826
51.290813,6.584434,34330.54,903.5874
51.290478,6.5859017,34328.39,905.9276
51.288013,6.5865235,34329.812,905.65906
51.285686,6.5908647,34369.625,907.47144
51.284428,6.5944586,34387.227,908.25714
51.28266,6.5960846,34434.176,908.4948
51.282295,6.593899,34420.63,910.19116
51.27928,6.597534,34471.13,909.93066
51.277416,6.6001964,34482.312,911.2189
51.27737,6.6011276,34478.36,912.3981
51.274475,6.6028824,34411.86,913.1071
51.273663,6.605579,34523.215,913.88654
51.272667,6.6024694,34524.96,915.012
51.270283,6.6074276,34529.086,915.48987
51.267784,6.611713,34556.395,916.2545
51.267006,6.613534,34593.805,917.43365
51.265476,6.6123443,34596.902,918.87317
51.262386,6.6156783,34564.168,919.6816
51.262417,6.6209855,34587.867,920.56396
51.26117,6.6198215,34607.797,920.989
51.25964,6.620008,34605.594,921.4276
51.256416,6.6230974,34646.97,923.04315
51.25516,6.625473,34642.406,923.8372
51.253498,6.6295094,34676.703,924.73114
51.252033,6.6283827,34688.414,925.24286
51.24901,6.6304846,34706.336,926.25354
51.247932,6.6336975,34739.883,927.9368
51.246323,6.633967,34733.11,928.43976
51.24597,6.6378193,34741.12,929.1344
51.244244,6.6397076,34719.586,930.33777
51.242672,6.6389966,34802.203,930.8098
51.239914,6.6433434,34770.453,931.8567
51.238926,6.6451893,34797.277,932.7129
51.236774,6.6459675,34794.414,934.0157
51.235325,6.6466403,34813.51,934.55444
51.23417,6.649523,34790.227,935.8255
51.231163,6.6542597,34790.14,937.1902
51.23003,6.6542163,34850.76,936.89197
51.22914,6.653519,34875.297,937.82404
51.226345,6.6565394,34861.754,939.04663
51.22417,6.6605997,34877.09,939.4494
51.22486,6.6606984,34901.004,941.05365
51.222153,6.661023,34868.62,941.582
51.22086,6.663827,34945.832,942.1615
51.219173,6.6642056,34984.28,943.3104
51.21785,6.6675696,34947.39,944.1977
51.217377,6.6694574,34967.266,945.24854
51.21448,6.6708984,34992.492,945.835
51.213215,6.6733646,34971.18,946.5349
51.21171,6.6741047,34997.67,947.559
51.208466,6.677327,34988.074,948.8657
51.207653,6.6787477,34969.836,949.5693
51.206875,6.6822147,34912.785,950.5989
51.20423,6.683054,34994.59,950.99255
51.202408,6.684722,35023.34,951.3475
51.20016,6.685626,35032.867,952.916
51.199078,6.6877203,35050.562,954.0678
51.198048,6.690938,35073.285,954.9665
51.195877,6.691178,35101.227,956.0878
51.19362,6.694745,35069.508,956.9251
51.193012,6.6922426,35092.668,957.27545
51.18994,6.695023,35053.055,958.80536
51.188644,6.699206,35055.387,959.0859
51.18783,6.698722,35081.953,959.69763
51.185513,6.700108,35102.043,961.3725
51.183628,6.7031584,35120.875,961.4728
51.18296,6.705694,35121.03,962.5545
51.18163,6.709389,35137.484,963.96295
51.1799,6.708713,35139.848,964.38477
51.177326,6.7099166,35133.52,965.83575
51.17675,6.7140884,35156.957,965.6632
51.17501,6.715378,35154.14,967.2851
51.172554,6.7167144,35165.652,967.7408
51.170544,6.7181983,35189.9,969.1546
51.168808,6.7208047,35208.71,969.88574
51.167667,6.7204995,35189.2,970.70776
51.164627,6.7237735,35196.844,971.20654
51.163677,6.7254863,35231.973,972.8251
51.16278,6.7268233,35253.266,973.54315
51.160965,6.731136,35205.258,974.17004
51.159985,6.7318425,35248.9,975.16766
51.15695,6.732312,35252.715,976.36255
51.156403,6.732824,35255.72,977.1612
51.15469,6.7351904,35255.047,977.6435
51.1522,6.739301,35255.23,979.1886
51.15174,6.740194,35236.668,979.32324
51.149307,6.742778,35241.145,980.1382
51.147755,6.7445526,35255.81,981.06366
51.145504,6.7452855,35282.586,982.4765
51.144684,6.7472954,35260.59,982.9652
51.141422,6.7477007,35310.176,984.0514
51.140186,6.748654,35356.438,985.35944
51.13906,6.750665,35296.734,985.5521
51.138798,6.754398,35315.574,986.8025
51.136257,6.7579713,35282.844,987.41614
51.133377,6.757062,35320.676,988.34595
51.132072,6.7585845,35312.24,989.0929
51.13149,6.761267,35326.48,989.60205
51.128304,6.7631607,35348.465,991.3252
51.128017,6.7657056,35345.992,991.579
51.125313,6.7668386,35370.008,993.01636
51.123966,6.767995,35340.047,993.8069
51.122593,6.769234,35349.316,994.1344
51.121284,6.772225,35377.887,995.38525
51.119564,6.77396,35388.04,996.20264
51.117092,6.776725,35403.86,996.7703
51.11496,6.778799,35422.105,997.76184
51.11513,6.778211,35402.387,998.6768
51.111267,6.78129,35400.3,999.3852
51.11126,6.7832875,35420.332,1000.551
51.10894,6.7844296,35413.773,1001.042
51.108128,6.7851553,35420.863,1002.12067
51.105312,6.788315,35429.22,1003.1874
51.103245,6.7896237,35409.188,1004.12244
51.10176,6.7893143,35437.08,1004.673
51.098934,6.793538,35433.863,1005.6511
51.09863,6.795155,35385.84,1006.64514
51.096138,6.7968063,35453.926,1008.2267
51.09453,6.796046,35447.195,1008.6861
51.094162,6.7997108,35458.41,1010.0767
51.092106,6.8024907,35430.613,1010.16394
51.08953,6.8021603,35526.695,1011.11365
51.088493,6.8048096,35468.08,1011.73755
51.08716,6.808905,35470.973,1012.859
51.08524,6.8082232,35462.66,1013.6439
51.082916,6.8090134,35491.22,1014.7303
51.08217,6.810732,35496.11,1015.4604
51.080315,6.814293,35489.344,1016.24945
51.077824,6.81556,35483.508,1017.2041
51.077595,6.815688,35487.094,1018.2105
51.07565,6.8188567,35502.11,1018.5645
51.07417,6.8224196,35475.855,1020.1634
51.070282,6.8217006,35516.645,1021.1925
51.068714,6.8262963,35503.04,1021.4034
51.068287,6.8247113,35544.06,1022.3279
51.065166,6.825182,35555.71,1023.19904
51.06402,6.8318467,35577.51,1024.946
51.062996,6.8313646,35561.906,1025.4319
51.061844,6.832736,35605.977,1025.8383
51.05939,6.8350224,35574.863,1026.7032
51.05714,6.83587,35611.91,1027.4374
51.056416,6.8387337,35580.96,1028.6439
51.053547,6.839642,35597.305,1029.1532
51.05287,6.8414364,35665.64,1030.587
51.051193,6.841587,35616.37,1031.2599
51.0496,6.845107,35630.047,1032.1488
51.04839,6.8470798,35648.816,1033.3447
51.04577,6.84699,35597.258,1034.2688
51.044693,6.851956,35618.066,1034.8511
51.042576,6.852447,35669.605,1035.7797
51.040176,6.851043,35602.355,1035.5048
51.03767,6.856488,35658.035,1036.91
51.03855,6.856293,35643.355,1038.9355
51.034958,6.860899,35619.727,1039.7135
51.034782,6.8610773,35644.8,1039.2595
51.032166,6.8611875,35673.082,1040.6742
51.03082,6.863154,35696.65,1042.075
51.029118,6.8667006,35696.324,1042.5884
51.02753,6.868478,35734.01,1043.2101
51.02586,6.869922,35738.492,1044.373
51.02178,6.870918,35721.355,1045.6049
51.022396,6.868856,35753.152,1046.9294
51.01995,6.8736305,35720.785,1047.2396
51.01708,6.876964,35732.74,1048.3257
51.017143,6.8802414,35715.613,1048.9231
51.01414,6.881249,35873.844,1050.903
51.013985,6.8830695,35740.75,1050.2122
51.01081,6.882402,35770.098,1051.4717
51.00826,6.883708,35803.406,1052.5269
51.00777,6.8865113,35782.363,1053.0507
51.00539,6.8888893,35763.066,1054.4587
51.004272,6.8898773,35821.836,1055.2432
51.00281,6.891702,35815.16,1056.4153
51.00052,6.8938975,35775.336,1057.0603
50.999622,6.89672,35862.914,1058.4583
50.997097,6.8963885,35780.336,1058.5575
50.995445,6.8987727,35806.65,1059.2621
50.99439,6.903155,35823.02,1059.9545
50.99285,6.9015713,35844.113,1061.7452
50.99293,6.9018474,35884.52,1062.092
50.989468,6.906431,35872.348,1063.1747
50.986637,6.9091005,35879.527,1064.1854
50.984604,6.911983,35947.715,1065.8119
50.98258,6.909311,35892.188,1066.4067
50.982693,6.910949,35920.855,1066.896
50.980247,6.915035,35867.707,1067.7557
50.977066,6.9172378,35950.207,1069.3862
50.9779,6.9182696,35843.824,1069.375
50.97621,6.919248,35882.082,1070.2743
50.97296,6.920175,35944.04,1070.9329
50.96916,6.9222074,35985.945,1072.2847
50.972168,6.9256597,35974.8,1072.7787
50.968307,6.9275846,35986.645,1073.8398
50.96721,6.927211,35986.176,1074.4625
50.964275,6.9307213,35984.848,1076.3035
50.965187,6.9315095,35974.8,1076.2062
50.959568,6.934369,35972.77,1077.7361
50.958977,6.9340587,36102.43,1078.279
50.958633,6.935156,35976.93,1079.6188
50.953537,6.940366,35974.676,1080.8153
50.953495,6.9400373,36132.62,1082.0023
50.95406,6.9415426,36028.88,1081.8033
50.950977,6.942271,36065.67,1082.9053
50.948486,6.945454,36072.504,1084.8383
50.94718,6.9491453,36074.14,1084.369
50.94731,6.9488735,36110.43,1085.1084
50.948,6.9520307,36054.9,1086.1702
50.940266,6.9546466,36033.33,1086.5399
50.94046,6.952789,36102.17,1088.0297
50.93779,6.953382,36100.496,1089.2207
50.936848,6.956663,36142.387,1090.6396
50.9356,6.957846,36162.57,1090.1232
50.93485,6.95974,36175.473,1091.5951
50.927624,6.9616694,36115.86,1093.0638
50.928352,6.965241,36193.27,1094.4268
50.929565,6.9601583,36238.09,1095.8066
50.92609,6.9695444,36190.684,1096.4384
50.924873,6.9686036,36176.438,1096.5955
50.922993,6.9711323,36206.52,1097.8085
50.92301,6.974593,36243.484,1098.1482
50.920017,6.9749904,36241.414,1098.9838
50.918854,6.9788938,36216.062,1099.9972
50.916992,6.980393,36283.164,1101.892
50.915527,6.9799056,36191.715,1101.3844
50.91462,6.981553,36268.03,1102.5549
50.90996,6.984794,36274.137,1103.9741
50.910027,6.983196,36286.035,1105.0756
50.908092,6.986151,36301.645,1105.3383
50.90516,6.9886627,36330.64,1106.4587
50.905956,6.9913907,36299.703,1107.5426
50.90203,6.992392,36265.3,1108.0032
50.90079,6.995093,36256.06,1109.7236
50.899815,6.9949346,36284.99,1110.2673
50.898834,6.9978456,36367.23,1110.7626
50.89642,6.999925,36393.43,1112.158
50.894848,7.001541,36363.09,1112.9191
50.893665,7.00295,36372.01,1114.049
50.88871,7.0026608,36360.56,1114.3971
50.889023,7.0088243,36354.066,1115.4344
50.88681,7.0075192,36399.992,1116.3198
50.88558,7.008811,36379.703,1117.7253
50.884148,7.009731,36390.395,1118.6426
50.883114,7.012881,36392.645,1119.1827
50.879616,7.0146074,36429.51,1119.8835
50.88166,7.0150247,36437.508,1121.2959
50.87819,7.0135922,36488.504,1120.9199
50.876083,7.016179,36476.51,1122.7749
50.875996,7.021745,36492.973,1123.1384
50.87375,7.022914,36482.54,1124.5621
50.87131,7.0235224,36533.99,1125.8588
50.87029,7.025499,36567.773,1127.0685
50.867092,7.027693,36533.523,1128.5219
50.867928,7.028514,36574.41,1128.1902
50.863598,7.0340476,36507.8,1129.4586
50.86131,7.032605,36523.13,1129.9978
50.861977,7.0368214,36517.54,1131.4016
50.860287,7.035561,36668.062,1132.6077
50.85759,7.0401726,36577.207,1132.7681
50.853603,7.040308,36612.22,1133.7803
50.8538,7.0437083,36625.137,1134.9507
50.853054,7.043811,36625.938,1135.8573
50.8531,7.041867,36639.984,1135.9047
50.85103,7.04538,36629.695,1137.4766
50.848507,7.0466547,36628.285,1138.528
50.848347,7.0532675,36674.09,1139.6578
50.846684,7.0526586,36622.824,1139.6676
50.844685,7.05309,36690.742,1141.3811
50.842663,7.056126,36672.977,1142.5466
50.838196,7.056551,36724.53,1142.7496
50.83958,7.0612507,36713.266,1144.1345
50.83686,7.059951,36767.945,1144.7788
50.835182,7.062869,36747.832,1145.883
50.8334,7.0640373,36760.457,1146.405
50.834324,7.069493,36738.926,1147.2322
50.82933,7.067263,36769.992,1148.4097
50.827938,7.0690227,36763.445,1149.0173
50.826706,7.0752134,36757.09,1150.3547
50.826454,7.0722213,36768.844,1151.0219
50.826168,7.0757265,36758.547,1152.4275
50.82179,7.077337,36791.754,1153.0209
50.820496,7.0785356,36815.816,1154.7471
50.818733,7.0788255,36832.12,1155.0217
50.817574,7.0819836,36864.6,1155.3322
50.81458,7.0848484,36826.46,1157.27
50.814598,7.08548,36870.07,1157.8202
50.8132,7.087322,36879.938,1158.4998
50.81043,7.0889,36878.066,1159.6671
50.808983,7.0909724,36894.465,1160.6716
50.806885,7.0926175,36923.113,1160.9358
50.805622,7.093481,36916.395,1162.0834
50.802288,7.096477,36903.65,1162.798
50.80092,7.099033,36903.65,1163.9498
50.79914,7.0998263,36906.426,1165.3041
50.79854,7.0997252,36909.977,1165.439
50.79636,7.1040993,36936.855,1166.7557
50.79448,7.1059656,36919.465,1167.8099
50.79365,7.105318,36896.81,1168.8602
50.790554,7.109691,36969.254,1169.955
50.790783,7.110451,36956.4,1170.0946
50.790432,7.112298,36994.727,1171.3535
50.787155,7.114563,36982.62,1172.1682
50.785484,7.1163754,36983.62,1173.0697
50.78228,7.113039,37003.11,1173.3992
50.78106,7.1178727,36950.91,1174.8622
50.77913,7.1225176,36990.254,1175.5969
50.778347,7.1260266,37037.473,1176.8777
50.776146,7.1243825,37039.055,1178.0115
50.774773,7.125326,37040.363,1178.0421
50.77326,7.1296186,37043.688,1179.6771
50.77166,7.1288185,37055.535,1179.4519
50.77188,7.1306186,37079.133,1181.2977
50.76773,7.130871,37121.492,1182.3652
50.766415,7.1352186,37107.652,1182.9165
50.767017,7.136578,37134.7,1183.2501
50.763783,7.1390266,37121.973,1185.2299
50.762157,7.140111,37146.617,1186.1198
50.75917,7.1410775,37134.094,1186.8177
50.758133,7.1461005,37176.508,1187.2373
50.75585,7.149123,37149.7,1188.7009
50.755894,7.1501904,37107.473,1189.1832
50.75619,7.1466084,37141.676,1189.829
50.752094,7.1539984,37131.492,1191.2874
50.749763,7.1523166,37173.332,1191.7511
50.746624,7.154329,37173.613,1192.7748
50.74645,7.153438,37168.53,1193.2802
50.746838,7.159417,37132.11,1195.2097
50.742756,7.161063,37216.46,1195.1858
50.742985,7.16501,37164.848,1195.9569
50.739872,7.158869,37162.65,1197.2976
50.736954,7.1634836,37197.113,1198.5164
50.737152,7.1669955,37243.793,1198.6195
50.73571,7.168335,37240.61,1199.8273
50.734035,7.1714363,37228.48,1200.7759
50.73161,7.1695824,37222.715,1201.6118
50.730602,7.17165,37182.66,1202.7303
50.729053,7.174425,37274.992,1203.6373
50.7276,7.1785474,37246.887,1204.8235
50.7259,7.1841216,37309.723,1205.4177
50.724308,7.1819587,37266.645,1206.0723
50.72474,7.182716,37300.95,1206.7672
50.720203,7.1846848,37300.418,1208.3638
50.71731,7.1866803,37317.34,1209.079
50.717068,7.1885767,37293.543,1210.2489
50.71383,7.1883497,37316.85,1210.9458
50.71352,7.1912994,37318.773,1211.3329
50.71132,7.1929164,37330.305,1212.8103
50.710117,7.1949873,37341.234,1213.6149
50.710213,7.1984153,37335.633,1213.995
50.706,7.196235,37330.742,1215.0297
50.706566,7.201014,37351.145,1216.6816
50.703403,7.203489,37354.92,1217.2034
50.701324,7.203086,37350.258,1217.5697
50.70082,7.207216,37390.465,1219.0872
50.6976,7.208102,37369.758,1219.5724
50.69788,7.208111,37386.2,1221.3896
50.69437,7.211172,37366.45,1221.252
50.694386,7.21669,37363.3,1222.4515
50.692425,7.2137437,37306.254,1223.0923
50.68992,7.214622,37293.164,1224.2328
50.688137,7.217598,37332.465,1225.2433
50.68759,7.2203064,37377.695,1225.596
50.687206,7.2231636,37390.668,1227.2069
50.682297,7.2239003,37400.332,1228.1501
50.681477,7.2270713,37389.72,1228.9304
50.681595,7.2270474,37426.89,1229.8356
50.67942,7.2291803,37390.523,1230.5016
50.67592,7.233212,37422.22,1231.609
50.67474,7.234263,37411.613,1232.423
50.67355,7.2307267,37369.508,1233.3502
50.672554,7.2337346,37368.582,1234.9873
50.66851,7.239195,37393.445,1234.4133
50.668552,7.2392297,37436.637,1236.0931
50.665688,7.23887,37442.74,1237.2513
50.6636,7.2429404,37432.4,1237.9127
50.662106,7.2478256,37454.01,1238.9886
50.659904,7.247812,37441.21,1239.4701
50.660435,7.2496815,37418.113,1240.419
50.659363,7.2504435,37396.992,1241.2922
50.656883,7.2531486,37423.008,1242.1616
50.655594,7.254101,37429.53,1242.9377
50.65362,7.255032,37430.234,1244.0208
50.651043,7.256524,37439.79,1245.1364
50.6494,7.2585177,37477.773,1246.2086
50.64927,7.2594986,37484.09,1246.5557
50.6465,7.2643576,37482.742,1247.6079
50.644253,7.2652955,37488.29,1248.4883
50.642765,7.26631,37504.625,1249.5884
50.64244,7.2655287,37487.45,1250.0261
50.63889,7.2696486,37506.65,1251.1451
50.636555,7.2712092,37515.785,1251.976
50.636803,7.272517,37465.996,1252.5887
50.635445,7.274363,37466.12,1253.8818
50.634514,7.2748075,37487.984,1255.183
50.63109,7.2780976,37469.402,1255.5621
50.631878,7.2775984,37494.113,1256.7664
50.628345,7.2818823,37461.4,1257.8333
50.625698,7.283106,37455.227,1258.5645
50.625072,7.285013,37484.473,1259.4102
50.62156,7.2869554,37506.805,1260.2186
50.621555,7.289825,37494.875,1261.0865
50.61909,7.289951,37517.867,1261.4897
50.617584,7.2929983,37515.082,1262.9479
50.61522,7.295009,37533.06,1263.7377
50.614845,7.2953105,37546.098,1265.0587
50.61359,7.2996306,37531.844,1265.1866
50.61188,7.298392,37524.977,1266.6359
50.609764,7.303637,37521.637,1267.4666
50.60652,7.3033485,37464.824,1268.7155
50.605328,7.302813,37487.375,1268.656
50.60176,7.306639,37513.562,1269.8529
50.60226,7.3074737,37532.613,1271.1766
50.598343,7.310361,37519.92,1271.8282
50.59817,7.3136554,37537.758,1272.4607
50.59763,7.3138433,37477.38,1273.7509
50.595726,7.3159113,37494.434,1274.6011
50.59279,7.3169856,37525.656,1275.3368
50.591766,7.3191414,37517.27,1276.814
50.59059,7.321102,37554.477,1277.2458
50.58956,7.322028,37530.707,1278.3862
50.588074,7.3238735,37543.234,1278.8649
50.5848,7.3264494,37565.918,1280.0753
50.583965,7.3268366,37567.023,1280.4056
50.581642,7.3275704,37532.85,1281.8462
50.5808,7.328635,37525.363,1282.8018
50.580322,7.334816,37542.832,1283.1934
50.578136,7.334968,37552.03,1284.6006
50.57596,7.3373156,37558.867,1285.017
50.573338,7.33953,37530.566,1286.3682
50.570164,7.3395877,37552.066,1286.7432
50.57048,7.3403573,37525.438,1287.9088
50.57068,7.343701,37555.113,1288.7115
50.56632,7.346603,37561.145,1289.9169
50.56444,7.3473063,37555.71,1290.9368
50.56223,7.348497,37539.965,1291.6449
50.56204,7.3512907,37533.215,1292.8805
50.559925,7.3506985,37547.383,1293.3951
50.55818,7.3542795,37553.902,1294.5513
50.556538,7.3567843,37610.695,1295.2506
50.555313,7.359258,37593.207,1295.878
50.55353,7.3583574,37557.17,1296.9431
50.55137,7.3607206,37580.145,1297.7775
50.550312,7.363608,37591.35,1298.7257
50.549057,7.3683276,37584.758,1299.9232
50.54529,7.3660502,37579.168,1300.5059
50.544632,7.367801,37581.613,1301.7219
50.54318,7.373082,37565.812,1302.4379
50.541393,7.37185,37586.914,1303.4126
50.53821,7.373962,37555.81,1304.253
50.537495,7.3748693,37531.105,1305.1266
50.53597,7.378157,37549.27,1305.7767
50.53479,7.3772006,37580.445,1307.3195
50.531548,7.380569,37606.582,1308.0001
50.53115,7.3808594,37597.875,1308.5146
50.530014,7.384555,37589.47,1309.894
50.526836,7.3881726,37597.527,1310.5562
50.525635,7.3877625,37586.95,1311.2537
50.522846,7.3903947,37570.816,1312.5121
50.521275,7.3900046,37566.758,1313.592
50.51943,7.3947206,37549.1,1314.173
50.517807,7.394555,37590.727,1315.2013
50.518005,7.395563,37608.195,1315.9238
50.51384,7.398188,37599.926,1316.9448
50.513634,7.3993115,37609.67,1318.0826
50.511612,7.40303,37609.0,1318.4424
50.508728,7.404802,37600.26,1319.9193
50.508247,7.40697,37623.184,1320.6106
50.506798,7.4062133,37567.89,1321.2576
50.505554,7.4075513,37579.324,1322.2559
50.5023,7.4111257,37605.68,1323.4023
50.501976,7.413447,37636.133,1323.8331
50.50028,7.415097,37618.734,1325.1223
50.49627,7.418551,37629.203,1325.9636
50.49563,7.4192533,37626.734,1326.5042
50.494278,7.417652,37614.82,1327.3219
50.492447,7.4222116,37595.14,1328.7332
50.489525,7.4223037,37566.902,1329.4656
50.48908,7.4232717,37595.07,1330.5311
50.48754,7.426836,37580.086,1331.2334
50.485752,7.4268374,37598.324,1331.8933
50.485413,7.427196,37624.242,1333.09
50.48134,7.429412,37633.086,1333.9431
50.479465,7.4306664,37633.54,1334.9327
50.479282,7.43379,37615.684,1335.9614
50.47804,7.4361663,37616.027,1336.877
50.47579,7.436612,37624.285,1337.5342
50.474373,7.44044,37608.223,1338.7502
50.471863,7.4412155,37632.5,1339.8562
50.468708,7.4454374,37626.043,1340.2557
50.46943,7.4437313,37609.754,1341.457
50.465366,7.446708,37625.027,1342.2609
50.464848,7.446505,37612.22,1343.6302
50.46469,7.4509006,37636.895,1343.9026
50.459545,7.4519377,37631.11,1345.2913
50.460728,7.4537473,37613.73,1345.9003
50.459663,7.454176,37588.312,1346.427
50.457825,7.455402,37652.285,1347.7864
50.454937,7.460477,37648.29,1348.4608
50.45328,7.459107,37609.137,1349.0247
50.450455,7.462233,37646.91,1350.4276
50.447853,7.4626665,37664.01,1351.3673
50.448776,7.465896,37629.13,1352.0104
50.44554,7.464822,37646.98,1352.7853
50.445118,7.4704914,37640.832,1354.2856
50.44265,7.4704123,37630.168,1354.9148
50.4408,7.4738326,37653.246,1355.8375
50.439396,7.473575,37622.703,1356.8022
50.435883,7.476171,37602.914,1357.3988
50.436718,7.476518,37629.547,1358.4698
50.43286,7.4775825,37609.07,1359.4376
50.43312,7.480855,37642.47,1360.3156
50.430824,7.4807243,37654.918,1361.071
50.42904,7.4818745,37686.543,1362.2206
50.426617,7.4857345,37657.812,1362.8959
50.42395,7.48762,37678.98,1364.1113
50.423405,7.4918227,37686.027,1365.049
50.42257,7.4947066,37689.9,1365.8652
50.419926,7.4931464,37670.21,1366.4467
50.41867,7.4961333,37665.383,1367.5188
50.4169,7.4960866,37661.07,1368.9026
50.41515,7.4968424,37713.426,1369.3568
50.41455,7.498201,37694.008,1370.0775
50.410213,7.5028863,37689.746,1371.351
50.40971,7.504533,37675.652,1372.2535
50.408512,7.505449,37685.508,1373.081
50.407085,7.5057826,37703.83,1373.8624
50.404415,7.507172,37710.445,1374.7445
50.400352,7.5112133,37699.945,1376.0741
50.401417,7.512475,37692.887,1376.3647
50.400196,7.5148854,37677.598,1376.9136
50.396706,7.5153227,37688.69,1378.2543
50.39501,7.514874,37705.207,1379.8668
50.39337,7.518382,37708.867,1380.3004
50.39341,7.5221796,37703.562,1380.8313
50.39086,7.5206375,37699.824,1382.1913
50.38841,7.523276,37664.88,1382.6323
50.385918,7.527827,37680.363,1383.6877
50.385838,7.5262456,37721.04,1384.989
50.38382,7.5299096,37710.67,1385.5261
50.380894,7.5302696,37695.434,1386.3733
50.378433,7.536024,37690.28,1386.8503
50.38045,7.5344534,37705.043,1388.5107
50.374966,7.537701,37704.926,1389.5131
50.371826,7.5404387,37725.234,1390.228
50.37249,7.5434856,37697.75,1390.9037
50.373272,7.5468597,37692.78,1391.9877
50.369778,7.5393353,37704.99,1392.8474
50.368927,7.545511,37698.242,1393.8441
50.364403,7.54597,37717.24,1394.2416
50.363808,7.5489616,37711.562,1396.2651
50.362514,7.547178,37696.832,1396.4054
50.361794,7.554056,37710.59,1397.5742
50.358322,7.5542717,37718.49,1398.3662
50.356533,7.556482,37730.094,1398.9722
50.354897,7.5537233,37754.684,1400.5288
50.35127,7.5584745,37730.594,1400.903
50.35175,7.559998,37716.68,1401.5626
50.349384,7.563086,37712.938,1402.737
50.348602,7.563252,37701.92,1403.5055
50.34562,7.565727,37646.27,1404.6377
50.34311,7.565604,37646.125,1405.5452
50.34349,7.5689,37692.902,1406.3008
50.341698,7.57111,37728.848,1407.163
50.340794,7.5726285,37722.293,1408.3534
50.337425,7.5756826,37715.094,1408.7812
50.336685,7.576377,37726.562,1410.1764
50.333797,7.5775146,37711.344,1410.9563
50.33159,7.5803404,37698.668,1411.6691
50.33113,7.581135,37657.94,1412.538
50.328945,7.5842576,37667.23,1413.1482
50.32704,7.5847445,37699.234,1414.5061
50.32565,7.587991,37717.254,1415.1451
50.323177,7.5871334,37727.082,1416.4043
50.32244,7.590196,37692.188,1417.2467
50.319164,7.5922523,37700.348,1417.6344
50.318687,7.593187,37691.867,1418.7504
50.31529,7.5943866,37690.984,1420.097
50.31501,7.5973024,37699.727,1420.9849
50.31319,7.6007113,37693.242,1421.7144
50.310677,7.599782,37722.375,1422.6814
50.309174,7.601838,37746.85,1423.3381
50.307747,7.6046834,37753.504,1424.46
50.305286,7.605689,37744.93,1425.7229
50.30359,7.6077785,37731.35,1426.4271
50.302647,7.608861,37713.496,1426.5941
50.300144,7.608519,37678.1,1428.4382
50.30123,7.614834,37674.098,1428.9492
50.298286,7.612257,37684.805,1430.0583
50.2959,7.6138844,37711.11,1430.8411
50.29084,7.6192155,37683.06,1431.5632
50.291645,7.6181965,37701.44,1431.9408
50.289337,7.6199718,37698.23,1433.4674
50.288994,7.619771,37719.53,1433.7999
50.28643,7.623036,37721.527,1435.3452
50.283783,7.626981,37735.586,1436.8843
50.28266,7.628241,37720.227,1437.4026
50.28026,7.6313267,37690.26,1437.5531
50.278305,7.631116,37721.113,1438.6498
50.27799,7.6333346,37723.094,1440.0858
50.276794,7.633922,37706.68,1440.6544
50.273483,7.6371317,37716.996,1441.7932
50.271324,7.6360636,37705.05,1442.3636
50.27215,7.6390924,37687.31,1443.7784
50.269897,7.639623,37656.664,1444.1178
50.267265,7.6423573,37632.203,1445.5101
50.264915,7.6439424,37618.39,1446.098
50.263885,7.6434345,37682.805,1446.2155
50.26234,7.645221,37688.59,1447.7542
50.25963,7.6471314,37711.0,1448.6232
50.257187,7.648923,37710.42,1449.6202
50.255566,7.651889,37681.508,1450.7936
50.254734,7.655569,37713.05,1451.3588
50.253784,7.656195,37698.85,1452.3142
50.25126,7.659331,37684.086,1453.1755
50.24986,7.6604223,37679.41,1453.7734
50.24758,7.6621566,37673.863,1455.1951
50.245396,7.659245,37681.336,1455.8735
50.2438,7.663243,37701.906,1457.1638
50.24275,7.664896,37703.582,1457.9081
50.241463,7.6678314,37697.902,1458.3025
50.239964,7.6674995,37677.934,1459.9402
50.236916,7.669476,37691.37,1460.1786
50.234325,7.668911,37695.508,1461.456
50.235683,7.676042,37673.684,1462.4203
50.231594,7.6764684,37684.44,1463.8195
50.23092,7.679497,37680.39,1464.1633
50.229015,7.678223,37643.65,1464.8258
50.22583,7.680485,37637.09,1465.6976
50.225327,7.6810837,37614.0,1467.1199
50.22423,7.683058,37647.305,1467.8773
50.22222,7.6853724,37682.684,1468.7507
50.21939,7.6888585,37700.574,1469.64
50.21766,7.686838,37672.965,1470.6299
50.215584,7.690537,37671.023,1471.2035
50.213326,7.6909957,37700.227,1472.3442
50.212635,7.691483,37699.19,1472.9822
50.21103,7.6947613,37714.816,1473.8153
50.207703,7.695675,37669.277,1474.6039
50.207188,7.6994715,37666.664,1475.7017
50.204662,7.697833,37661.08,1476.7708
50.20378,7.703838,37661.426,1477.304
50.201088,7.7034388,37649.258,1478.4359
50.198822,7.70394,37641.71,1479.3716
50.199333,7.704453,37630.027,1480.0214
50.19518,7.707062,37643.355,1480.997
50.194214,7.7093945,37668.156,1481.9631
50.191574,7.710931,37674.863,1482.7902
50.190697,7.7136536,37651.395,1483.7216
50.191196,7.713655,37655.14,1484.5181
50.18715,7.7163033,37653.184,1485.5881
50.18577,7.7171283,37683.23,1486.129
50.184025,7.7173896,37658.684,1487.4224
50.180084,7.722732,37654.86,1488.4375
50.180218,7.7230306,37637.973,1489.2147
50.17826,7.7238965,37623.777,1490.0557
50.175766,7.7262473,37624.918,1491.0073
50.174515,7.727093,37683.6,1491.6488
50.17287,7.7302885,37639.12,1492.7389
50.171555,7.731436,37649.688,1493.4935
50.171005,7.7333574,37639.375,1494.6682
50.167637,7.7338915,37631.47,1495.7961
50.165916,7.7342687,37641.086,1496.3405
50.163746,7.736607,37662.062,1497.4675
50.16168,7.738954,37650.395,1498.2347
50.159157,7.739967,37647.83,1499.1085
50.15859,7.7420597,37635.074,1500.0503
50.157722,7.7436666,37630.195,1500.9161
50.15485,7.7456875,37653.94,1501.7357
50.152344,7.746668,37627.58,1502.9816
50.151146,7.7482357,37618.973,1503.3542
50.149326,7.751357,37577.137,1504.3882
50.14992,7.7511272,37562.742,1505.0898
50.146698,7.753153,37580.176,1506.3766
50.14395,7.755603,37617.92,1507.2252
50.142826,7.757067,37648.24,1507.9164
50.140347,7.7594757,37651.27,1509.2095
50.13958,7.761102,37654.324,1509.7555
50.13805,7.7601495,37642.047,1510.8016
50.13424,7.7641377,37600.69,1511.4011
50.13453,7.7650585,37557.92,1512.6224
50.134426,7.766746,37594.13,1513.3928
50.12974,7.76698,37626.855,1514.6259
50.12726,7.7671757,37647.01,1514.9928
50.126186,7.7719917,37626.86,1515.9695
50.125023,7.774454,37619.47,1516.949
50.122936,7.775469,37618.723,1517.8478
50.12143,7.7771864,37638.2,1518.5895
50.11958,7.776646,37625.223,1519.8821
50.117107,7.7806077,37640.836,1520.7648
50.116398,7.780895,37638.645,1521.3441
50.11303,7.785983,37607.363,1522.227
50.11163,7.7847886,37606.27,1523.2819
50.111214,7.7846093,37660.47,1524.3175
50.108097,7.785832,37621.06,1524.9779
50.106445,7.7886996,37618.246,1525.8494
50.1053,7.7889247,37659.992,1526.7009
50.101795,7.791026,37642.86,1527.8594
50.100906,7.7940784,37616.02,1528.876
50.100296,7.7949963,37617.473,1529.7294
50.09792,7.795969,37644.27,1530.5181
50.097256,7.7990193,37640.47,1531.1869
50.09365,7.802214,37629.336,1532.3032
50.09392,7.8036127,37653.434,1533.2249
50.088947,7.802127,37637.977,1534.0359
50.08823,7.8044143,37643.22,1535.3079
50.085983,7.807985,37658.668,1536.3503
50.083508,7.8087487,37622.7,1536.5404
50.08343,7.806937,37648.465,1537.8256
50.080086,7.8117123,37619.344,1538.4675
50.0798,7.812758,37606.25,1539.516
50.07786,7.8130994,37626.137,1540.0924
50.074436,7.815727,37614.98,1541.4344
50.074913,7.817211,37614.2,1541.9309
50.072647,7.818708,37624.703,1543.0336
50.06982,7.8217993,37632.01,1543.8027
50.070614,7.8219647,37601.043,1544.3878
50.067535,7.821785,37632.6,1545.6572
50.065205,7.82378,37657.47,1547.0472
50.063255,7.828228,37584.44,1547.6185
50.06248,7.8292294,37621.117,1548.3107
50.06092,7.8308187,37669.297,1549.4718
50.05872,7.8304963,37614.137,1550.2245
50.05689,7.8321676,37624.64,1551.1063
50.054516,7.834214,37628.15,1551.616
50.0534,7.836444,37602.613,1552.8582
50.050358,7.836918,37633.438,1553.6301
50.048218,7.8381896,37617.258,1554.7444
50.046528,7.840828,37653.496,1555.5913
50.045376,7.841253,37655.453,1556.6737
50.04441,7.8428946,37621.984,1557.534
50.040752,7.8440084,37646.727,1558.2971
50.041286,7.846622,37616.656,1559.3947
50.03808,7.848224,37598.06,1559.8389
50.03789,7.8498716,37619.97,1561.366
50.033554,7.8514023,37621.57,1562.002
50.03332,7.8523026,37636.42,1562.7975
50.03135,7.8531575,37646.34,1563.6738
50.02875,7.85505,37625.46,1564.6198
50.027954,7.857469,37632.836,1565.6936
50.024235,7.85974,37642.79,1566.1727
50.02369,7.860299,37638.047,1567.25
50.020515,7.863325,37658.082,1567.8344
50.019756,7.8648567,37632.152,1569.3788
50.018574,7.8643146,37670.707,1569.9801
50.01612,7.8666153,37632.492,1570.6061
50.01613,7.869666,37617.027,1571.636
50.012978,7.8711576,37603.258,1572.6724
50.011654,7.869206,37669.11,1573.601
50.00955,7.8719,37633.51,1574.4938
50.009773,7.873372,37682.848,1575.3225
50.005745,7.875652,37689.062,1576.0688
50.002266,7.878467,37673.2,1577.2316
50.001667,7.879292,37661.39,1577.8414
50.00165,7.882049,37632.074,1579.1646
49.99722,7.8796153,37677.79,1579.5319
49.995865,7.8833485,37685.18,1580.7339
49.99453,7.8831916,37658.59,1581.3115
49.993626,7.887234,37681.742,1582.7261
49.990555,7.886849,37706.465,1583.3165
49.990765,7.89023,37654.336,1584.2645
49.98718,7.8905177,37671.25,1585.0956
49.985107,7.892572,37685.895,1586.0793
49.984863,7.894251,37701.344,1586.7994
49.981762,7.893936,37642.53,1588.2787
49.97948,7.8974104,37664.652,1588.9401
49.97809,7.9003754,37642.97,1589.6337
49.976418,7.899296,37703.492,1590.8047
49.97364,7.899461,37672.88,1591.7311
49.972107,7.9031706,37678.88,1592.6195
49.97129,7.90607,37706.125,1592.9747
49.968124,7.906613,37711.367,1594.0769
49.96649,7.9115453,37634.38,1594.786
49.965084,7.9102993,37724.14,1596.139
49.96408,7.9119687,37688.215,1597.0057
49.962086,7.9113965,37685.06,1597.5436
49.959267,7.911865,37701.605,1598.8059
49.957947,7.9153085,37661.992,1599.7773
49.955643,7.916438,37660.56,1600.6796
49.953083,7.916105,37675.66,1601.5121
49.952824,7.9198,37630.45,1602.5382
49.949287,7.922561,37654.793,1603.329
49.94951,7.9220233,37683.92,1604.2677
49.946785,7.9251904,37673.684,1605.2174
49.945065,7.9221582,37705.035,1604.914
49.94442,7.926285,37669.984,1606.6511
49.94146,7.9274535,37663.85,1607.2651
49.9404,7.926856,37701.496,1608.7166
49.938667,7.9317207,37712.03,1609.1276
49.936535,7.9327,37708.055,1610.8573
49.935055,7.9343243,37728.105,1611.0239
49.93111,7.9351306,37686.95,1612.1066
49.93031,7.938292,37695.605,1613.432
49.927982,7.9371314,37709.51,1613.5831
49.925137,7.9406495,37672.527,1615.0941
49.925022,7.941401,37718.45,1615.5591
49.922783,7.9432487,37700.83,1616.6792
49.921864,7.943973,37707.637,1617.5986
49.920868,7.945229,37688.355,1618.2726
49.919277,7.9472604,37716.96,1619.0839
49.915688,7.950236,37659.74,1620.7944
49.913963,7.951023,37725.91,1621.1321
49.912914,7.951479,37720.473,1622.0514
49.911785,7.953322,37713.29,1622.6794
49.90909,7.953922,37710.598,1623.9031
49.906452,7.9532323,37744.336,1624.8315
49.90636,7.956413,37689.383,1625.9014
49.903347,7.959087,37661.4,1626.6244
49.902374,7.959289,37662.69,1627.2725
49.89996,7.960647,37703.977,1628.3027
49.898247,7.96249,37729.664,1629.2859
49.897026,7.9641967,37730.27,1629.9532
49.894962,7.9652495,37707.93,1630.8768
49.893295,7.968567,37690.62,1632.5977
49.89088,7.9676538,37737.336,1632.8387
49.890087,7.9692216,37710.324,1633.5615
49.885647,7.971835,37696.617,1635.0181
49.884895,7.973295,37717.523,1635.0808
49.882633,7.974772,37710.113,1636.3827
49.881977,7.97622,37695.582,1637.2035
49.880386,7.976708,37691.438,1638.1241
49.878407,7.9770193,37712.57,1639.0289
49.874893,7.9800277,37712.74,1640.0349
49.874847,7.98352,37721.88,1641.2649
49.874817,7.9822416,37740.363,1641.7261
49.870083,7.9842434,37721.195,1642.8907
49.870083,7.9887614,37686.555,1643.9613
49.864975,7.9875264,37753.51,1644.499
49.86323,7.989168,37714.008,1645.3981
49.862522,7.990298,37769.49,1646.647
49.861073,7.990889,37773.684,1647.618
49.858433,7.9910383,37778.793,1648.2219
49.85539,7.9952326,37769.754,1649.2787
49.856297,7.999273,37785.273,1649.9915
49.852547,7.99572,37756.387,1650.9503
49.851685,7.9997015,37755.785,1651.7946
49.85116,7.9981227,37790.246,1652.8385
49.84895,8.00143,37726.945,1653.385
49.84653,8.000747,37706.12,1655.1017
49.8441,8.004978,37732.78,1655.3022
49.842453,8.005175,37765.19,1655.9891
49.83925,8.005402,37753.65,1657.4603
49.838757,8.008105,37749.06,1658.1588
49.837032,8.009045,37713.086,1659.3044
49.83675,8.011582,37752.246,1659.8365
49.832092,8.012001,37778.24,1660.5833
49.833305,8.013434,37740.06,1661.6951
49.829193,8.014652,37765.61,1662.4694
49.82847,8.016468,37748.855,1663.3031
49.825413,8.018387,37748.67,1664.7754
49.823727,8.02047,37774.863,1665.146
49.821934,8.019448,37782.938,1666.2231
49.82122,8.026305,37798.91,1667.5018
49.818493,8.022683,37768.465,1667.6609
49.817833,8.026637,37808.316,1669.1871
49.815937,8.0255575,37756.152,1669.9615
49.812984,8.024845,37847.277,1670.3987
49.811016,8.02812,37845.242,1671.3542
49.809605,8.030281,37805.324,1672.1243
49.807526,8.030764,37819.797,1673.3225
49.806427,8.034098,37719.285,1674.392
49.803978,8.035186,37785.035,1675.5192
49.802837,8.0346775,37783.395,1675.7235
49.80058,8.036872,37817.293,1676.6932
49.798306,8.0372505,37826.4,1677.7341
49.796463,8.041724,37802.94,1678.7096
49.79368,8.039553,37875.24,1679.9359
49.793037,8.0432625,37836.16,1680.7606
49.791283,8.044324,37827.75,1681.3817
49.7897,8.045133,37829.72,1682.6112
49.787045,8.044209,37850.277,1683.2621
49.786846,8.045541,37858.312,1684.26
49.782692,8.049147,37837.57,1684.777
49.78202,8.050644,37840.16,1685.8539
49.779697,8.051209,37827.273,1687.1641
49.77791,8.054344,37810.15,1688.0974
49.776066,8.055368,37795.574,1688.3535
49.7753,8.057771,37823.59,1689.4287
49.773228,8.054984,37838.184,1690.2764
49.771187,8.060641,37777.652,1691.8762
49.76993,8.059281,37834.715,1692.2854
49.767475,8.059518,37830.54,1692.9468
49.76645,8.061554,37829.28,1694.0979
49.76356,8.062956,37845.76,1694.8372
49.76296,8.0664625,37819.832,1696.0791
49.759815,8.06573,37812.766,1697.2158
49.758778,8.065433,37839.562,1697.6365
49.757183,8.067114,37817.855,1698.3635
49.75187,8.069331,37804.05,1699.3782
49.753532,8.072389,37856.74,1700.25
49.753906,8.074398,37768.96,1701.129
49.74931,8.070109,37847.95,1701.9094
49.74848,8.072908,37857.64,1703.0421
49.74658,8.077389,37807.098,1702.9475
49.744488,8.079215,37839.48,1704.7272
49.739872,8.079342,37833.17,1705.8259
49.74142,8.079909,37850.5,1706.2297
49.73546,8.079342,37865.438,1707.3785
49.7352,8.083415,37853.22,1708.4623
49.734135,8.087038,37823.902,1709.4359
49.73176,8.085186,37877.355,1709.8104
49.729275,8.0871935,37884.023,1711.1581
49.72853,8.085696,37867.785,1712.5021
49.727074,8.088033,37856.87,1713.0256
49.723717,8.090319,37817.645,1714.0038
49.72406,8.090383,37818.8,1714.518
49.721855,8.09148,37825.145,1715.5736
49.71948,8.0937195,37831.22,1716.809
49.71702,8.09447,37842.06,1717.2777
49.713737,8.096157,37828.664,1718.1888
49.71185,8.098143,37840.637,1719.311
49.712784,8.101165,37783.973,1720.5663
49.708233,8.100465,37847.574,1720.4725
49.70769,8.102008,37861.29,1721.8317
49.704597,8.103478,37868.09,1723.0094
49.703506,8.104226,37872.13,1723.8088
49.70202,8.107297,37873.203,1724.7932
49.70217,8.107044,37859.96,1725.31
49.698112,8.109085,37841.34,1726.1527
49.69712,8.109093,37847.465,1727.0222
49.694984,8.109948,37839.867,1728.4346
49.692745,8.112191,37851.14,1729.4226
49.690228,8.111317,37860.023,1730.0876
49.68804,8.114663,37851.73,1730.9739
49.685936,8.114083,37859.117,1731.4812
49.685715,8.117091,37823.54,1732.8522
49.68469,8.116384,37824.242,1733.6515
49.681316,8.120018,37850.266,1734.4181
49.680187,8.118505,37874.066,1735.0265
49.67683,8.121023,37866.93,1735.9305
49.67516,8.121134,37842.01,1736.9539
49.674305,8.123867,37843.465,1738.0709
49.670788,8.124379,37847.863,1738.7893
49.669514,8.125246,37858.414,1740.1526
49.66809,8.127126,37838.324,1740.7976
49.668255,8.126538,37875.09,1741.3508
49.663517,8.129329,37891.402,1742.2585
49.662525,8.130649,37890.043,1743.1328
49.661087,8.12948,37915.566,1744.3812
49.658985,8.130489,37895.5,1745.2656
49.6563,8.135327,37870.21,1745.9695
49.6551,8.135943,37877.793,1746.4836
49.651966,8.137199,37878.28,1748.027
49.650127,8.136543,37903.496,1748.8772
49.648674,8.139779,37877.625,1749.615
49.648335,8.139603,37903.406,1750.9712
49.645134,8.139841,37911.27,1751.4628
49.646725,8.142687,37912.492,1751.953
49.641705,8.1430645,37893.066,1753.601
49.64105,8.144606,37881.008,1753.8792
49.63881,8.146291,37911.074,1754.6863
49.63846,8.146226,37855.082,1756.3396
49.63637,8.145789,37924.617,1757.2535
49.63158,8.150642,37889.508,1757.7084
49.629757,8.151565,37905.63,1758.585
49.62886,8.151855,37901.188,1760.125
49.628464,8.1516075,37923.848,1760.0763
49.62361,8.152842,37916.88,1761.5784
49.62414,8.15373,37898.785,1762.3816
49.622284,8.155453,37927.25,1762.7023
49.61928,8.155707,37904.016,1763.8148
49.617954,8.156803,37899.992,1764.2914
49.615772,8.156969,37907.043,1765.6016
49.61555,8.155988,37934.516,1765.8625
49.61304,8.158637,37928.89,1768.1676
49.609566,8.161796,37930.215,1768.5442
49.608955,8.164393,37943.67,1769.1564
49.606,8.164003,37923.883,1770.1483
49.60589,8.163529,37927.79,1771.1598
49.602364,8.165417,37876.332,1772.0447
49.60148,8.166391,37898.89,1772.1411
49.599583,8.169099,37863.3,1774.7493
49.596153,8.169546,37949.24,1774.7473
49.592976,8.169659,37929.59,1775.4819
49.59426,8.171659,37880.59,1776.166
49.59407,8.170328,37965.12,1777.7653
49.590134,8.175271,37960.742,1778.362
49.586906,8.172342,37994.395,1779.2278
49.58755,8.177677,37910.605,1780.5706
49.582916,8.1768,37966.45,1781.3289
49.58388,8.176845,37931.652,1781.6517
49.57982,8.17988,37938.406,1782.1222
49.57974,8.181129,37879.062,1784.134
49.573624,8.18219,37970.69,1784.8938
49.57404,8.1808815,37975.508,1785.6101
49.57313,8.184079,37989.29,1785.9569
49.56928,8.183642,37989.227,1787.2092
49.56787,8.185562,37982.54,1787.7944
49.56768,8.185647,37952.996,1789.0957
49.56439,8.187071,37946.91,1790.2588
49.56289,8.189158,37921.754,1790.8331
49.560604,8.188972,38012.27,1791.9778
49.559364,8.192144,37936.47,1793.3523
49.557365,8.192868,37961.39,1793.9131
49.555756,8.194181,37987.582,1794.6846
49.5556,8.192174,38010.562,1795.1089
49.55143,8.195197,37971.594,1796.6757
49.550632,8.196965,37895.87,1797.7454
49.549194,8.196927,37971.51,1797.9175
49.546673,8.196695,37999.824,1798.5953
49.545532,8.200162,37884.45,1800.1438
49.543262,8.198609,37972.13,1800.4255
49.540913,8.199027,37957.29,1801.7433
49.54068,8.202066,37948.39,1802.3998
49.537956,8.201325,37954.97,1803.7151
49.533684,8.204704,37977.37,1804.3329
49.534637,8.205967,37982.688,1805.287
49.532112,8.206728,38002.26,1805.7798
49.529846,8.207339,38003.11,1806.9579
49.52837,8.207757,38020.297,1808.108
49.527782,8.210107,37894.89,1809.4891
49.52428,8.20979,37996.363,1809.6056
49.5226,8.211322,38019.21,1811.3677
49.520332,8.210035,38015.105,1811.9609
49.51801,8.212917,38024.496,1812.7133
49.51732,8.213576,38016.13,1812.9398
49.514416,8.212253,38007.87,1814.2601
49.511604,8.216873,38032.086,1815.1226
49.510487,8.215978,38005.066,1816.4017
49.508545,8.218437,37929.855,1817.205
49.50651,8.219605,38001.605,1818.128
49.50656,8.218717,38018.555,1818.9893
49.50347,8.218715,37979.914,1819.5684
49.498684,8.222433,38014.18,1820.5768
49.500927,8.223613,37908.38,1822.1165
49.498764,8.224764,38019.875,1822.2622
49.495445,8.223392,38033.48,1823.3424
49.49387,8.224748,38051.84,1824.614
49.492493,8.225781,38069.914,1824.708
49.49195,8.228495,37957.055,1826.8561
49.48736,8.2280655,38086.96,1826.0824
49.485523,8.230189,38058.21,1828.2145
49.48481,8.2299385,38009.824,1828.748
49.48299,8.232331,38010.62,1829.9069
49.480373,8.232847,38034.926,1830.4943
49.479664,8.231518,38047.645,1831.5442
49.476852,8.231666,38062.77,1832.4584
49.47471,8.232016,38068.996,1832.8297
49.47401,8.235576,38034.883,1834.3435
49.47099,8.23736,38088.83,1834.9143
49.470413,8.234974,38051.188,1835.8687
49.466206,8.238033,38070.754,1836.8959
49.46848,8.23928,38073.023,1837.8402
49.466354,8.241106,38051.543,1838.2465
49.46069,8.239255,38069.887,1839.2733
49.461205,8.240054,38050.07,1840.2946
49.460457,8.242276,38045.934,1840.6517
49.456577,8.244085,38100.223,1841.6036
49.455025,8.246369,37921.46,1844.1562
49.452312,8.24443,38093.68,1843.6964
49.450867,8.247287,38052.812,1844.9744
49.449005,8.248825,37985.8,1846.6232
49.447224,8.247928,38122.684,1846.5358
49.444912,8.249603,38081.25,1847.8389
49.442986,8.24951,38101.656,1849.1063
49.44086,8.250646,38126.35,1849.3588
49.440304,8.250525,37985.023,1850.8044
49.437164,8.254157,38061.703,1852.0287
49.435978,8.253107,38108.508,1852.3486
49.435055,8.25478,38116.75,1852.6672
49.433018,8.255944,38016.52,1854.1958
49.431423,8.255532,38142.277,1855.512
49.42776,8.255105,38141.727,1855.7896
49.425858,8.258075,38122.68,1856.7554
49.424103,8.258369,38104.34,1857.1259
49.42143,8.258186,38108.06,1858.0975
49.421005,8.258854,38063.77,1859.4001
49.420456,8.258924,38105.03,1860.1777
49.41742,8.261561,38080.207,1861.1418
49.415386,8.26207,38086.688,1861.7122
49.412113,8.263792,38127.11,1863.0967
49.411266,8.263668,38142.207,1863.5747
49.410233,8.266058,38200.43,1864.3835
49.41022,8.265715,38060.703,1866.2367
49.404835,8.266186,38166.99,1866.2037
49.40395,8.266904,38163.8,1867.8445
49.401604,8.270878,38087.914,1868.6316
49.400604,8.267879,38147.035,1869.1211
49.398003,8.270161,38153.605,1870.2958
49.395676,8.271108,38184.293,1871.5864
49.39606,8.273269,38002.46,1873.211
49.393555,8.271555,38217.734,1872.0897
49.39128,8.273341,38177.434,1874.0142
49.389137,8.273527,38183.03,1874.6262
49.389202,8.272125,38195.16,1875.1594
49.38575,8.275229,38169.016,1876.9054
49.383026,8.276671,38179.848,1877.429
49.38329,8.27663,38177.367,1878.0122
49.378944,8.279034,38228.855,1878.9924
49.379284,8.2789345,38118.7,1880.5397
49.374504,8.278847,38261.043,1881.3378
49.373123,8.280249,38187.395,1882.6833
49.372364,8.284813,38207.516,1883.5408
49.368343,8.28299,38220.52,1882.9104
49.3713,8.282212,38162.785,1885.5481
49.3632,8.2842,38194.81,1886.1246
49.365547,8.284871,38235.188,1886.2524
49.362774,8.283356,38197.01,1887.3481
49.36151,8.286416,38235.43,1888.2794
49.358765,8.286475,38196.79,1890.1101
49.35782,8.283308,38193.562,1889.9164
49.35666,8.285659,38213.63,1891.0723
49.356915,8.284945,38278.96,1891.9818
49.354836,8.290223,38090.59,1893.5288
49.347088,8.290278,38275.105,1893.1544
49.349728,8.290366,38218.504,1895.0747
49.346985,8.290382,38186.855,1895.2748
49.34396,8.290042,38195.676,1896.0106
49.34325,8.293098,38193.68,1896.8411
49.339863,8.294638,38159.223,1898.5798
49.338146,8.292302,38227.953,1899.84
49.337616,8.294626,38253.53,1900.6478
49.33576,8.295848,38230.297,1900.1716
49.334354,8.297601,38248.344,1901.6772
49.3296,8.29478,38260.65,1903.8529
49.32957,8.297672,38223.363,1904.1527
49.325478,8.300255,38235.74,1905.0024
49.325703,8.298351,38282.246,1905.8555
49.324112,8.2981415,38240.152,1905.9928
49.321194,8.300384,38274.164,1906.9128
49.31949,8.302411,38317.895,1908.5963
49.318344,8.299807,38202.098,1909.3516
49.319847,8.3033695,38144.582,1910.7015
49.313183,8.303217,38368.895,1910.7109
49.314156,8.304487,38177.785,1912.0521
49.312244,8.304257,38187.113,1913.6729
49.309643,8.30498,38292.008,1913.6134
49.307045,8.306098,38279.734,1914.3472
49.305206,8.305176,38253.08,1915.7693
49.302864,8.308853,38252.254,1916.6069
49.29908,8.308752,38256.86,1917.2772
49.29857,8.308169,38233.27,1918.0406
49.29718,8.309935,38213.254,1919.4601
49.29566,8.31173,38257.953,1920.0049
49.29374,8.310783,38279.53,1922.138
49.29299,8.311126,38267.258,1922.2633
49.29223,8.312028,38243.465,1923.086
49.28879,8.312542,38239.484,1924.003
49.286312,8.313925,38240.69,1924.711
49.283485,8.313753,38224.023,1925.6285
49.28164,8.315692,38273.246,1926.604
49.28041,8.315533,38261.984,1927.6342
49.279232,8.315076,38296.03,1928.3776
49.276527,8.314123,38277.86,1929.2369
49.273254,8.31784,38311.39,1930.4227
49.274452,8.3158655,38334.617,1931.1259
49.273132,8.319674,38209.816,1932.6246
49.271626,8.32016,38229.434,1933.5358
49.27113,8.318674,38181.47,1934.4951
49.26572,8.319401,38362.836,1934.9047
49.26205,8.321069,38296.043,1935.5496
49.261395,8.322471,38258.03,1936.6422
49.260777,8.320792,38244.977,1938.0173
49.254562,8.322826,38245.87,1938.6823
49.2558,8.323896,38240.766,1939.6575
49.25475,8.325363,38276.215,1939.9812
49.254112,8.324776,38154.18,1941.7518
49.251503,8.3247795,38265.305,1941.409
49.249752,8.324977,38275.254,1942.6342
49.24787,8.325431,38225.08,1943.7723
49.245106,8.325714,38293.434,1944.8042
49.24325,8.327758,38267.543,1945.8103
49.240055,8.32891,38290.836,1946.0793
49.23972,8.332593,38166.633,1948.2887
49.237312,8.329032,38274.2,1948.3853
49.237522,8.329729,38246.96,1949.6171
49.23663,8.33105,38257.883,1950.0548
49.234047,8.330265,38103.605,1951.9119
49.22617,8.333889,38266.164,1951.6016
49.22837,8.333112,38279.812,1952.922
49.229332,8.335055,38259.93,1954.6473
49.22108,8.3301,38253.97,1954.8572
49.220352,8.336909,38286.984,1955.6115
49.22171,8.332806,38243.082,1956.6665
49.218704,8.336722,38280.0,1957.7225
49.21573,8.33517,38250.332,1958.3098
49.215298,8.33569,38252.766,1959.1415
49.213478,8.337932,38259.582,1960.2056
49.21135,8.335765,38207.254,1961.6045
49.209778,8.339285,38276.34,1961.8357
49.20756,8.339498,38264.79,1962.9358
49.206615,8.34094,38270.9,1963.7604
49.204544,8.338267,38218.188,1965.0042
49.200123,8.341677,38253.523,1965.5358
49.201775,8.33844,38253.91,1966.8418
49.199535,8.341992,38263.14,1967.5347
49.19532,8.340125,38214.223,1968.3134
49.197197,8.341205,38206.824,1969.339
49.19244,8.342353,38209.5,1970.0482
49.191795,8.343911,38233.594,1971.5352
49.189575,8.344898,38225.734,1972.1235
49.185913,8.34448,38227.312,1973.1909
49.186157,8.345168,38237.63,1973.3635
49.183643,8.345082,38242.273,1974.7867
49.17966,8.345593,38212.156,1975.8029
49.1811,8.3471,38225.67,1976.4736
49.178505,8.346688,38223.027,1977.4746
49.17577,8.348099,38236.918,1978.5428
49.174206,8.347171,38225.285,1979.7262
49.17213,8.3484955,38228.4,1980.2188
49.17028,8.350128,38211.926,1981.2186
49.167046,8.35008,38234.902,1981.9677
49.166252,8.348876,38273.477,1983.4623
49.164757,8.350411,38101.434,1984.2766
49.16301,8.350006,38277.453,1984.3575
49.15936,8.353142,38294.84,1985.6621
49.160072,8.353341,38088.87,1987.4385
49.157036,8.354045,38300.902,1987.5867
49.156204,8.353823,38076.062,1988.8171
49.15272,8.35253,38223.145,1989.6859
49.14947,8.356449,38230.344,1990.6217
49.148827,8.352848,38171.414,1991.6187
49.147213,8.35499,38220.09,1991.908
49.14486,8.355754,38237.797,1992.9186
49.143856,8.3553915,38213.887,1994.228
49.142395,8.356126,38163.457,1995.3458
49.140614,8.357271,38220.918,1995.3743
49.137054,8.3599,38197.973,1996.6538
49.13557,8.357786,38208.195,1997.1677
49.133224,8.358573,38180.523,1998.8585
49.13061,8.360814,38189.855,2000.1562
49.129345,8.362137,38189.008,1999.8346
49.126896,8.362284,38194.957,2001.5854
49.125343,8.35844,38218.836,2001.7804
49.12271,8.362812,38194.48,2003.6238
49.12192,8.36105,38186.156,2004.186
49.122036,8.364227,38193.902,2005.1136
49.118156,8.360867,38174.74,2005.9393
49.117226,8.363617,38199.848,2006.5085
49.11483,8.360652,38166.46,2008.0192
49.113525,8.361928,38167.01,2008.3444
49.111916,8.3652115,38172.02,2009.8011
49.10996,8.365179,38180.934,2010.3184
49.107933,8.363393,38137.98,2012.0332
49.10374,8.364481,38115.875,2012.2169
49.104927,8.367004,38121.723,2012.9197
49.10232,8.36671,38140.387,2014.0903
49.098934,8.366719,38156.414,2014.6543
49.098618,8.366339,38178.94,2015.984
49.09805,8.365828,38144.9,2017.1156
49.09469,8.368636,38152.12,2016.8098
49.092823,8.368148,38176.875,2017.9893
49.091957,8.369645,38181.266,2019.9082
49.08881,8.369183,38169.457,2020.614
49.08806,8.371192,38128.496,2021.4384
49.08499,8.370213,38084.145,2022.5182
49.08113,8.369908,38192.57,2022.2582
49.08065,8.370795,38159.703,2023.901
49.07779,8.371526,38159.71,2025.3431
49.07724,8.37257,38180.45,2025.8174
49.074696,8.37385,38063.656,2027.3805
49.074173,8.3735075,38205.76,2027.4045
49.071075,8.374372,38174.594,2028.162
49.068947,8.372652,38110.73,2029.4595
49.067036,8.374537,38187.188,2030.2435
49.064346,8.374554,38153.387,2031.1335
49.06523,8.374951,38156.56,2032.1818
49.06103,8.37687,38158.918,2033.1826
49.0614,8.376013,38167.81,2033.965
49.058174,8.375821,38154.258,2034.7837
49.05402,8.377197,38162.887,2035.6726
49.054066,8.377959,38132.02,2036.7814
49.051125,8.378636,38160.96,2037.1804
49.04995,8.379074,38157.285,2039.1888
49.048405,8.379253,38150.82,2039.426
49.045616,8.380076,38152.47,2040.1921
49.044033,8.378962,38168.625,2041.8878
49.04236,8.379984,38151.273,2042.2239
49.04076,8.37965,38135.492,2043.1665
49.0387,8.379661,38155.17,2043.8207
49.038357,8.38086,38140.594,2045.091
49.03465,8.379594,38177.51,2045.2704
49.03242,8.382666,38052.156,2047.1062
49.03116,8.380367,38200.496,2047.1732
49.02915,8.3826885,38145.5,2048.1008
49.026226,8.382248,38160.574,2049.3315
49.024406,8.3826475,38128.63,2050.1997
49.023148,8.382086,38149.234,2050.9365
49.020607,8.382409,38134.86,2052.0945
49.01907,8.38335,38146.703,2052.9348
49.017574,8.382699,38102.99,2053.7183
49.015686,8.385012,38174.848,2054.1448
49.014587,8.383252,38147.67,2056.0754
49.01084,8.385684,38163.22,2056.366
49.009327,8.383323,38172.066,2057.4536
49.007862,8.386471,38132.023,2058.789
49.007145,8.386521,38149.266,2058.2715
49.00286,8.383457,38094.883,2060.8257
49.00244,8.386171,38131.04,2060.9858
48.9973,8.386739,38144.902,2062.0693
48.998096,8.387276,38120.61,2063.0005
48.99693,8.387242,38130.754,2063.456
48.9933,8.387958,38127.695,2064.4377
48.992825,8.386338,38128.758,2065.616
48.989075,8.386999,38104.234,2067.0337
48.98768,8.388972,38129.867,2066.348
48.986935,8.389625,38136.5,2068.0598
48.985104,8.387304,38138.95,2069.761
48.981163,8.388158,38128.22,2070.4246
48.98137,8.3890085,38134.734,2070.6765
48.98054,8.390594,38148.56,2071.1226
48.977516,8.388883,37993.02,2073.0747
48.976143,8.390344,38104.4,2073.846
48.974037,8.389969,38082.55,2074.746
48.971672,8.391175,38072.04,2075.5483
48.968655,8.39163,38098.426,2076.0344
48.966614,8.390667,38111.62,2076.8877
48.96345,8.39151,38123.094,2077.7715
48.961212,8.391379,38013.35,2079.456
48.962357,8.394147,38126.508,2079.946
48.958755,8.39086,38124.21,2080.2346
48.95569,8.392464,38108.887,2081.793
48.955593,8.390531,38123.133,2081.9324
48.952232,8.393955,38119.797,2083.9397
48.950596,8.393606,38132.855,2084.2598
48.950214,8.392982,38100.027,2085.1821
48.94754,8.395814,38150.617,2086.2275
48.944313,8.394139,38140.01,2086.807
48.942116,8.395857,38149.96,2087.745
48.942314,8.394152,38134.67,2088.6807
48.939697,8.394697,38116.082,2089.8486
48.936874,8.396156,38129.02,2090.4778
48.93476,8.3950405,38112.145,2091.7036
48.933483,8.395593,38103.938,2092.7256
48.932278,8.393758,38080.33,2093.459
48.930233,8.397027,38100.66,2093.986
48.926853,8.395495,38099.996,2095.26
48.926346,8.396594,38099.81,2095.823
48.921524,8.397382,38126.13,2097.1692
48.921482,8.397116,38129.465,2097.9558
48.92129,8.398345,38121.12,2098.8987
48.91744,8.397382,38107.582,2099.89
48.91539,8.398987,38136.59,2099.777
48.913277,8.398799,38120.402,2101.1416
48.91191,8.398408,38126.137,2102.3591
48.910587,8.399653,38139.01,2103.5168
48.90761,8.398248,38031.707,2104.2869
48.906025,8.399707,38136.76,2105.6052
48.904892,8.400843,38113.195,2106.2083
48.90207,8.402531,38088.543,2106.6328
48.89985,8.400658,38067.254,2108.0266
48.8983,8.400126,38102.94,2108.1406
48.89413,8.400255,38132.33,2109.7952
48.89423,8.402326,38102.883,2110.229
48.894146,8.402351,38078.395,2111.695
48.88934,8.403611,38103.492,2111.8054
48.890934,8.398882,38036.688,2113.1104
48.887447,8.403293,38125.24,2114.4219
48.88241,8.400391,38136.066,2114.8774
48.88027,8.405855,38089.74,2117.1472
48.8807,8.404629,38032.473,2115.9827
48.87885,8.402703,38047.164,2118.7817
48.880196,8.404038,38091.31,2117.9458
48.872356,8.404941,38085.406,2118.9612
48.87238,8.404283,38099.02,2120.5076
48.872128,8.404757,38110.195,2120.804
48.86915,8.405434,38084.453,2122.139
48.86842,8.404344,38084.785,2122.9246
48.864403,8.402864,38107.547,2124.2788
48.863686,8.404338,38079.676,2124.5554
48.86072,8.404781,38108.605,2125.9885
48.859142,8.406183,38118.477,2127.0334
48.856205,8.405575,38099.67,2127.6284
48.854767,8.404393,38091.277,2128.4873
48.85346,8.407672,38080.297,2129.5342
48.85145,8.404764,38084.297,2130.4185
48.848145,8.406398,38071.97,2131.5525
48.84841,8.406966,38080.41,2132.0334
48.844242,8.406894,38059.152,2132.9177
48.842243,8.407279,38066.246,2133.9348
48.84107,8.40765,38070.652,2134.934
48.839863,8.407382,38103.902,2135.6187
48.837967,8.405794,38114.812,2136.5298
48.834057,8.409574,38113.742,2137.5952
48.8335,8.41071,37987.543,2138.1218
48.8308,8.409063,38126.43,2139.6553
48.829735,8.406584,38092.867,2139.9497
48.82719,8.409008,38099.16,2141.485
48.825016,8.411276,38091.836,2141.9905
48.823257,8.411241,38103.613,2143.238
48.82222,8.408682,38069.45,2143.868
48.818317,8.409989,38062.42,2144.6846
48.81661,8.41187,38072.723,2145.6355
48.81683,8.410354,38046.098,2146.4177
48.815266,8.411672,38085.78,2147.015
48.813183,8.411332,38076.496,2148.5134
48.809296,8.410685,37975.74,2149.3752
48.80645,8.412541,38037.027,2150.4512
48.806038,8.412692,38045.58,2151.0532
48.802685,8.410891,38052.215,2151.852
48.80242,8.413344,38064.098,2153.0798
48.799854,8.413159,38052.664,2153.8184
48.797165,8.414649,38072.74,2154.8176
48.796078,8.41509,38062.777,2155.951
48.794052,8.411152,38055.258,2156.841
48.793262,8.415455,38047.8,2157.4954
48.78921,8.415517,38011.062,2157.8186
48.788437,8.415297,38018.58,2159.62
48.783672,8.4157,37988.523,2159.9578
48.78141,8.414413,37992.09,2159.9646
48.781498,8.417078,38040.07,2161.9534
48.779743,8.413752,38031.414,2163.6235
48.778805,8.4132,38033.6,2163.9072
48.772663,8.416893,38015.19,2163.9434
48.777065,8.418611,37999.5,2166.1926
48.773533,8.415634,38024.492,2165.516
48.770863,8.414531,38026.59,2167.348
48.769836,8.412914,38045.71,2169.1926
48.767006,8.417432,38005.55,2169.4482
48.765545,8.418512,38007.49,2168.9233
48.7618,8.419204,38009.65,2171.0244
48.762974,8.416174,38057.133,2171.698
48.75515,8.412373,38044.797,2172.6914
48.75264,8.419215,38057.12,2174.6936
48.75572,8.422116,38024.363,2175.118
48.753654,8.418118,38020.727,2175.873
48.750336,8.418461,38048.582,2176.386
48.74825,8.418915,38012.285,2177.4395
48.74652,8.417838,38016.1,2178.0593
48.745087,8.420001,37990.617,2178.9995
48.74466,8.414559,37975.504,2179.8694
48.742126,8.417121,37973.65,2180.9556
48.73913,8.417322,37899.055,2181.7405
48.737083,8.420332,38046.58,2182.842
48.734848,8.418397,38027.027,2183.7358
48.731247,8.420248,38027.406,2184.2134
48.732018,8.420631,38014.027,2185.269
48.72897,8.417405,37916.875,2186.3306
48.72937,8.419326,37984.05,2187.0027
48.72468,8.420132,37980.58,2187.4592
48.72451,8.419866,37994.7,2188.8665
48.71843,8.418616,38012.914,2189.686
48.719845,8.419764,37976.887,2190.4495
48.716198,8.41994,37965.91,2192.187
48.715145,8.422234,37980.78,2193.084
48.714542,8.419002,37987.96,2193.4949
48.70945,8.419693,37976.6,2194.3218
48.709126,8.420539,38003.656,2195.4822
48.706608,8.422994,37968.598,2196.057
48.704018,8.419395,37984.543,2196.7805
48.70328,8.421209,37983.75,2198.2197
48.69968,8.417789,37988.777,2199.4993
48.6978,8.422241,37962.547,2199.8035
48.698402,8.423728,37930.695,2200.5881
48.69427,8.423032,37972.05,2200.9192
48.695045,8.420459,37900.723,2202.7605
48.690678,8.421089,37900.824,2203.4504
48.690887,8.422297,37962.8,2203.9702
48.690304,8.422178,37924.996,2205.0676
48.68599,8.422217,37938.58,2206.252
48.685017,8.421638,37926.125,2206.9905
48.681118,8.422079,37966.305,2207.815
48.67856,8.426534,37954.27,2209.1836
48.677166,8.424133,37965.113,2209.3662
48.67578,8.42334,37942.51,2210.2292
48.67371,8.423871,37967.965,2212.0261
48.673195,8.424787,37952.168,2212.0762
48.67177,8.420469,37926.727,2213.128
48.66953,8.425083,37937.71,2214.057
48.66798,8.425923,37945.28,2215.1304
48.662468,8.423885,37922.348,2215.8628
48.663483,8.4239435,37907.387,2217.4
48.659718,8.424419,37873.26,2217.9036
48.657887,8.426747,37848.44,2218.0984
48.6566,8.425536,37924.34,2220.6958
48.654053,8.423232,37916.1,2220.185
48.65437,8.4242325,37891.082,2221.7488
48.64988,8.428298,37929.754,2222.2815
48.65124,8.426366,37868.656,2222.686
48.647366,8.427356,37917.73,2223.8867
48.645233,8.426973,37898.934,2224.7964
48.64418,8.427596,37876.246,2226.3318
48.63963,8.422912,37906.562,2226.2573
48.640152,8.428171,37857.023,2228.052
48.636772,8.428135,37867.4,2228.1223
48.636837,8.427891,37859.05,2229.8213
48.634037,8.425114,37883.53,2230.1357
48.63099,8.424616,37880.883,2231.537
48.631573,8.422463,37901.96,2231.137
48.62956,8.424022,37851.793,2234.1865
48.62453,8.428575,37802.168,2233.7422
48.62566,8.425667,37936.76,2234.5786
48.622913,8.4290695,37856.188,2235.8127
48.6184,8.426502,37853.363,2236.194
48.61894,8.428049,37854.375,2237.678
48.616802,8.424428,37885.33,2237.7126
48.61272,8.424303,37854.594,2239.332
48.61006,8.429185,37880.754,2240.3997
48.610886,8.428075,37851.777,2241.5195
48.607315,8.42735,37854.01,2241.53
48.604122,8.430423,37832.207,2243.9722
48.602337,8.4267645,37858.77,2243.711
48.602592,8.428571,37826.66,2245.1982
48.60171,8.430048,37803.965,2246.1194
48.601624,8.42786,37833.734,2246.7568
48.59517,8.423551,37820.105,2247.6978
48.595955,8.427816,37750.85,2248.445
48.59276,8.431478,37789.746,2249.6025
48.591476,8.42433,37822.414,2250.1497
48.589607,8.430511,37829.324,2250.9448
48.586136,8.4220495,37836.668,2251.891
48.58503,8.429654,37801.508,2253.0076
48.584404,8.42937,37782.348,2254.2168
48.58256,8.426116,37781.934,2254.2324
48.577244,8.425934,37778.254,2255.3638
48.577126,8.429978,37751.895,2257.2256
48.575996,8.429513,37784.49,2257.3638
48.57231,8.429468,37769.11,2258.2056
48.57127,8.428034,37743.082,2259.6416
48.569748,8.428508,37738.445,2260.2297
48.56654,8.426918,37731.402,2261.2124
48.565678,8.426257,37729.984,2261.938
48.563038,8.430025,37737.188,2262.8108
48.560394,8.427933,37758.715,2263.8237
48.557934,8.427558,37765.875,2264.6702
48.558765,8.430195,37748.227,2265.4368
48.553734,8.424854,37823.402,2266.6326
48.553215,8.425642,37821.734,2266.705
48.550648,8.431264,37735.258,2268.5186
48.550335,8.43069,37719.6,2268.9373
48.54768,8.424135,37776.164,2269.656
48.545055,8.42067,37767.434,2270.3892
48.54288,8.42837,37703.277,2271.8167
48.542786,8.429194,37723.547,2272.184
48.537983,8.429447,37723.176,2273.4868
48.5385,8.429519,37707.746,2274.5354
48.537727,8.427642,37709.527,2274.934
48.53375,8.427693,37721.934,2276.3638
48.530895,8.429743,37687.74,2277.3047
48.531025,8.429357,37694.953,2277.8564
48.527176,8.422782,37767.367,2279.6506
48.524193,8.424614,37737.746,2280.1902
48.52367,8.427737,37710.395,2280.274
48.523354,8.430376,37687.76,2282.0703
48.520626,8.429478,37695.074,2283.1853
48.51834,8.428427,37678.223,2282.799
48.513336,8.427784,37687.902,2284.835
48.51454,8.4292965,37672.81,2285.0632
48.509533,8.421153,37742.363,2285.8318
48.51028,8.427938,37663.87,2287.5398
48.506664,8.429609,37639.37,2288.0964
48.50641,8.426811,37677.215,2289.0046
48.505405,8.425227,37646.5,2289.5725
48.502655,8.425319,37653.883,2290.795
48.50082,8.426681,37656.445,2291.3923
48.496765,8.424629,37673.457,2292.7998
48.496258,8.429447,37671.523,2293.4602
48.494717,8.423033,37688.95,2294.1338
48.491516,8.429246,37642.215,2295.1667
48.488712,8.427669,37661.098,2296.3909
48.48583,8.428315,37675.734,2296.79
48.48698,8.428054,37659.242,2299.0164
48.486088,8.428606,37652.125,2298.4602
48.484318,8.428937,37651.617,2299.8174
48.480762,8.426415,37646.39,2300.3484
48.479115,8.429004,37640.17,2301.4717
48.476513,8.42637,37651.64,2301.8743
48.474834,8.4277725,37625.895,2303.1355
48.47268,8.422581,37699.574,2304.7854
48.471626,8.429296,37596.594,2305.1028
48.4673,8.427114,37595.266,2306.548
48.46721,8.422129,37632.387,2306.3772
48.463665,8.4276905,37568.375,2308.2622
48.4613,8.427289,37580.305,2308.4292
48.46128,8.426938,37563.055,2309.9136
48.45865,8.421289,37682.688,2310.8833
48.454723,8.422959,37674.75,2310.7957
48.456013,8.424154,37574.707,2312.4644
48.45444,8.424911,37610.746,2313.614
48.450607,8.429646,37548.21,2314.7346
48.4486,8.426522,37551.01,2315.5742
48.44676,8.423527,37642.11,2315.0703
48.444588,8.424673,37601.98,2316.5156
48.44185,8.426864,37579.89,2317.9949
48.440502,8.422508,37635.47,2318.5034
48.43957,8.426316,37550.758,2320.1968
48.437077,8.423573,37642.062,2320.1584
48.434605,8.422745,37651.863,2321.4944
48.434765,8.428311,37537.543,2322.1172
48.432537,8.426534,37563.746,2323.2886
48.43035,8.426865,37555.477,2324.5747
48.427097,8.427212,37520.984,2324.5623
48.426636,8.425139,37527.336,2326.2896
48.423233,8.4257345,37566.61,2327.2407
48.42136,8.427433,37543.324,2327.9622
48.418552,8.423902,37558.85,2329.0205
48.416782,8.424542,37569.92,2330.078
48.414124,8.425606,37519.535,2330.5276
48.41267,8.426622,37514.28,2331.7646
48.41452,8.425629,37518.18,2332.3176
48.40838,8.4211235,37589.53,2331.9548
48.410007,8.416181,37511.594,2333.8496
48.40648,8.422953,37537.6,2335.3818
48.402542,8.429011,37504.176,2337.1655
48.40342,8.426328,37543.582,2335.508
48.39797,8.426475,37471.074,2337.0042
48.398026,8.42355,37530.79,2339.1182
48.391975,8.423102,37526.895,2339.009
48.392258,8.424222,37524.855,2340.3997
48.393005,8.4286995,37395.902,2341.3813
48.386402,8.423831,37526.953,2341.592
48.388065,8.42683,37436.465,2343.4917
48.383896,8.42223,37499.48,2344.2925
48.384663,8.423637,37440.68,2345.3943
48.37579,8.422145,37511.293,2344.81
48.380474,8.431801,37436.098,2347.1636
48.378136,8.427853,37464.51,2347.1377
48.37143,8.426351,37505.832,2348.6365
48.373714,8.426124,37443.81,2349.8923
48.370163,8.41939,37527.6,2348.7148
48.36852,8.424462,37455.176,2351.715
48.36694,8.423542,37473.824,2351.8274
48.36411,8.426749,37479.555,2352.928
48.362293,8.427478,37449.51,2353.1929
48.361935,8.425591,37474.215,2354.189
48.360165,8.42581,37504.547,2355.745
48.35675,8.421963,37541.19,2356.1873
48.355885,8.428064,37429.24,2357.3403
48.35484,8.421873,37529.215,2358.4226
48.351402,8.419601,37559.668,2358.815
48.350105,8.424596,37465.668,2360.1367
48.34607,8.424576,37453.695,2360.5332
48.345642,8.425956,37468.42,2361.404
48.340317,8.425188,37465.86,2363.0176
48.342094,8.4272585,37406.805,2362.644
48.336384,8.42155,37523.81,2364.0142
48.33567,8.423885,37424.01,2365.6953
48.333874,8.42207,37447.574,2367.317
48.32901,8.427598,37455.934,2366.8843
48.329945,8.424164,37446.277,2367.444
48.33087,8.425327,37413.91,2369.6956
48.32586,8.423177,37432.008,2369.661
48.3245,8.4242,37424.637,2370.4336
48.322994,8.424412,37409.8,2371.8848
48.319008,8.422702,37481.973,2372.3643
48.32033,8.428417,37385.6,2373.294
48.317974,8.423656,37421.984,2374.1077
48.314255,8.424268,37421.703,2375.0842
48.311146,8.421831,37502.438,2376.3608
48.31223,8.425146,37409.516,2377.1177
48.311142,8.422082,37485.086,2377.8735
48.305923,8.42447,37434.984,2378.9224
48.30546,8.424997,37390.188,2378.869
48.305164,8.426654,37396.29,2379.909
48.302082,8.424787,37418.703,2381.119
48.30063,8.423731,37387.758,2382.2012
48.29694,8.427219,37392.95,2382.8904
48.294117,8.424185,37405.86,2384.269
48.292793,8.42488,37366.79,2385.3093
48.290108,8.4244175,37416.223,2385.4192
48.288994,8.425958,37390.85,2386.8052
48.286255,8.422424,37459.207,2387.9275
48.28141,8.424794,37446.46,2388.142
48.284256,8.423629,37432.832,2389.6797
48.28192,8.425889,37413.06,2390.5813
48.278168,8.421986,37475.484,2389.9329
48.27938,8.421084,37430.047,2394.3384
48.276134,8.429399,37370.035,2391.8875
48.27443,8.4240675,37470.04,2394.708
48.269424,8.425333,37406.24,2394.0432
48.2723,8.42441,37349.984,2395.9521
48.268955,8.421756,37380.867,2396.575
48.262554,8.421439,37431.836,2397.9949
48.261723,8.427144,37409.266,2400.3523
48.259586,8.431015,37355.125,2397.661
48.26047,8.423091,37379.797,2400.7397
48.25662,8.423456,37370.38,2401.946
48.25568,8.423786,37312.832,2403.4832
48.253273,8.425623,37335.734,2403.2463
48.250973,8.422415,37418.996,2402.5205
48.25232,8.430689,37311.23,2405.0684
48.248825,8.419394,37365.574,2405.3
48.244835,8.420828,37380.418,2406.2905
48.24158,8.422592,37344.645,2407.6528
48.24201,8.425364,37357.754,2408.7566
48.242157,8.4263525,37365.438,2409.2292
48.23798,8.422876,37380.46,2410.0964
48.234802,8.428169,37366.35,2411.1362
48.234562,8.424818,37376.664,2411.5925
48.234425,8.426885,37367.78,2412.445
48.227783,8.424794,37365.57,2414.8403
48.22811,8.426878,37337.438,2413.809
48.22568,8.426642,37356.094,2414.98
48.226727,8.424746,37366.87,2416.852
48.22157,8.426294,37363.875,2417.092
48.21743,8.427167,37384.758,2417.6152
48.219635,8.427295,37373.145,2418.4688
48.21559,8.427996,37363.918,2420.6357
48.213486,8.428344,37353.008,2420.1978
48.211872,8.425899,37358.598,2421.928
48.21074,8.426938,37351.81,2422.1934
48.207073,8.426888,37361.133,2423.8755
48.205296,8.428285,37314.984,2425.115
48.20376,8.427581,37375.945,2424.8464
48.203922,8.426722,37318.13,2426.7344
48.198524,8.425666,37370.99,2425.809
48.198204,8.427931,37337.19,2428.1648
48.197308,8.428634,37340.65,2429.4536
48.194157,8.427592,37345.062,2429.9114
48.192863,8.428016,37353.22,2431.1357
48.19034,8.427497,37329.938,2431.5178
48.18707,8.427995,37340.707,2432.0222
48.186172,8.425651,37417.613,2433.4917
48.182453,8.427044,37418.277,2434.676
48.1809,8.429532,37361.54,2435.041
48.18027,8.428284,37333.55,2436.3923
48.178234,8.426895,37389.406,2437.2612
48.17545,8.426395,37369.72,2438.3062
48.173233,8.42903,37352.504,2438.4539
48.17258,8.4287815,37314.695,2439.95
48.16922,8.42731,37380.836,2440.622
48.168617,8.430587,37330.984,2441.724
48.166763,8.428443,37331.965,2442.5022
48.164772,8.430182,37313.008,2443.0742
48.163197,8.430176,37321.562,2443.7754
48.161003,8.429178,37337.14,2445.3096
48.158333,8.430125,37335.957,2445.8035
48.155212,8.428775,37325.145,2446.9856
48.155003,8.430583,37331.65,2447.727
48.14982,8.432609,37352.266,2448.8604
48.149944,8.430406,37383.703,2449.7622
48.148033,8.429063,37368.016,2450.713
48.14557,8.429686,37333.016,2451.3047
48.144226,8.430897,37337.934,2451.8062
48.14234,8.42875,37343.18,2453.3928
48.139423,8.430811,37367.75,2454.0806
48.1375,8.4307995,37363.62,2455.4
48.13493,8.432995,37278.918,2457.0527
48.136112,8.435555,37371.797,2456.1072
48.134697,8.427766,37326.855,2458.4192
48.132282,8.427003,37301.52,2458.6
48.126854,8.433893,37297.832,2458.9172
48.12926,8.434934,37305.387,2460.8506
48.12582,8.427112,37361.25,2460.8633
48.12057,8.428023,37263.01,2463.0254
48.124027,8.429244,37345.184,2463.085
48.118454,8.428454,37338.73,2464.1604
48.11682,8.433736,37345.637,2464.7747
48.112762,8.433374,37372.145,2466.0598
48.115116,8.430887,37286.227,2467.4949
48.1124,8.429577,37348.836,2466.7478
48.11017,8.431708,37321.56,2469.3281
48.10709,8.433179,37283.004,2469.7285
48.10622,8.428906,37385.895,2470.146
48.10315,8.431497,37315.8,2471.374
48.102123,8.431092,37346.04,2471.7087
48.100243,8.434094,37339.715,2472.6897
48.09714,8.431309,37356.28,2473.3545
48.093533,8.431353,37353.7,2475.2517
48.09264,8.434525,37325.38,2475.5703
48.09194,8.433666,37361.082,2476.6838
48.0904,8.434549,37312.777,2477.2246
48.087795,8.432701,37308.957,2478.8997
48.085472,8.435403,37306.59,2479.9385
48.085045,8.435859,37303.586,2480.333
48.081936,8.435943,37333.254,2481.457
48.07869,8.432192,37355.26,2482.0454
48.078094,8.43437,37334.758,2483.1218
48.07504,8.432285,37376.05,2483.7717
48.07332,8.433852,37363.32,2484.6797
48.071827,8.435889,37349.277,2485.6372
48.070507,8.436047,37360.562,2486.7546
48.067097,8.433872,37292.54,2488.2534
48.06699,8.433069,37345.06,2488.6826
48.063965,8.435475,37319.355,2489.4153
48.062393,8.435985,37320.207,2490.011
48.060432,8.435903,37320.082,2491.2278
48.059788,8.437094,37315.066,2492.3726
48.056087,8.435483,37343.355,2492.788
48.05452,8.436902,37333.11,2493.9502
48.052597,8.43704,37313.77,2494.7615
48.048477,8.435875,37343.49,2496.077
48.04925,8.436083,37319.086,2496.7783
48.047287,8.436044,37341.52,2497.3508
48.044544,8.438321,37319.035,2498.3198
48.042603,8.437662,37346.754,2499.7183
48.03984,8.437161,37341.703,2500.6438
48.0387,8.434507,37378.137,2501.2617
48.0391,8.438672,37372.133,2502.251
48.03396,8.437946,37283.47,2503.1396
48.033268,8.439176,37316.652,2503.4229
48.031647,8.439633,37358.645,2504.4265
48.02872,8.435523,37375.52,2505.9092
48.025852,8.437059,37353.445,2506.498
48.025284,8.439416,37342.477,2508.408
48.02388,8.439897,37325.94,2508.9958
48.020237,8.441457,37307.34,2509.7422
48.01903,8.439044,37350.48,2510.4714
48.017212,8.44076,37347.223,2511.2693
48.014343,8.440903,37237.45,2512.041
48.01373,8.439758,37237.754,2512.83
48.01419,8.437858,37323.39,2513.65
48.008987,8.438537,37321.875,2514.4158
48.008522,8.441342,37323.535,2515.7097
48.005665,8.441299,37337.598,2516.6172
48.003857,8.442254,37322.2,2517.246
48.002213,8.442365,37311.656,2518.137
47.99939,8.440942,37344.664,2519.2188
47.997017,8.442475,37363.72,2520.741
47.9922,8.441867,37368.773,2521.587
47.993492,8.449397,37314.973,2522.946
47.990772,8.445252,37304.25,2522.265
47.990284,8.441097,37318.67,2524.707
47.98601,8.443596,37298.375,2525.4817
47.9852,8.442821,37321.227,2525.2773
47.9841,8.4437895,37300.617,2527.0576
47.98224,8.441725,37283.516,2527.6536
47.980976,8.443294,37298.25,2528.808
47.978493,8.443943,37296.86,2529.8582
47.97695,8.443389,37278.83,2530.272
47.97349,8.444817,37282.934,2531.2273
47.973717,8.445333,37288.973,2531.9753
47.96765,8.442265,37323.254,2531.4773
47.97015,8.444478,37310.086,2533.9336
47.965706,8.443889,37326.363,2535.2202
47.962975,8.443118,37316.695,2536.4727
47.962204,8.444526,37322.973,2536.8433
47.959843,8.446197,37318.8,2537.811
47.958153,8.445935,37293.35,2539.4258
47.956276,8.4442005,37302.37,2539.4514
47.95344,8.4442425,37322.49,2540.337
47.952133,8.4432,37326.477,2541.2905
47.950966,8.447371,37308.992,2542.635
47.947777,8.443497,37338.918,2542.41
47.9458,8.4460945,37279.527,2543.881
47.945187,8.446566,37317.895,2545.3127
47.944084,8.448811,37273.09,2544.9944
47.94086,8.446893,37315.395,2547.424
47.93687,8.444369,37342.582,2547.4429
47.93512,8.446438,37320.883,2548.5042
47.93613,8.445357,37310.605,2549.7158
47.933376,8.446652,37286.152,2550.1594
47.93136,8.446907,37272.05,2551.0574
47.928867,8.448836,37295.652,2552.6953
47.925365,8.447277,37302.086,2553.2483
47.92452,8.448492,37304.996,2554.5193
47.922573,8.44817,37302.305,2555.2295
47.920265,8.448513,37261.242,2556.092
47.91883,8.449271,37313.7,2556.7693
47.91687,8.450613,37299.418,2557.7195
47.915478,8.446847,37286.113,2558.3699
47.91188,8.446899,37310.035,2559.4055
47.910923,8.447563,37303.105,2560.8977
47.909332,8.448876,37290.027,2561.357
47.906677,8.448159,37288.867,2562.3838
47.905716,8.450101,37288.52,2563.5972
47.903297,8.448147,37305.18,2563.6838
47.90034,8.446284,37314.15,2564.5188
47.897636,8.447985,37306.42,2565.389
47.897648,8.44953,37282.51,2567.0732
47.894596,8.449146,37281.82,2567.9224
47.893127,8.4504795,37290.33,2569.3281
47.890232,8.453409,37271.062,2569.5867
47.889317,8.449027,37284.277,2570.5732
47.88488,8.452608,37290.414,2571.3674
47.883717,8.448829,37266.81,2572.3896
47.883377,8.449943,37246.92,2573.5757
47.87872,8.450492,37236.49,2574.1926
47.87827,8.451657,37260.062,2575.2368
47.875736,8.451294,37291.367,2575.1228
47.875492,8.448537,37296.902,2577.771
47.86848,8.449761,37311.805,2577.483
47.87113,8.452297,37294.19,2578.3804
47.871674,8.454496,37262.996,2579.506
47.867535,8.4435005,37276.97,2578.6892
47.86444,8.449894,37274.79,2583.498
47.862537,8.4499445,37281.22,2580.555
47.862144,8.454059,37279.875,2583.8247
47.860096,8.453029,37286.754,2584.52
47.856544,8.452338,37284.9,2584.7886
47.854774,8.451746,37287.695,2586.1494
47.852303,8.453927,37276.105,2588.2363
47.849987,8.456536,37274.63,2588.9163
47.847393,8.45245,37311.57,2587.0515
47.846016,8.453061,37284.793,2591.599
47.842625,8.453522,37287.246,2590.901
47.839073,8.453444,37283.453,2589.3127
47.842243,8.4524355,37291.707,2592.2942
47.83871,8.455558,37293.984,2594.6365
47.832035,8.4496355,37348.883,2594.1526
47.83486,8.456195,37325.824,2595.2297
47.831722,8.459165,37268.062,2595.9326
47.8297,8.454001,37280.707,2597.7468
47.828598,8.455406,37292.668,2597.7275
47.82613,8.454299,37287.258,2599.2388
47.823494,8.453586,37268.293,2599.6167
47.822475,8.455847,37276.395,2601.3125
47.821068,8.455573,37229.664,2601.3584
47.819244,8.454297,37290.04,2602.3618
47.814873,8.455177,37212.61,2604.0986
47.81483,8.456031,37290.074,2603.9019
47.812855,8.454841,37261.707,2605.734
47.81097,8.4570265,37259.63,2605.725
47.80734,8.455753,37257.586,2606.569
47.807064,8.457362,37257.785,2608.1204
47.80379,8.453253,37270.953,2608.5005
47.80138,8.457206,37245.426,2610.1082
47.800213,8.457863,37257.633,2610.469
47.7979,8.458412,37269.6,2612.277
47.794506,8.456934,37222.12,2612.3816
47.795883,8.457453,37262.37,2613.2178
47.792572,8.456744,37269.77,2614.5916
47.79063,8.459196,37260.4,2615.5356
47.78967,8.457926,37267.59,2616.547
47.785385,8.456493,37282.418,2616.953
47.784794,8.45709,37286.04,2617.773
47.780685,8.457798,37187.742,2619.3513
47.781403,8.45831,37282.26,2619.9626
47.779224,8.45741,37272.945,2621.362
47.775616,8.458603,37276.29,2621.816
47.77252,8.456779,37274.41,2622.113
47.77293,8.460608,37274.105,2623.908
47.7696,8.457596,37283.887,2624.1167
47.767227,8.454002,37295.53,2625.4448
47.768322,8.457405,37299.473,2626.2715
47.763744,8.460714,37197.645,2627.647
47.763283,8.461708,37300.598,2627.6997
47.760017,8.456856,37302.664,2628.8135
47.75846,8.456751,37343.484,2629.9778
47.753918,8.456447,37320.734,2630.8167
47.752937,8.457802,37312.82,2632.3047
47.75201,8.458445,37293.23,2632.3188
47.74748,8.459201,37274.12,2632.79
47.747032,8.461463,37310.44,2634.502
47.746162,8.457417,37291.273,2636.031
47.743656,8.459795,37297.594,2635.8853
47.738735,8.4623575,37197.67,2637.612
47.743984,8.461431,37265.758,2637.9368
47.73875,8.457004,37245.87,2637.721
47.739464,8.457538,37219.76,2639.78
47.735153,8.459587,37305.715,2641.0017
47.732864,8.464048,37191.914,2642.3098
47.73402,8.460973,37280.176,2641.9712
47.7274,8.4595585,37243.574,2644.0305
47.728058,8.463079,37274.395,2644.0571
47.72447,8.462554,37269.336,2645.594
47.722687,8.462126,37273.098,2646.83
47.72093,8.463277,37277.516,2647.4126
47.71902,8.460566,37286.21,2647.5942
47.71709,8.463993,37202.6,2649.269
47.714172,8.463807,37244.824,2649.658
47.712933,8.464409,37256.105,2651.5613
47.712692,8.464141,37274.586,2652.1511
47.707596,8.462657,37286.746,2652.7793
47.706802,8.465187,37275.547,2654.7043
47.704853,8.465536,37256.59,2654.297
47.702854,8.465608,37263.03,2655.2913
47.700954,8.463821,37269.9,2656.3135
47.69843,8.463935,37269.438,2658.2134
47.69721,8.465192,37302.316,2657.6658
47.69413,8.467958,37164.184,2659.3188
47.693233,8.465791,37298.047,2660.2935
47.69244,8.464585,37289.277,2660.4714
47.689705,8.464768,37275.613,2662.6702
47.686012,8.464076,37204.523,2661.893
47.684708,8.46489,37270.277,2664.204
47.684093,8.466111,37256.79,2664.9133
47.681545,8.465961,37288.887,2665.7542
47.67956,8.466047,37299.86,2666.2202
47.678314,8.465604,37235.67,2667.7458
47.675278,8.46385,37294.93,2667.868
47.67125,8.465043,37285.027,2668.8518
47.672443,8.467724,37281.504,2670.523
47.66898,8.468129,37304.188,2670.939
47.667095,8.466215,37295.47,2671.3494
47.665844,8.467807,37302.305,2672.9463
47.662918,8.468053,37273.727,2673.7266
47.662544,8.4699135,37300.05,2674.6404
47.659477,8.46804,37270.81,2676.5784
47.657463,8.469501,37288.836,2676.644
47.65561,8.469244,37283.387,2677.7979
47.655144,8.469968,37295.86,2678.6226
47.65257,8.467944,37282.824,2678.6804
47.650288,8.471008,37272.465,2680.041
47.648205,8.470246,37296.11,2680.9487
47.645344,8.470868,37289.477,2681.9526
47.643692,8.471986,37306.227,2682.9385
47.643322,8.470171,37304.617,2683.7512
47.63952,8.47061,37217.81,2684.9827
47.63794,8.466833,37325.84,2685.5312
47.637314,8.469208,37289.348,2687.3909
47.633312,8.471149,37278.832,2687.9885
47.63127,8.470951,37251.344,2688.2131
47.63106,8.470687,37260.547,2689.2942
47.630623,8.469405,37282.406,2689.323
47.62534,8.472433,37188.81,2690.3943
47.625843,8.471593,37312.703,2692.598
47.623936,8.471568,37309.105,2692.7053
47.620388,8.473352,37191.23,2693.2004
47.61762,8.4737625,37316.266,2693.131
47.619938,8.470612,37248.152,2695.8853
47.611546,8.469058,37331.32,2696.5444
47.607838,8.471238,37340.934,2698.3406
47.611305,8.483772,37232.895,2700.607
47.609352,8.47688,37301.074,2697.6882
47.606964,8.468683,37302.7,2701.7434
47.602924,8.472867,37274.305,2700.6726
47.60108,8.474807,37276.234,2702.0244
47.600098,8.475902,37259.13,2704.4663
47.599316,8.47457,37262.508,2704.4607
47.59845,8.474806,37226.54,2704.45
47.595387,8.475327,37319.758,2705.543
47.591557,8.477358,37108.953,2707.4814
47.591778,8.475941,37300.56,2706.359
47.58985,8.473685,37281.965,2708.1206
47.586815,8.474058,37274.02,2710.359
47.58326,8.475286,37253.324,2710.5615
47.582886,8.475954,37271.8,2711.6934
47.582138,8.476884,37241.582,2712.0977
47.578827,8.476219,37261.027,2713.6345
47.57727,8.475451,37258.734,2714.4045
47.57712,8.475153,37264.902,2715.5945
47.57267,8.474246,37244.297,2715.3782
47.57164,8.477909,37299.926,2717.0508
47.570827,8.477077,37255.36,2718.1145
47.567875,8.477367,37238.793,2718.952
47.56426,8.4791975,37217.29,2720.56
47.56391,8.476838,37244.9,2720.256
47.562508,8.477554,37243.418,2721.7434
47.560516,8.479128,37248.78,2723.0518
47.557205,8.479861,37258.13,2723.9053
47.556023,8.478346,37231.977,2724.2336
47.55373,8.479986,37261.348,2725.3655
47.55214,8.478197,37307.023,2725.89
47.546688,8.481746,37054.926,2727.2173
47.547638,8.4776945,37312.28,2728.1953
47.546192,8.47872,37254.723,2728.767
47.543457,8.481374,37230.11,2729.761
47.54052,8.480479,37231.312,2730.5881
47.53991,8.480048,37228.81,2731.899
47.538933,8.480905,37219.195,2732.326
47.537098,8.481891,37260.02,2733.734
47.533096,8.481204,37244.055,2734.56
47.532608,8.481774,37250.79,2735.8604
47.527126,8.4833355,37133.723,2736.5156
47.52854,8.482228,37251.03,2737.5312
47.525593,8.481062,37221.637,2738.8965
47.524662,8.480932,37205.95,2740.3855
47.520473,8.480473,37161.617,2740.2427
47.51956,8.482648,37168.99,2740.939
47.52093,8.482667,37200.426,2742.2874
47.51731,8.482684,37262.082,2741.98
47.511723,8.483455,37057.77,2744.26
47.512665,8.485116,37220.164,2745.0635
47.51161,8.484133,37213.734,2745.9966
47.509296,8.480577,37221.266,2746.505
47.50499,8.480431,37168.242,2747.019
47.50309,8.48593,37180.863,2749.631
47.50043,8.483342,37207.285,2750.1855
47.500195,8.487049,37159.914,2751.3127
47.49965,8.484326,37167.89,2750.5483
47.498165,8.481388,37201.992,2752.6482
47.493397,8.484601,36910.78,2752.9878
47.4923,8.482922,37205.41,2753.479
47.49133,8.485879,37138.277,2756.1123
47.48987,8.484562,37131.332,2754.8772
47.487717,8.48454,37110.574,2757.6516
47.483612,8.482268,37129.95,2758.416
47.482986,8.482127,37126.27,2759.2769
47.48036,8.485505,37115.883,2760.762
47.477695,8.4861965,37119.074,2760.5679
47.476757,8.486754,37120.945,2760.9749
47.475937,8.486251,37153.754,2761.29
47.472336,8.489456,36993.535,2764.2805
47.470516,8.48687,37156.273,2763.6548
47.46779,8.488962,37110.906,2764.9075
47.46651,8.487911,37085.0,2766.916
47.464165,8.489233,37075.566,2766.4353
47.462414,8.487668,37067.258,2768.5896
47.458904,8.489072,37073.156,2769.9016
47.456577,8.487989,37049.777,2769.8884
47.456493,8.489519,37086.316,2770.8638
47.454243,8.490352,37047.32,2772.068
47.452972,8.490066,37044.496,2772.8008
47.449486,8.487998,37025.934,2773.8188
47.447124,8.489187,37025.477,2775.6023
47.447243,8.489393,37041.32,2775.7822
47.44557,8.489549,36982.56,2776.2566
47.44139,8.488806,37026.625,2777.52
47.440228,8.489249,37001.883,2778.1682
47.43939,8.490336,37001.453,2779.797
47.43476,8.49174,36877.375,2780.2634
47.43589,8.490177,36999.01,2780.7344
47.432747,8.490408,36967.05,2781.9058
47.430447,8.490971,36949.164,2783.1643
47.428055,8.491191,36974.508,2783.7524
47.425888,8.492083,36880.984,2785.08
47.425465,8.491194,36929.254,2785.6306
47.42068,8.489834,36894.008,2787.0613
47.420906,8.491139,36900.37,2788.023
47.418427,8.491162,36880.97,2788.5198
47.415493,8.490633,36860.477,2789.3064
47.415146,8.49135,36880.594,2790.291
47.41264,8.491791,36909.55,2791.557
47.410995,8.491425,36881.215,2792.2217
47.409386,8.492354,36885.332,2793.0732
47.407265,8.489568,36919.664,2793.8374
47.40572,8.494666,36775.637,2794.577
47.400913,8.489527,36893.887,2795.8518
47.40087,8.494227,36859.242,2796.8384
47.397507,8.491744,36787.035,2798.4548
47.395874,8.492087,36836.297,2799.032
47.393776,8.491274,36828.07,2799.8953
47.390972,8.492274,36816.652,2801.4644
47.39117,8.491441,36804.04,2801.1106
47.389946,8.491092,36813.58,2801.6821
47.38634,8.492974,36625.03,2803.3928
47.383995,8.491426,36848.836,2804.3687
47.38383,8.493315,36835.63,2805.0862
47.378326,8.496151,36660.47,2804.7979
47.380547,8.495018,36799.11,2806.9297
47.377804,8.493274,36806.984,2807.6975
47.372723,8.49474,36683.473,2808.369
47.373283,8.493302,36759.3,2809.2217
47.37101,8.493259,36721.465,2812.0688
47.37053,8.494811,36728.48,2811.9844
47.367336,8.497374,36722.9,2813.4514
47.366978,8.494557,36711.887,2814.0767
47.36418,8.495531,36678.68,2815.3528
47.3606,8.494572,36679.87,2815.606
47.359756,8.494105,36667.312,2816.4727
47.355354,8.495919,36653.344,2818.5903
47.35438,8.499723,36650.492,2818.1743
47.351936,8.497383,36626.098,2820.5266
47.34999,8.491957,36581.02,2819.2766
47.346397,8.493375,36630.31,2821.361
47.345406,8.495565,36544.32,2822.158
47.34428,8.495088,36612.984,2823.327
47.342056,8.496693,36580.54,2824.1086
47.341743,8.492715,36569.38,2824.5994
47.33896,8.490567,36546.26,2825.1042
47.33726,8.49361,36532.957,2827.0798
47.334614,8.493299,36498.14,2826.9414
47.332447,8.494286,36527.496,2828.305
47.331646,8.496803,36517.824,2828.9224
47.328648,8.493128,36547.13,2830.921
47.326466,8.497233,36477.703,2831.4148
47.324352,8.493597,36505.47,2831.7812
47.32427,8.4932575,36512.523,2833.0137
47.321682,8.496371,36479.086,2834.3386
47.31903,8.498012,36499.566,2835.3362
47.31851,8.496132,36466.78,2835.5835
47.315327,8.492789,36486.176,2837.1948
47.311794,8.496325,36402.62,2836.3777
47.312553,8.495263,36457.062,2838.415
47.308956,8.497308,36325.664,2840.0364
47.307384,8.496084,36429.18,2840.1667
47.30369,8.494827,36399.66,2840.8477
47.303097,8.494625,36391.49,2841.8745
47.30258,8.495622,36362.605,2843.5947
47.29729,8.495531,36360.46,2844.347
47.297558,8.495469,36339.53,2845.096
47.29623,8.495928,36335.992,2845.7136
47.294083,8.495698,36343.027,2847.3933
47.29026,8.496736,36333.023,2848.3218
47.290375,8.496494,36312.62,2848.7969
47.28815,8.496503,36298.016,2849.4192
47.284725,8.497313,36247.8,2851.3455
47.28325,8.496809,36291.41,2851.6765
47.281742,8.497217,36256.86,2852.1172
47.27895,8.494425,36247.145,2853.756
47.27693,8.496263,36268.6,2854.5276
47.27738,8.497569,36229.023,2854.9485
47.27268,8.496713,36211.504,2856.9797
47.272995,8.494296,36170.406,2856.8381
47.271053,8.495687,36173.33,2857.9285
47.266468,8.49463,36169.406,2858.679
47.265118,8.497804,36129.15,2859.4583
47.26302,8.497469,36116.477,2860.88
47.26076,8.498217,36109.613,2861.1885
47.260685,8.504071,36118.04,2863.5518
47.2574,8.50081,36074.074,2862.7534
47.25796,8.492236,36102.81,2864.0947
47.25262,8.49577,36006.24,2865.5657
47.251408,8.497329,36044.668,2866.837
47.24945,8.498344,36044.676,2867.0693
47.248596,8.497194,36030.715,2867.1367
47.247192,8.502445,35940.7,2868.7283
47.24289,8.499386,36025.723,2868.4963
47.242783,8.496506,36007.49,2870.5156
47.23991,8.495509,35987.89,2872.2114
47.23615,8.497721,35982.52,2871.8572
47.23647,8.501999,35853.797,2872.719
47.234734,8.494475,35978.656,2872.9817
47.23131,8.500326,35856.504,2874.4294
47.23019,8.496041,35937.23,2875.9739
47.228397,8.501101,35879.418,2877.5442
47.226192,8.499504,35891.7,2877.4316
47.22521,8.497481,35849.684,2878.745
47.222824,8.498766,35830.42,2879.6882
47.21916,8.4986725,35796.742,2880.9316
47.21672,8.500168,35799.324,2881.3992
47.218628,8.495426,35769.18,2880.3306
47.21745,8.495292,35734.047,2883.7146
47.210934,8.492396,35768.76,2884.1138
47.20971,8.49659,35757.508,2884.4434
47.207603,8.496728,35740.797,2886.322
47.20583,8.497242,35742.586,2887.109
47.204018,8.500513,35720.258,2887.5515
47.203033,8.499389,35700.734,2888.228
47.20213,8.498197,35669.203,2889.4407
47.198605,8.498413,35657.51,2890.2073
47.196423,8.496623,35646.75,2889.4307
47.19625,8.496701,35664.938,2893.3958
47.193665,8.501354,35624.914,2892.6343
47.19062,8.497746,35632.684,2895.1099
47.19051,8.503506,35548.3,2893.7402
47.187725,8.499693,35569.87,2894.9304
47.184185,8.497852,35562.867,2898.0352
47.18078,8.498133,35549.008,2897.3853
47.181282,8.5017805,35498.945,2898.5225
47.177925,8.499047,35502.54,2899.3918
47.17616,8.498406,35496.555,2900.2097
47.174725,8.498401,35482.355,2900.64
47.17384,8.4971075,35473.13,2902.2273
47.169304,8.503339,35413.43,2902.7915
47.169838,8.498867,35426.066,2903.1016
47.1683,8.500169,35380.016,2904.798
47.16312,8.499657,35410.39,2905.7195
47.163517,8.500275,35370.004,2906.6973
47.160545,8.499285,35338.48,2906.8
47.158978,8.499992,35318.895,2908.7852
47.155754,8.500402,35335.043,2909.43
47.154556,8.501197,35307.37,2910.6174
47.152386,8.501169,35292.953,2911.6794
47.150875,8.500374,35292.336,2912.426
47.149704,8.501161,35261.89,2912.918
47.14943,8.500467,35216.84,2914.2703
47.146286,8.498259,35204.62,2914.1514
47.143986,8.500621,35143.0,2915.731
47.14016,8.503355,35147.438,2915.7666
47.14056,8.498513,35124.484,2916.9985
47.136787,8.503636,35113.984,2917.3845
47.134815,8.497599,35104.76,2919.1477
47.132595,8.502779,35092.492,2921.7842
47.13148,8.50535,35058.984,2920.2234
47.128628,8.500716,35058.27,2922.4277
47.126198,8.500222,34997.37,2922.4329
47.12359,8.503652,34943.703,2923.714
47.123463,8.502222,34980.438,2925.001
47.12241,8.498641,34946.19,2925.5671
47.120285,8.4995365,34948.23,2926.253
47.11831,8.497209,34937.63,2926.0164
47.11543,8.497761,34917.977,2928.9524
47.11208,8.506905,34916.66,2928.6912
47.10969,8.505473,34925.27,2929.4539
47.112675,8.503161,34859.777,2931.9734
47.107487,8.498054,34838.94,2929.4092
47.104477,8.504828,34801.027,2934.1528
47.103886,8.503372,34789.53,2932.8687
47.101246,8.502885,34769.887,2933.8408
47.100674,8.505196,34704.777,2935.345
47.09716,8.501939,34684.37,2935.1682
47.09864,8.501529,34617.78,2935.9607
47.093124,8.504499,34643.832,2937.4802
47.09093,8.5038805,34643.51,2939.7844
47.08837,8.504801,34593.68,2937.8792
47.0868,8.502949,34595.43,2941.385
47.08517,8.502509,34552.86,2941.585
47.083057,8.502658,34527.94,2944.063
47.083103,8.505169,34516.02,2941.3062
47.079865,8.50525,34469.117,2945.2234
47.077503,8.506263,34482.266,2945.848
47.076374,8.50417,34443.184,2945.6357
47.071587,8.505838,34421.824,2946.902
47.07113,8.504083,34415.9,2947.6807
47.068775,8.502303,34399.0,2949.013
47.067715,8.503292,34356.78,2949.1465
47.06505,8.506106,34349.387,2950.845
47.062275,8.505834,34339.367,2951.0845
47.061783,8.506509,34295.766,2951.9607
47.059273,8.50472,34291.844,2952.8672
47.05718,8.507938,34231.6,2953.804
47.056244,8.505907,34219.242,2954.6226
47.05371,8.505846,34212.887,2955.549
47.051014,8.506265,34172.582,2956.6106
47.048927,8.504857,34208.496,2957.1177
47.04825,8.506175,34116.793,2958.1523
47.046833,8.505242,34100.945,2958.9836
47.042,8.509918,34106.625,2960.0952
47.041233,8.50639,34045.473,2960.6367
47.041073,8.507567,34032.227,2962.146
47.03755,8.507908,34006.34,2962.294
47.035145,8.507539,33990.957,2964.4014
47.032333,8.505335,33960.477,2964.7095
47.031796,8.506365,33924.984,2964.8796
47.029076,8.508366,33888.953,2966.5535
47.02599,8.50726,33935.84,2967.1838
47.024296,8.506744,33851.06,2967.7427
47.023827,8.508893,33816.984,2968.7017
47.02138,8.507557,33809.953,2970.1104
47.019203,8.508905,33772.418,2970.4744
47.016575,8.508187,33774.074,2971.9094
47.014244,8.505831,33737.832,2972.472
47.01182,8.507505,33709.84,2972.9675
47.01121,8.507533,33695.95,2974.1882
47.009224,8.508936,33665.31,2975.9812
47.00693,8.508673,33603.43,2975.946
47.00584,8.506911,33595.21,2976.8618
47.002956,8.506517,33563.824,2977.5332
47.000828,8.506992,33575.61,2977.9897
46.999737,8.508915,33499.586,2980.3748
46.99724,8.509589,33546.32,2979.757
46.99509,8.509317,33447.11,2980.9036
46.994465,8.510162,33428.598,2982.609
46.98902,8.51093,33468.938,2982.4702
46.989033,8.509778,33361.258,2984.9812
46.986183,8.50901,33374.453,2983.4268
46.983818,8.511387,33299.613,2985.4038
46.982292,8.512266,33345.348,2987.514
46.980957,8.508543,33301.51,2989.2397
46.978466,8.506334,33259.81,2990.1514
46.97283,8.511563,33153.754,2988.7607
46.97831,8.515665,33129.934,2990.354
46.971462,8.512712,33163.54,2991.1052
46.970486,8.506874,33164.016,2991.7544
46.970154,8.507216,33111.074,2994.162
46.966553,8.507604,33061.312,2992.952
46.96315,8.509667,33053.64,2994.5798
46.963146,8.511173,33058.355,2995.8325
46.960617,8.511228,33038.92,2996.767
46.956127,8.513206,33014.41,2998.2048
46.955345,8.512562,32970.38,2997.7083
46.955654,8.512357,32915.68,2999.4944
46.951603,8.513376,32907.496,3000.425
46.94991,8.512775,32824.69,3001.1145
46.948425,8.510616,32825.008,3001.1267
46.946686,8.513794,32797.688,3002.8428
46.94448,8.51034,32704.844,3004.1577
46.94193,8.510242,32737.164,3004.35
46.94099,8.513024,32696.469,3004.9065
46.937576,8.512183,32644.297,3006.8362
46.938,8.512668,32615.158,3007.5525
46.933773,8.513771,32618.232,3007.825
46.93258,8.512607,32527.389,3010.0745
46.928223,8.512004,32514.66,3010.9053
46.928013,8.512852,32482.992,3010.9253
46.926163,8.512789,32458.443,3011.462
46.923344,8.513002,32429.89,3013.391
46.921135,8.515844,32456.854,3013.2712
46.92076,8.514705,32343.588,3013.6165
46.917835,8.514649,32362.6,3015.6094
46.91578,8.512618,32356.691,3015.4175
46.9143,8.514424,32266.14,3016.9443
46.911808,8.514307,32248.912,3018.5886
46.90991,8.512466,32212.871,3019.5066
46.908092,8.515465,32218.168,3019.8933
46.905785,8.5131035,32137.527,3021.0142
46.903767,8.513332,32121.637,3021.94
46.90134,8.514701,32146.95,3023.3635
46.89984,8.514118,32043.412,3023.317
46.898125,8.513426,32008.496,3024.1235
46.897106,8.514062,31978.63,3025.191
46.8948,8.513716,31919.34,3026.071
46.89197,8.516632,31968.645,3026.4492
46.890743,8.514548,31853.062,3027.4397
46.888123,8.513764,31836.105,3029.2227
46.88532,8.515456,31824.137,3030.2632
46.883514,8.513999,31821.746,3030.6602
46.88205,8.514915,31772.2,3031.9033
46.880238,8.515259,31765.123,3032.4976
46.877842,8.51515,31707.934,3032.4626
46.876095,8.515932,31735.781,3034.4973
46.873184,8.514321,31651.713,3034.2349
46.87119,8.514457,31596.3,3035.5366
46.86911,8.515087,31585.588,3037.293
46.86817,8.513915,31549.803,3037.5713
46.8665,8.511551,31521.258,3038.781
46.86071,8.517365,31458.52,3040.0217
46.862984,8.517191,31483.037,3041.1743
46.860523,8.517012,31397.549,3041.2363
46.85764,8.5169735,31356.098,3041.1135
46.85853,8.517214,31443.486,3042.315
46.85726,8.509845,31242.035,3041.883
46.85284,8.5148325,31175.479,3047.7385
46.84916,8.520134,31190.416,3042.8596
46.852386,8.51788,31203.426,3047.4683
46.844902,8.509597,31212.742,3045.8726
46.84356,8.51338,31123.795,3048.089
46.843822,8.513323,31123.08,3049.482
46.83943,8.514388,31112.557,3051.0874
46.83705,8.523347,31103.703,3051.8584
46.83614,8.517021,31197.023,3052.0273
46.83546,8.513504,31066.979,3052.6082
46.83307,8.516285,31037.502,3052.9746
46.82943,8.5178175,30980.096,3055.016
46.82786,8.516235,30931.883,3054.5388
46.8277,8.514356,30830.004,3055.5767
46.82388,8.517071,30910.508,3058.402
46.82313,8.516312,30781.836,3056.952
46.82045,8.517908,30799.285,3058.3293
46.818184,8.5162325,30793.803,3061.585
46.81554,8.517895,30707.984,3061.1277
46.814247,8.515837,30677.27,3061.3677
46.814186,8.519886,30604.164,3062.153
46.810265,8.51725,30656.19,3063.2751
46.809494,8.518067,30571.443,3065.6255
46.80735,8.518531,30547.746,3063.9583
46.805653,8.518723,30483.92,3066.5493
46.802006,8.521507,30518.707,3066.9626
46.80116,8.518056,30448.508,3067.465
46.798798,8.518052,30407.559,3068.7576
46.79649,8.517575,30404.3,3069.748
46.794594,8.519644,30445.873,3070.4326
46.79266,8.518299,30363.482,3069.9856
46.790035,8.51924,30313.592,3073.5496
46.78795,8.518488,30303.111,3071.9507
46.78657,8.517493,30239.463,3074.134
46.783634,8.520045,30214.662,3074.6062
46.783176,8.519925,30236.936,3074.53
46.78088,8.520141,30111.89,3076.4944
46.779884,8.520988,30184.355,3076.851
46.776394,8.517457,30126.309,3078.0305
46.77487,8.520172,30035.504,3079.1182
46.772697,8.520762,30117.666,3080.3271
46.77115,8.519473,29986.693,3080.19
46.768112,8.520506,29980.777,3081.9304
46.766937,8.518651,29930.445,3082.629
46.76421,8.520589,29926.834,3083.9714
46.76296,8.519526,29900.254,3084.4778
46.761665,8.520777,29847.287,3086.2874
46.758564,8.519654,29811.076,3086.025
46.75772,8.519249,29766.32,3087.275
46.755688,8.520451,29765.729,3088.0488
46.754154,8.522478,29805.393,3087.7886
46.75138,8.520437,29691.898,3089.5195
46.749355,8.520077,29680.838,3090.7214
46.748165,8.522276,29644.697,3092.4058
46.74535,8.522833,29637.455,3091.748
46.744324,8.521265,29579.316,3093.8784
46.741505,8.5214405,29563.475,3093.4468
46.7395,8.519425,29525.16,3095.6313
46.737495,8.521662,29491.453,3095.9072
46.735348,8.520012,29471.084,3096.8953
46.734524,8.521745,29462.875,3098.337
46.73235,8.519564,29484.754,3097.2358
46.72982,8.518306,29387.223,3099.4187
46.72835,8.520942,29399.336,3100.203
46.726738,8.523878,29352.717,3101.8171
46.723698,8.521604,29270.115,3099.3591
46.72346,8.519318,29248.037,3102.952
46.722015,8.523347,29227.373,3104.6418
46.71611,8.520372,29288.45,3104.211
46.71573,8.526652,29175.285,3108.2644
46.714333,8.524609,29155.742,3104.3625
46.7138,8.521255,29135.775,3110.3926
46.711624,8.519819,29052.418,3107.6582
46.70796,8.522365,29152.28,3109.207
46.70709,8.522974,29006.479,3110.4072
46.705402,8.520887,28961.08,3110.895
46.705055,8.521818,28926.463,3111.2998
46.702667,8.520552,28911.7,3112.2456
46.699234,8.518649,28880.578,3115.474
46.698513,8.52138,28878.03,3113.1924
46.69577,8.521949,28840.715,3116.239
46.693874,8.518203,28850.701,3117.2659
46.69088,8.522131,28765.463,3117.8855
46.689674,8.519299,28723.637,3117.5642
46.68972,8.523075,28690.836,3119.5864
46.687057,8.519972,28666.709,3118.7463
46.684925,8.520429,28667.223,3121.0083
46.6833,8.5221405,28627.09,3121.715
46.679943,8.520689,28591.84,3122.7856
46.67941,8.523884,28561.416,3123.8516
46.67709,8.521729,28515.367,3124.3938
46.676365,8.521745,28492.994,3125.5518
46.67124,8.519931,28458.473,3126.3386
46.670334,8.521654,28434.072,3127.4656
46.66919,8.522879,28372.438,3127.3674
46.666195,8.521125,28354.516,3129.1619
46.665615,8.521556,28367.818,3129.4314
46.66335,8.520346,28280.2,3131.2222
46.66112,8.519786,28239.916,3131.5444
46.659515,8.521833,28216.725,3133.094
46.658432,8.521916,28197.258,3133.4666
46.65674,8.523109,28163.771,3134.2954
46.65536,8.520219,28123.174,3134.11
46.652683,8.522887,28114.479,3135.5398
46.65009,8.520654,28036.553,3137.6174
46.64904,8.520459,28025.37,3137.4917
46.647266,8.522585,27995.732,3139.5786
46.64521,8.522646,27961.352,3139.6882
46.6427,8.521094,27923.412,3140.5093
46.6405,8.521924,27903.262,3141.4805
46.639103,8.521327,27874.39,3142.285
46.637463,8.520823,27830.736,3143.6052
46.63513,8.52206,27811.584,3143.965
46.63257,8.522622,27748.826,3144.9937
46.63149,8.522823,27717.904,3145.721
46.63021,8.520819,27693.418,3147.1907
46.62616,8.520892,27662.602,3147.7737
46.62558,8.520374,27645.668,3148.9346
46.624603,8.521801,27603.299,3149.266
46.62077,8.521563,27564.818,3150.4546
46.620144,8.519708,27517.389,3151.894
46.617584,8.520018,27497.037,3152.706
46.616737,8.5198765,27479.316,3152.936
46.613567,8.520877,27427.986,3153.7295
46.613674,8.5199175,27416.205,3155.678
46.611423,8.519862,27397.273,3154.154
46.60843,8.520454,27369.303,3156.5325
46.606842,8.518803,27346.064,3158.4065
46.604763,8.521333,27228.336,3158.195
46.60328,8.51961,27244.25,3158.54
46.60082,8.52211,27198.414,3160.574
46.60103,8.519713,27203.086,3161.0247
46.59548,8.518619,27179.879,3162.8264
46.593353,8.520855,27155.31,3164.2285
46.59316,8.522642,27090.94,3165.016
46.59145,8.521049,27040.926,3164.1108
46.589474,8.51938,27032.22,3166.2698
46.58697,8.5194435,26986.807,3167.198
46.58639,8.51991,26948.645,3167.1106
46.583195,8.517927,26890.727,3168.38
46.582592,8.518465,26871.336,3168.9792
46.57999,8.518091,26864.29,3170.4512
46.577946,8.517971,26818.719,3170.9011
46.57568,8.518891,26800.78,3172.3762
46.57475,8.520922,26684.732,3173.6946
46.57317,8.515662,26739.205,3172.8848
46.571068,8.517802,26676.885,3176.3733
46.567387,8.518574,26617.207,3176.2231
46.56755,8.51679,26643.838,3177.2227
46.5652,8.517661,26598.266,3177.2144
46.5622,8.516042,26563.443,3178.5789
46.562416,8.517926,26502.71,3180.6848
46.55925,8.517192,26472.254,3180.528
46.556824,8.518587,26402.252,3182.2566
46.55496,8.518479,26425.633,3182.4915
46.55435,8.516515,26393.152,3182.6982
46.551403,8.517542,26248.668,3184.1724
46.54955,8.515539,26290.795,3185.1616
46.54717,8.516504,26270.303,3185.469
46.546425,8.516342,26245.033,3186.2542
46.544407,8.517286,26219.582,3188.2407
46.54202,8.517306,26212.594,3188.2512
46.54056,8.5146055,26169.66,3189.576
46.538246,8.516027,26111.006,3190.9
46.53744,8.5159445,26061.42,3191.2798
46.536137,8.515511,26001.76,3192.5881
46.533817,8.515485,26005.2,3193.1602
46.531776,8.515483,25986.137,3194.0881
46.530087,8.515087,25957.371,3194.4387
46.528236,8.51529,25960.586,3195.7378
46.526794,8.517103,25845.537,3196.8975
46.524097,8.5155525,25889.59,3197.845
46.52201,8.514493,25839.766,3198.334
46.51984,8.515203,25821.785,3199.0105
46.518734,8.516181,25701.793,3200.9417
46.517033,8.513786,25752.719,3200.5986
46.514168,8.515693,25702.535,3201.0798
46.51227,8.5150795,25666.514,3202.5786
46.512207,8.514421,25633.936,3203.3655
46.510494,8.514515,25579.799,3203.862
46.506737,8.513707,25620.43,3205.466
46.505352,8.512343,25592.92,3206.6028
46.504322,8.515132,25481.684,3207.7925
46.501,8.512463,25511.07,3207.6208
46.499943,8.511825,25470.959,3210.7615
46.49854,8.513219,25419.205,3209.4065
46.49742,8.511426,25374.299,3211.5715
46.494045,8.5135975,25329.998,3212.8447
46.492188,8.512781,25335.266,3213.2913
46.49023,8.512605,25303.768,3213.6604
46.489513,8.512287,25235.615,3214.7502
46.487022,8.512114,25275.01,3215.166
46.48647,8.5095825,25191.812,3215.079
46.484253,8.51147,25096.756,3218.7236
46.48195,8.5117235,25146.44,3217.63
46.479916,8.51213,25076.934,3219.2573
46.478695,8.5089245,25134.68,3219.5757
46.47757,8.510306,25008.951,3220.7412
46.47669,8.501124,25023.637,3218.7468
46.4729,8.506218,24951.22,3225.8687
46.471222,8.511967,24936.488,3221.6423
46.47096,8.510072,24974.193,3224.894
46.470306,8.50991,24874.494,3226.78
46.465164,8.509326,24880.504,3225.3135
46.4635,8.508705,24822.795,3228.4346
46.462852,8.508623,24797.676,3227.9998
46.461105,8.5103245,24686.506,3229.423
46.457928,8.507328,24779.549,3229.7922
46.457417,8.509469,24734.43,3231.0454
46.454872,8.508633,24710.57,3231.4922
46.453064,8.508153,24650.154,3233.6606
46.45032,8.506748,24623.805,3232.9602
46.448956,8.506079,24576.465,3233.8418
46.446842,8.508019,24557.312,3234.7124
46.445297,8.507769,24417.113,3237.171
46.444733,8.507506,24437.252,3237.694
46.442177,8.507204,24421.81,3238.1416
46.44046,8.507199,24438.7,3239.8733
46.43811,8.506198,24365.31,3240.1375
46.436893,8.505397,24344.732,3240.7666
46.434753,8.505549,24310.73,3242.2034
46.43353,8.503959,24257.418,3243.438
46.431553,8.504928,24267.168,3244.244
46.42981,8.504786,24240.154,3244.355
46.428375,8.5065775,24176.59,3245.3054
46.426655,8.503962,24163.252,3246.3389
46.424698,8.504729,24118.477,3246.57
46.42303,8.503476,24108.885,3247.6653
46.42048,8.5037775,24058.873,3249.438
46.41786,8.503,24064.379,3249.3757
46.416946,8.503289,23996.021,3250.9912
46.415062,8.502851,23957.285,3251.7014
46.412262,8.503733,23907.48,3252.9482
46.41155,8.503026,23900.361,3253.5613
46.409695,8.502122,23855.521,3254.7625
46.408134,8.503031,23816.97,3254.943
46.405613,8.501703,23767.277,3256.1475
46.404453,8.502456,23764.355,3257.126
46.401855,8.501612,23750.916,3259.25
46.401085,8.501714,23653.729,3258.8442
46.39855,8.500676,23682.379,3259.82
46.39725,8.501114,23608.906,3260.3613
46.396336,8.499578,23607.363,3261.9788
46.39286,8.501138,23542.158,3262.695
46.39234,8.500522,23526.924,3263.699
46.39059,8.499741,23522.738,3263.691
46.386986,8.49995,23514.297,3265.0012
46.38601,8.4983835,23519.389,3266.52
46.385597,8.500675,23363.03,3266.154
46.382343,8.499796,23412.625,3268.4417
46.380196,8.498855,23381.486,3269.2405
46.379128,8.499469,23238.158,3269.067
46.377357,8.498839,23316.951,3270.3328
46.374317,8.498095,23271.256,3272.7095
46.37417,8.497135,23272.81,3272.961
46.37295,8.500443,22994.385,3272.5427
46.369827,8.49623,23173.795,3274.3774
46.368614,8.496423,23144.531,3274.3735
46.366108,8.496048,23086.477,3276.3643
46.36465,8.495466,23076.916,3277.416
46.36235,8.497071,23007.744,3277.0408
46.362427,8.497751,22983.688,3278.848
46.360344,8.493402,22973.37,3278.9578
46.35758,8.494938,22948.416,3280.8796
46.356243,8.493649,22904.455,3281.6184
46.353443,8.495843,22848.322,3282.4558
46.3533,8.495118,22864.959,3283.2773
46.351124,8.494026,22835.7,3283.4622
46.34883,8.495442,22794.908,3285.0835
46.346813,8.495267,22771.014,3285.5386
46.34457,8.495302,22723.297,3287.185
46.344044,8.4951725,22731.521,3287.2676
46.342632,8.495989,22601.855,3289.2256
46.340385,8.494462,22665.07,3289.0823
46.33792,8.494983,22654.342,3290.603
46.336308,8.494887,22638.053,3290.7698
46.335434,8.494011,22544.809,3292.2483
46.33244,8.494815,22480.55,3292.638
46.331135,8.494886,22585.668,3294.6067
46.329025,8.49411,22525.266,3295.0413
46.32705,8.493331,22488.965,3295.6934
46.326477,8.4922695,22470.531,3296.598
46.324207,8.491677,22409.045,3298.0203
46.32273,8.494025,22316.598,3298.5051
46.319653,8.491934,22388.32,3299.3987
46.320625,8.492785,22343.576,3301.1655
46.318035,8.491661,22299.727,3301.2324
46.31552,8.491184,22265.227,3302.2493
46.314236,8.491714,22248.598,3303.0908
46.31227,8.492373,22180.225,3304.0327
46.309616,8.491774,22257.398,3305.212
46.30903,8.495143,21899.477,3306.3699
46.306507,8.491901,22219.38,3306.834
46.30378,8.490787,22098.174,3308.2698
46.30232,8.492026,22087.967,3309.3125
46.301434,8.49264,22063.201,3309.56
46.30079,8.494556,21774.43,3310.3464
46.29697,8.49212,22073.838,3311.36
46.295815,8.492302,21964.846,3312.326
46.294483,8.4926,21942.479,3313.6548
46.294037,8.494029,21759.02,3314.3025
46.290672,8.492058,21886.422,3314.859
46.28928,8.49286,21827.832,3316.6929
46.286118,8.492246,21792.5,3317.1523
46.285313,8.491591,21776.768,3318.6252
46.283207,8.491445,21779.234,3319.4001
46.282078,8.491392,21673.295,3320.9607
46.279655,8.491685,21700.49,3321.3442
46.277725,8.492698,21669.295,3322.2478
46.27776,8.493086,21632.736,3323.1255
46.275253,8.49198,21632.004,3324.222
46.274117,8.4900675,21598.115,3324.3818
46.272198,8.493911,21614.85,3325.5405
46.26969,8.494836,21547.309,3327.4875
46.269318,8.493541,21570.076,3326.3032
46.265675,8.49285,21514.584,3327.9702
46.266132,8.491236,21510.994,3330.5254
46.261257,8.492062,21492.91,3330.414
46.26032,8.493862,21425.129,3331.9954
46.25968,8.493744,21389.549,3332.2583
46.257175,8.492409,21384.703,3332.345
46.2569,8.493394,21181.086,3333.8657
46.25346,8.492958,21345.703,3333.7927
46.253254,8.492634,21295.385,3336.3618
46.24941,8.4957285,21210.188,3336.447
46.24994,8.494679,21267.887,3337.3257
46.24809,8.495896,21125.732,3338.2769
46.244953,8.495282,21225.527,3339.7954
46.244144,8.49503,21073.57,3340.694
46.24123,8.491981,21173.32,3340.608
46.24023,8.49736,20846.342,3342.0376
46.238274,8.494083,21119.363,3342.0095
46.23698,8.494496,21108.582,3344.4448
46.234676,8.4957905,21002.781,3345.399
46.23292,8.495407,21007.62,3345.825
46.23195,8.497082,20936.643,3346.2866
46.230293,8.4953165,20943.473,3347.167
46.228313,8.49629,20849.21,3348.54
46.227272,8.496086,20841.016,3350.1616
46.224976,8.497845,20781.885,3350.4448
46.223583,8.496293,20858.518,3350.8022
46.22167,8.497834,20664.525,3352.494
46.22009,8.4992895,20654.785,3352.8347
46.217896,8.497082,20818.129,3354.3276
46.21716,8.498871,20620.666,3354.4844
46.215137,8.497719,20694.834,3356.4258
46.2131,8.497018,20661.205,3357.0356
46.211338,8.498049,20561.912,3358.8455
46.2092,8.498981,20569.95,3359.1436
46.209568,8.500712,20390.34,3358.0017
46.20661,8.499911,20580.09,3360.605
46.204906,8.49876,20522.271,3360.985
46.203167,8.50034,20552.334,3362.0212
46.20302,8.502369,20319.016,3362.2861
46.200047,8.500324,20438.35,3365.1006
46.197746,8.50194,20465.312,3365.2642
46.19768,8.501257,20375.494,3366.2935
46.19459,8.501432,20355.334,3367.59
46.192642,8.500857,20438.02,3368.788
46.19219,8.502273,20293.076,3369.1775
46.19166,8.504417,20094.102,3369.4788
46.18787,8.50251,20330.518,3372.2068
46.185856,8.503558,20210.787,3371.6958
46.18555,8.504359,20178.516,3372.9626
46.183884,8.50566,20150.812,3373.5552
46.18172,8.5041685,20216.37,3375.4346
46.18091,8.506558,20028.113,3375.8303
46.17762,8.505318,20164.957,3376.7224
46.176777,8.506045,20017.625,3377.5837
46.175873,8.506685,20033.125,3378.228
46.17406,8.508174,19987.035,3379.4788
46.171276,8.508277,20022.756,3380.8247
46.17092,8.508848,19918.617,3381.6038
46.168472,8.506887,20067.373,3381.6404
46.167877,8.512139,19750.148,3381.279
46.165375,8.512252,19698.117,3382.495
46.164074,8.509699,19884.814,3384.2935
46.161156,8.511732,19825.857,3385.8765
46.15993,8.51194,19813.092,3386.8008
46.15865,8.513173,19723.543,3387.77
46.157307,8.512211,19768.463,3388.5986
46.15517,8.512949,19729.145,3388.8062
46.152325,8.514626,19710.797,3391.427
46.153152,8.514709,19699.348,3391.4443
46.15063,8.516168,19631.193,3391.1274
46.147938,8.515988,19610.861,3392.504
46.14656,8.516081,19589.45,3393.4517
46.1456,8.515786,19592.525,3395.101
46.143524,8.517916,19509.277,3396.1594
46.142525,8.517606,19613.863,3395.9026
46.141636,8.519896,19429.277,3397.739
46.138344,8.517453,19499.303,3399.0344
46.137863,8.519254,19419.754,3398.9934
46.135284,8.520329,19340.41,3400.8723
46.13404,8.521014,19374.902,3401.499
46.13266,8.522949,19346.37,3402.3772
46.131218,8.523192,19334.27,3402.4583
46.12973,8.523567,19236.11,3404.8833
46.126945,8.522562,19313.1,3404.3804
46.12719,8.525738,19164.875,3405.3796
46.124702,8.5252495,19250.867,3406.9534
46.12303,8.526015,19204.582,3408.2012
46.12251,8.526811,19103.027,3408.1897
46.119728,8.528658,19142.504,3410.1667
46.118095,8.527299,19171.693,3410.8108
46.11694,8.5294285,19047.375,3411.4434
46.11455,8.528743,19087.68,3412.289
46.114014,8.530887,18985.469,3415.0642
46.111668,8.531332,18995.898,3413.441
46.110245,8.530834,18907.293,3415.4998
46.109783,8.532969,18906.99,3415.3486
46.107567,8.532646,18932.55,3416.1128
46.104862,8.534151,18858.232,3417.7827
46.104473,8.533704,18862.883,3417.2578
46.10345,8.534965,18821.414,3419.3809
46.102238,8.536437,18790.363,3419.0654
46.09924,8.53656,18762.912,3420.713
46.099636,8.538429,18550.236,3420.8572
46.09572,8.536985,18787.824,3423.324
46.0952,8.539313,18666.496,3423.6104
46.09275,8.539789,18705.512,3424.5662
46.09199,8.540357,18616.729,3425.6052
46.090893,8.540365,18555.227,3426.73
46.08846,8.540699,18669.121,3427.5352
46.087902,8.543026,18456.336,3428.3237
46.08584,8.543861,18524.834,3429.414
46.084747,8.544604,18487.879,3430.3992
46.083694,8.545238,18395.86,3431.3074
46.081356,8.544605,18519.412,3432.4514
46.079685,8.546479,18388.664,3433.2861
46.078865,8.547727,18297.812,3433.1995
46.07681,8.547998,18321.139,3434.1528
46.07517,8.548309,18305.41,3436.0437
46.074505,8.55018,18220.766,3436.077
46.07325,8.550366,18200.578,3436.9229
46.070396,8.550959,18205.785,3438.3467
46.0696,8.552273,18106.488,3438.615
46.06753,8.5531225,18180.318,3439.1597
46.066547,8.554111,18080.174,3440.7766
46.065086,8.555624,18060.654,3441.4092
46.06308,8.555793,18071.12,3442.7144
46.061523,8.556175,17995.564,3442.4194
46.05981,8.558769,17961.645,3443.9768
46.059505,8.556909,17934.633,3445.0842
46.057762,8.559232,17899.41,3445.7312
46.05483,8.560369,17888.238,3446.267
46.054623,8.562303,17898.643,3448.3208
46.052532,8.562329,17771.57,3447.7605
46.0517,8.562994,17740.611,3449.892
46.049904,8.5627,17812.432,3450.6414
46.048447,8.564096,17656.547,3452.2668
46.046394,8.56528,17660.615,3451.8274
46.045734,8.567556,17564.832,3453.2004
46.044186,8.56708,17611.377,3452.979
46.041824,8.567739,17592.61,3454.5535
46.041782,8.567712,17501.363,3454.051
46.038773,8.5675955,17514.578,3457.622
46.037575,8.571008,17489.502,3456.5076
46.036434,8.573802,17398.033,3458.3196
46.035995,8.572374,17396.387,3458.728
46.03375,8.573157,17353.43,3458.871
46.03136,8.57464,17333.873,3460.7249
46.030907,8.574986,17293.545,3460.7483
46.02881,8.57586,17270.676,3462.741
46.027534,8.576262,17223.361,3463.6704
46.025806,8.578407,17188.305,3463.4163
46.024136,8.579609,17133.354,3465.426
46.023132,8.579589,17110.553,3466.466
46.021736,8.581688,17054.756,3467.5083
46.018745,8.580885,17108.957,3467.903
46.01895,8.583516,16977.928,3468.8777
46.016747,8.583752,16937.219,3468.3657
46.015327,8.584046,16933.236,3470.3083
46.014347,8.5854435,16893.713,3471.777
46.01143,8.58651,16876.932,3471.7063
46.011272,8.588688,16804.506,3471.674
46.00933,8.5885105,16809.598,3473.762
46.007435,8.588391,16786.244,3474.3674
46.00574,8.589939,16744.557,3475.2966
46.004726,8.590631,16728.71,3476.8408
46.003498,8.592999,16673.742,3477.8887
46.001408,8.592785,16660.805,3477.715
46.000595,8.592978,16631.572,3479.8335
45.999264,8.594455,16550.693,3480.4124
45.997936,8.595644,16490.291,3481.0664
45.99582,8.597104,16462.688,3481.8447
45.994595,8.598065,16474.818,3482.279
45.995167,8.60053,16353.537,3483.3135
45.99128,8.598862,16483.271,3484.5278
45.990284,8.600787,16321.357,3485.9204
45.988506,8.601743,16298.875,3487.1218
45.987217,8.602626,16273.446,3487.4775
45.98569,8.604347,16237.721,3488.2295
45.985523,8.60523,16179.094,3490.1826
45.98299,8.604863,16177.632,3490.2512
45.98168,8.606508,16137.911,3490.796
45.980766,8.608001,16085.857,3492.5098
45.97892,8.607685,16088.561,3492.9736
45.977848,8.608841,16009.9,3494.1892
45.975586,8.610303,15982.176,3494.8347
45.973637,8.611388,15962.562,3496.1792
45.97332,8.611884,15895.916,3497.0566
45.970932,8.61282,15856.48,3497.9658
45.97086,8.614549,15799.515,3498.8628
45.967644,8.614554,15838.135,3498.9668
45.96738,8.616851,15763.495,3500.4446
45.9655,8.615976,15746.387,3501.1318
45.96347,8.618338,15714.863,3502.3486
45.962917,8.618623,15675.543,3502.7244
45.960728,8.620904,15599.502,3504.1384
45.960087,8.621465,15578.884,3506.1255
45.958916,8.622417,15540.856,3505.3613
45.95668,8.621882,15510.978,3506.106
45.955467,8.622862,15500.37,3507.6116
45.953526,8.625922,15423.429,3507.2483
45.953453,8.625688,15423.579,3508.2947
45.950638,8.627672,15364.766,3509.1475
45.950325,8.627123,15357.822,3510.4907
45.948204,8.627707,15302.796,3512.3755
45.945908,8.630319,15276.014,3513.2588
45.94595,8.6341,15222.845,3515.1726
45.943993,8.632842,15178.327,3514.085
45.944077,8.633118,15154.792,3515.9355
45.940655,8.633592,15087.986,3516.5076
45.940037,8.634526,15086.799,3516.9214
45.93901,8.636435,15029.302,3518.466
45.937588,8.636439,15025.829,3518.172
45.93655,8.638369,14985.163,3519.6912
45.934258,8.638455,14995.833,3520.042
45.93413,8.640317,14934.571,3522.1982
45.932465,8.641154,14894.29,3520.9988
45.930595,8.641423,14867.446,3523.6426
45.929512,8.642824,14826.975,3525.3682
45.9282,8.644295,14813.737,3524.9255
45.926723,8.645387,14776.479,3525.8828
45.924957,8.646068,14748.485,3526.7683
45.925217,8.648041,14691.652,3528.5098
45.922184,8.648068,14656.937,3528.8674
45.921005,8.649569,14628.986,3529.3015
45.91916,8.650546,14583.271,3529.5676
45.917664,8.651871,14547.201,3531.1562
45.91771,8.652392,14528.775,3532.042
45.91543,8.653516,14509.812,3533.2085
45.912838,8.654344,14497.42,3534.4917
45.912674,8.656076,14467.282,3535.87
45.910583,8.656526,14427.923,3535.9883
45.909653,8.657627,14392.314,3537.5188
45.90822,8.659277,14341.001,3537.9297
45.907,8.658977,14293.911,3538.998
45.90481,8.661121,14279.463,3540.0579
45.904972,8.662442,14263.464,3540.7083
45.902977,8.663383,14235.335,3541.8276
45.90199,8.664769,14202.38,3542.2256
45.900074,8.665884,14180.372,3543.1392
45.89858,8.666303,14114.015,3543.715
45.897358,8.667731,14065.159,3544.98
45.895462,8.668742,14037.708,3546.11
45.893417,8.669713,14039.3545,3546.4805
45.89297,8.671277,14023.586,3547.8916
45.892017,8.672504,13986.126,3549.4836
45.890556,8.674064,13936.849,3549.4958
45.88901,8.674062,13913.263,3550.9495
45.88781,8.674994,13852.491,3552.2136
45.88601,8.676483,13846.379,3552.0818
45.8848,8.6780615,13782.474,3553.278
45.8847,8.678782,13769.645,3554.6729
45.8815,8.678653,13770.933,3554.8894
45.88148,8.681237,13710.56,3557.0762
45.87943,8.682602,13685.198,3557.1501
45.878723,8.684222,13657.509,3557.7285
45.876984,8.683329,13620.126,3560.5483
45.87572,8.685391,13575.451,3560.4895
45.874058,8.686455,13551.39,3561.2146
45.87274,8.688169,13494.2,3561.416
45.871094,8.689127,13488.261,3563.7986
45.87067,8.690212,13468.801,3564.7966
45.868393,8.690084,13467.8,3562.7805
45.867687,8.691004,13430.771,3566.5864
45.866676,8.69259,13385.674,3565.8586
45.865353,8.694399,13330.629,3568.2627
45.863594,8.696495,13288.603,3564.7283
45.86321,8.696507,13260.457,3568.1904
45.86025,8.697579,13255.496,3569.6082
45.858166,8.697696,13265.943,3569.46
45.857708,8.703642,13225.092,3574.6682
45.857056,8.702269,13183.418,3571.074
45.85491,8.702051,13112.965,3575.037
45.85416,8.701721,13088.492,3574.26
45.852074,8.703545,13049.734,3575.148
45.851013,8.704674,13022.053,3575.7534
45.85037,8.705583,12992.857,3577.4023
45.84947,8.706797,12954.567,3577.1528
45.848137,8.706672,12945.813,3578.026
45.845947,8.708841,12919.402,3581.662
45.844772,8.710325,12909.272,3578.4175
45.843895,8.710954,12873.048,3581.1658
45.84247,8.711014,12842.141,3583.113
45.841034,8.713694,12790.312,3584.2534
45.83958,8.713571,12767.55,3584.4316
45.838284,8.714498,12735.367,3584.9355
45.836525,8.716246,12744.477,3585.9563
45.83546,8.717499,12690.638,3587.6602
45.834354,8.718701,12688.3125,3587.0977
45.832573,8.718327,12630.168,3587.3557
45.83084,8.720991,12555.65,3590.2217
45.830086,8.722242,12550.967,3590.524
45.828964,8.722349,12519.628,3591.3755
45.826897,8.723746,12499.672,3592.567
45.82609,8.7247505,12486.424,3594.046
45.824482,8.725398,12439.975,3593.1743
45.823498,8.727282,12429.654,3595.2363
45.821777,8.727787,12393.326,3595.8413
45.820885,8.728303,12368.085,3597.7212
45.818794,8.72969,12330.352,3598.1377
45.818027,8.730722,12310.129,3598.5137
45.816883,8.732147,12301.649,3600.1992
45.81565,8.732989,12267.716,3601.0552
45.813755,8.733655,12231.232,3601.2358
45.813286,8.734956,12210.268,3603.8503
45.8113,8.735404,12165.213,3602.6284
45.811512,8.738265,12173.387,3605.199
45.807972,8.736982,12111.791,3603.9324
45.807877,8.739498,12073.052,3607.7117
45.805077,8.738813,12053.085,3607.3013
45.804176,8.741509,12028.277,3609.1687
45.80348,8.742618,12003.229,3608.7766
45.80146,8.743559,11980.916,3609.968
45.80076,8.744634,11970.202,3610.8813
45.798847,8.746274,11956.981,3610.9084
45.798332,8.746616,11944.072,3612.8352
45.796577,8.747678,11909.262,3613.1387
45.795013,8.748694,11883.192,3614.0845
45.79434,8.749627,11864.045,3615.8816
45.791985,8.749926,11823.091,3615.5547
45.790554,8.751272,11815.103,3616.9192
45.78955,8.752409,11811.012,3618.2073
45.788647,8.752887,11788.776,3619.3086
45.786736,8.753427,11720.727,3618.3657
45.785187,8.755738,11699.715,3621.2744
45.784447,8.757272,11700.748,3621.5615
45.78237,8.7574835,11646.542,3622.4639
45.781067,8.758972,11624.354,3622.7864
45.779808,8.758303,11611.909,3624.8298
45.778934,8.759046,11528.134,3623.515
45.778397,8.762162,11486.203,3626.7556
45.77593,8.762803,11495.41,3626.494
45.77518,8.762735,11488.63,3625.4966
45.77376,8.763151,11428.88,3627.9055
45.773808,8.76376,11443.272,3628.042
45.77024,8.763566,11443.288,3629.7324
45.77003,8.767174,11419.304,3630.8455
45.767178,8.769305,11441.753,3631.6033
45.7673,8.768663,11451.968,3631.4077
45.76613,8.768831,11344.46,3631.8533
45.76443,8.771017,11308.094,3634.6387
45.76215,8.771982,11300.503,3635.1584
45.760765,8.771984,11276.194,3635.8152
45.760193,8.772995,11225.229,3637.117
45.758587,8.774353,11208.589,3636.538
45.757607,8.775889,11201.431,3639.0703
45.756283,8.775866,11214.173,3637.849
45.754738,8.777035,11170.461,3640.0735
45.752914,8.777303,11112.318,3641.905
45.75223,8.779533,11084.307,3642.1968
45.75124,8.780102,11072.094,3642.6252
45.74929,8.780415,11040.429,3643.728
45.748764,8.782679,10997.484,3645.966
45.74694,8.782279,10991.0,3645.396
45.744915,8.782198,11005.629,3644.5813
45.744244,8.784392,10933.149,3648.7795
45.74228,8.785307,10901.142,3648.7764
45.74201,8.786218,10884.03,3649.0247
45.739944,8.786863,10857.576,3649.2708
45.738567,8.788244,10851.426,3651.087
45.737194,8.787996,10859.364,3650.7185
45.736004,8.789232,10857.086,3652.8022
45.734528,8.790723,10843.556,3654.756
45.732517,8.789623,10828.245,3651.4558
45.73289,8.792646,10732.491,3655.9692
45.73054,8.79284,10718.555,3656.5142
45.730186,8.793852,10710.226,3657.6677
45.727646,8.791666,10749.367,3653.3652
45.727444,8.795171,10650.3,3660.3032
45.725475,8.79624,10641.318,3660.3748
45.72418,8.796686,10607.577,3661.7866
45.722946,8.797878,10569.016,3661.4424
45.721622,8.798674,10540.698,3662.0076
45.720303,8.799276,10547.724,3662.3271
45.719444,8.800432,10528.371,3664.334
45.71747,8.800225,10527.659,3663.9973
45.71627,8.802501,10501.654,3665.109
45.715187,8.802812,10478.8545,3666.8882
45.713917,8.803828,10452.071,3668.0994
45.71225,8.803244,10445.289,3666.0188
45.711365,8.805075,10383.153,3669.5952
45.710346,8.804403,10383.668,3669.8118
45.709213,8.806632,10347.87,3670.0586
45.70727,8.806504,10369.294,3670.192
45.705936,8.808035,10356.2295,3672.8792
45.704765,8.808973,10328.36,3671.5405
45.70436,8.809983,10323.416,3672.8293
45.702137,8.811132,10249.437,3673.7334
45.7021,8.810084,10325.466,3674.674
45.699768,8.810676,10208.405,3676.3066
45.69798,8.812514,10226.882,3678.1648
45.69744,8.814923,10168.194,3680.1343
45.69547,8.815122,10155.422,3677.309
45.69422,8.81436,10194.182,3682.2734
45.69248,8.814571,10139.842,3680.5022
45.6926,8.8152685,10129.461,3682.39
45.689865,8.81692,10116.791,3682.4705
45.69044,8.819709,10010.13,3683.3635
45.68879,8.818771,10074.44,3683.9539
45.686516,8.819005,10090.355,3684.4985
45.686245,8.819724,10014.864,3685.008
45.684414,8.8195915,10014.464,3686.7358
45.683487,8.821494,9955.256,3687.1272
45.681904,8.8227415,9971.134,3687.5767
45.681343,8.823243,9965.286,3689.665
45.679245,8.824222,9940.462,3690.764
45.678036,8.824301,9949.281,3690.1218
45.677216,8.825992,9859.625,3691.9824
45.67578,8.825964,9861.99,3693.3577
45.67454,8.8267,9812.937,3693.587
45.673267,8.8266,9883.46,3694.0876
45.67243,8.828036,9806.063,3697.778
45.671253,8.82896,9760.476,3698.0134
45.6706,8.830042,9679.369,3699.6958
45.667233,8.826721,9966.959,3692.3281
45.668053,8.831579,9637.908,3701.599
45.66609,8.832427,9699.57,3701.067
45.663998,8.831976,9801.321,3700.6711
45.66364,8.832859,9695.286,3702.009
45.66265,8.833304,9714.8125,3703.4573
45.66054,8.834171,9679.093,3702.9644
45.66051,8.835877,9602.994,3704.8894
45.659492,8.835807,9657.882,3704.2644
45.657475,8.836806,9590.192,3706.7751
45.656708,8.837138,9566.555,3706.3535
45.654953,8.837902,9604.901,3706.89
45.654037,8.838958,9571.034,3709.4692
45.65235,8.839631,9538.861,3709.4824
45.65143,8.840194,9541.874,3711.842
45.650024,8.84006,9494.65,3712.887
45.64914,8.840806,9530.834,3712.8625
45.647877,8.840986,9555.234,3712.8242
45.646458,8.842715,9446.678,3714.3335
45.645138,8.842504,9421.3,3714.6133
45.64367,8.842761,9480.883,3713.9214
45.643368,8.844301,9307.735,3716.838
45.641743,8.844732,9331.547,3717.6982
45.64079,8.845067,9275.374,3718.5352
45.63926,8.845146,9321.625,3717.9106
45.638336,8.846281,9204.94,3719.8555
45.637352,8.846688,9173.406,3722.2983
45.635612,8.846518,9336.385,3718.7534
45.63475,8.847486,9178.163,3723.783
45.63371,8.848896,9137.994,3723.6155
45.632355,8.848268,9145.234,3723.533
45.631165,8.849022,9155.188,3725.1953
45.630196,8.849106,9062.544,3726.155
45.629223,8.849837,9048.88,3727.0134
45.627384,8.849985,9131.167,3727.4944
45.62656,8.851958,9048.626,3726.367
45.625328,8.851569,8989.138,3731.3162
45.623577,8.852887,9036.937,3727.0566
45.62338,8.852935,8976.929,3731.784
45.622086,8.852236,9002.177,3732.4658
45.620525,8.852917,8967.118,3732.738
45.61971,8.852912,8867.777,3734.7068
45.61833,8.854536,8820.457,3737.9856
45.61688,8.856019,8852.145,3735.8103
45.61659,8.856262,8750.82,3736.1528
45.614742,8.854587,8957.537,3739.8804
45.612736,8.855541,8815.917,3737.438
45.613186,8.858042,8532.779,3741.8384
45.612442,8.858679,8513.982,3742.9395
45.609444,8.857573,8794.538,3740.753
45.60928,8.858307,8649.356,3741.124
45.607994,8.857831,8624.881,3741.758
45.606613,8.857803,8759.601,3741.3652
45.605515,8.85936,8548.498,3745.3318
45.604427,8.859726,8599.817,3745.6697
45.603886,8.860424,8530.732,3743.9626
45.602173,8.860804,8535.331,3746.4937
45.601707,8.86035,8453.278,3747.9553
45.599964,8.8600445,8421.776,3748.8154
45.598537,8.860092,8517.422,3748.064
45.59869,8.86203,8269.629,3752.2886
45.59646,8.861122,8522.434,3749.0503
45.596138,8.862597,8254.494,3752.5967
45.5947,8.8629,8329.6,3752.6316
45.593407,8.863071,8353.106,3752.7014
45.592533,8.863757,8285.7295,3752.472
45.59123,8.864287,8292.949,3754.2542
45.59022,8.865534,8156.3457,3755.3733
45.588963,8.865365,8231.129,3757.1396
45.588497,8.865064,8278.141,3757.6304
45.587666,8.866307,7903.6333,3761.714
45.585186,8.86577,8260.45,3755.6455
45.585228,8.8668995,7987.714,3760.5967
45.583515,8.867071,8003.479,3760.651
45.582672,8.8678255,7970.497,3760.7126
45.581493,8.867872,7991.482,3762.334
45.579796,8.868618,7955.5527,3762.8557
45.579124,8.868912,7977.269,3762.731
45.578465,8.869706,7832.237,3764.5889
45.576527,8.869693,7881.31,3764.8442
45.576103,8.869949,7822.2334,3766.4924
45.57496,8.870456,7857.2817,3766.8684
45.573624,8.870541,7814.9937,3767.994
45.5728,8.871147,7745.1523,3769.304
45.57122,8.871382,7785.056,3769.45
45.57037,8.871985,7614.7295,3770.6067
45.5692,8.872549,7705.765,3770.7358
45.567986,8.872595,7642.963,3772.684
45.566956,8.873083,7612.484,3773.4639
45.565758,8.873492,7633.19,3773.5261
45.56443,8.873824,7539.515,3775.0706
45.56318,8.874459,7576.7954,3775.2607
45.56231,8.874623,7524.831,3776.8376
45.560745,8.874989,7460.2764,3777.9407
45.559563,8.874642,7483.4814,3777.8184
45.55799,8.875367,7482.825,3778.5955
45.557552,8.875952,7337.807,3780.7192
45.55595,8.875762,7471.248,3779.3918
45.555275,8.876309,7330.812,3782.4678
45.553825,8.876426,7388.259,3782.2546
45.553112,8.8776045,7293.227,3783.241
45.551594,8.877351,7397.683,3782.2654
45.550446,8.87843,7267.929,3785.3938
45.549717,8.878049,7277.3564,3786.6494
45.54765,8.878156,7214.219,3786.7534
45.547462,8.879236,7159.1523,3788.8691
45.546127,8.879375,7235.645,3788.5166
45.54529,8.880202,7006.501,3791.0347
45.544285,8.881044,6964.9604,3792.1816
45.5425,8.880363,7182.712,3791.3052
45.541893,8.880552,7047.614,3793.2378
45.539986,8.880588,7085.12,3793.1921
45.53967,8.881561,7056.3047,3794.8853
45.538494,8.882374,6845.8296,3797.1802
45.53713,8.882273,6970.6567,3796.6548
45.536026,8.8823395,6932.097,3798.1943
45.535477,8.881285,6846.991,3798.4446
45.533665,8.882209,6957.114,3799.6956
45.5321,8.882677,6883.832,3799.5618
45.53198,8.883596,6674.2617,3802.6104
45.530586,8.883523,6872.748,3801.2073
45.529976,8.8833685,6718.4907,3803.2861
45.52832,8.883535,6682.685,3803.6426
45.52704,8.883823,6687.1685,3803.9937
45.526478,8.885252,6556.2705,3805.0847
45.52527,8.885139,6529.8594,3805.6252
45.523453,8.884685,6688.175,3804.5867
45.523373,8.885532,6485.5854,3807.9778
45.52158,8.885781,6545.391,3808.9702
45.52063,8.885874,6596.109,3807.9868
45.519627,8.886747,6520.565,3810.0686
45.517944,8.886523,6473.7476,3810.4985
45.51775,8.88674,6372.002,3811.9592
45.516113,8.886834,6455.634,3811.7322
45.515263,8.886336,6421.889,3813.235
45.513767,8.887237,6382.3237,3813.938
45.513405,8.88745,6337.223,3814.4465
45.512012,8.887508,6310.2446,3815.494
45.51059,8.8882675,6326.83,3816.4607
45.509533,8.888071,6269.82,3816.9883
45.508278,8.887891,6282.4443,3817.7224
45.507263,8.888283,6211.195,3818.1538
45.50641,8.888981,6129.5767,3819.047
45.505245,8.8888645,6232.9062,3819.9204
45.5041,8.888874,6198.188,3821.3677
45.502983,8.888981,6117.661,3820.7915
45.50244,8.889185,6145.7944,3822.0425
45.50139,8.888687,6024.169,3823.8445
45.500214,8.889171,6074.283,3824.1426
45.498997,8.889393,6056.927,3825.129
45.49808,8.88963,6031.088,3825.8965
45.496758,8.889703,6067.73,3825.8188
45.495808,8.889897,5976.4395,3827.087
45.494854,8.88976,5986.11,3828.9639
45.493843,8.889348,5969.6675,3829.0117
45.49255,8.889837,5914.6274,3829.4458
45.491802,8.889614,5902.2715,3831.4236
45.490753,8.889507,5897.6255,3831.2957
45.489944,8.889629,5763.23,3833.5938
45.488564,8.889194,5808.6973,3833.492
45.48772,8.88931,5794.2427,3833.5437
45.486504,8.88962,5764.4995,3835.6812
45.485523,8.889565,5741.4272,3836.4773
45.484715,8.889279,5734.728,3837.4858
45.483368,8.889219,5724.097,3837.796
45.482643,8.889016,5650.1562,3838.6492
45.481754,8.8885355,5712.063,3840.5627
45.480877,8.888541,5306.2725,3842.777
45.479855,8.888692,5706.5327,3841.374
45.478924,8.888526,5644.5483,3843.58
45.478127,8.888772,5565.1562,3844.1997
45.477364,8.888251,5565.019,3844.6445
45.476746,8.887548,5354.087,3845.9932
45.47517,8.887369,5508.6562,3846.4414
45.47462,8.887263,5499.943,3845.491
45.473656,8.887324,5437.806,3848.1362
45.47302,8.886407,5376.8853,3848.2144
45.47222,8.886288,5370.3975,3849.5037
45.470905,8.885706,5431.1216,3848.8464
45.470024,8.885356,5451.1543,3851.8013
45.469387,8.885737,5377.7407,3852.8567
45.469036,8.885266,5366.3345,3852.421
45.468193,8.884539,5325.446,3854.1345
45.467285,8.884374,5287.435,3854.3296
45.466267,8.883889,5221.965,3856.341
45.4656,8.8830805,5237.5566,3856.356
45.464794,8.882454,5252.977,3855.6277
45.46399,8.8819275,5188.905,3859.6616
45.463203,8.881384,5192.9893,3858.4167
45.462746,8.880865,5165.8066,3860.0195
45.461857,8.880651,5197.733,3861.381
45.461353,8.879797,5094.62,3861.7551
45.46065,8.879096,5119.624,3862.4285
45.459766,8.878706,5098.8477,3862.2817
45.459236,8.877858,5039.4897,3865.0146
45.45851,8.877382,4998.077,3865.053
45.45798,8.876324,4981.96,3866.1357
45.45761,8.875779,4984.322,3866.7112
45.45687,8.874773,4992.398,3868.631
45.456066,8.874219,4987.1636,3868.317
45.455643,8.873465,4912.848,3869.3093
45.455257,8.872712,4853.7856,3870.6638
45.454357,8.872276,4844.536,3871.0618
45.453564,8.871205,4917.4937,3870.628
45.45336,8.870454,4845.9565,3874.129
45.45278,8.869912,4850.3315,3873.5247
45.45237,8.869192,4801.5605,3873.593
45.451862,8.868453,4787.608,3875.6316
45.4514,8.867185,4688.5176,3877.081
45.451122,8.866495,4670.1074,3876.4753
45.450466,8.865613,4709.4316,3878.0737
45.45011,8.864697,4662.324,3878.7637
45.449356,8.863642,4674.5522,3879.5376
45.449287,8.862807,4561.956,3881.2092
45.44859,8.8616085,4619.0737,3880.8975
45.448116,8.860989,4596.212,3882.3987
45.447983,8.859723,4574.129,3882.3286
45.447544,8.858795,4573.5303,3883.7615
45.447224,8.857889,4521.489,3884.3516
45.446968,8.856981,4493.0146,3886.274
45.44661,8.855819,4526.1323,3885.923
45.446136,8.854873,4516.4707,3886.6545
45.446198,8.853903,4508.4062,3886.5535
45.44607,8.852903,4450.149,3888.2761
45.445786,8.8516655,4388.616,3889.052
45.445187,8.850677,4451.094,3889.5803
45.445435,8.849753,4225.7676,3891.8218
45.445057,8.848514,4366.864,3890.6914
45.445133,8.847315,4340.88,3892.7046
45.444946,8.846348,4371.804,3892.5017
45.444847,8.845251,4272.504,3894.4668
45.444817,8.84419,4272.403,3894.4976
45.444263,8.843057,4264.8037,3896.268
45.444786,8.842223,4270.065,3895.7598
45.44466,8.840883,4250.1626,3896.1467
45.44445,8.840086,4255.132,3897.8552
45.444504,8.839165,4240.516,3897.4263
45.44443,8.837861,4232.81,3899.1482
45.4445,8.836554,4150.063,3900.8264
45.444366,8.835533,4190.4907,3899.8054
45.444363,8.834613,4153.717,3901.341
45.444508,8.833635,4128.297,3902.8274
45.44464,8.832689,4099.363,3903.1187
45.445015,8.831659,4074.8926,3903.7092
45.44481,8.830309,4034.9119,3905.0574
45.444965,8.829275,4014.7395,3905.3413
45.44513,8.828123,3947.582,3906.269
45.445034,8.827087,4034.154,3907.352
45.445374,8.826127,3924.1152,3908.0996
45.44564,8.825312,4009.1155,3909.045
45.445694,8.824168,3924.5095,3910.739
45.44609,8.823214,3871.9539,3910.2776
45.446182,8.822273,3855.8892,3912.0818
45.44618,8.821055,3898.4524,3911.2822
45.44632,8.820118,3836.977,3912.2854
45.447002,8.818984,3839.8752,3913.1343
45.447254,8.81827,3809.9875,3913.731
45.447548,8.817107,3809.443,3915.6162
45.447655,8.816023,3830.268,3916.5754
45.448227,8.815088,3773.4336,3917.3638
45.448383,8.814238,3769.8186,3917.4893
45.44873,8.813157,3735.3386,3919.3762
45.449078,8.81222,3784.0625,3919.547
45.449493,8.811182,3793.4934,3920.7305
45.449615,8.810386,3785.0813,3921.1628
45.45014,8.809535,3681.6057,3922.04
45.45038,8.80873,3558.1626,3923.7078
45.450813,8.807664,3602.1077,3924.4531
45.4511,8.806869,3593.6191,3924.0518
45.45164,8.805904,3560.368,3925.71
45.452084,8.80515,3575.6892,3925.793
45.452408,8.8041315,3578.3396,3926.863
45.453045,8.803264,3575.5762,3928.3691
45.453407,8.802487,3532.9824,3929.2217
45.45388,8.801616,3509.1987,3931.7114
45.454304,8.800803,3555.443,3931.1016
45.45496,8.79989,3541.6465,3933.178
45.455803,8.799248,3575.4353,3934.4905
45.455795,8.79848,3522.6357,3935.888
45.45648,8.797601,3480.2988,3936.076
45.45706,8.797018,3489.4854,3936.9607
45.457478,8.796054,3473.5535,3938.6133
45.458103,8.795302,3472.9602,3939.118
45.458675,8.794556,3422.3088,3939.61
45.459152,8.793768,3373.8645,3940.2966
45.459305,8.792891,3358.6355,3941.5386
45.46032,8.792142,3359.3936,3942.5183
45.46091,8.791585,3352.4023,3944.4976
45.461594,8.790807,3364.7776,3945.5725
45.4622,8.789936,3314.799,3946.4937
45.46273,8.789408,3280.6292,3946.5413
45.463554,8.788694,3279.589,3947.032
45.464127,8.788166,3266.1345,3948.6929
45.46456,8.787251,3242.6062,3949.1985
45.46523,8.78681,3261.528,3950.1235
45.465786,8.786154,3214.0073,3951.0327
45.466778,8.785328,3213.8381,3950.5654
45.467392,8.784741,3185.7402,3951.961
45.468037,8.7840805,3178.2827,3953.6067
45.46866,8.78358,3153.513,3954.1973
45.469032,8.783004,3111.6477,3954.2488
45.469986,8.782568,3025.1865,3954.6797
45.470734,8.781792,3049.9272,3957.2598
45.471386,8.781202,3097.1555,3958.7168
45.472122,8.780569,3077.8545,3958.307
45.472977,8.780278,3062.4404,3959.2002
45.47348,8.779629,3035.0806,3959.1663
45.4742,8.778948,3016.988,3960.8457
45.47516,8.778386,3033.9583,3961.8687
45.47584,8.777856,3012.4739,3962.44
45.476334,8.777325,2974.5574,3963.5256
45.477303,8.776809,2911.8,3965.143
45.47794,8.776202,2907.719,3966.0037
45.478634,8.775823,2940.5,3966.269
45.47954,8.775258,2926.0703,3969.2517
45.480305,8.774746,2908.9524,3970.9087
45.481144,8.774349,2963.964,3970.2437
45.481842,8.773944,2957.4614,3973.576
45.482513,8.773538,2968.152,3974.0337
45.48325,8.773146,2988.5056,3973.2285
45.483925,8.772731,2967.0337,3975.0215
45.485073,8.772416,3006.2983,3974.8513
45.48548,8.7719555,3012.08,3976.6167
45.4859,8.771674,2989.7224,3977.9973
45.487015,8.771392,2942.3003,3979.062
45.487682,8.770941,2916.5898,3978.6177
45.488476,8.770601,2928.38,3978.9275
45.48908,8.770385,2904.2236,3979.9636
45.490257,8.769588,2878.9883,3980.6443
45.49071,8.769132,2885.6538,3980.9348
45.491356,8.769482,2862.1274,3983.0608
45.492134,8.768928,2828.2903,3983.7178
45.493126,8.76856,2801.4236,3984.2834
45.493973,8.768223,2768.2324,3986.2842
45.494743,8.76799,2764.3086,3986.9946
45.49536,8.767822,2753.019,3988.0571
45.49624,8.767523,2731.7573,3988.2917
45.49682,8.767281,2674.177,3989.7263
45.497402,8.766987,2639.646,3991.012
45.498306,8.766745,2632.9924,3992.1096
45.499374,8.765966,2656.7056,3993.029
45.500576,8.765808,2670.689,3995.1475
45.50114,8.765599,2611.1404,3995.0232
45.501865,8.765439,2575.7083,3997.1104
45.502815,8.765112,2613.4043,3997.915
45.503403,8.764926,2629.0261,3996.7507
45.50386,8.764973,2689.9055,3999.0925
45.504345,8.764783,2666.5315,3998.4617
45.505203,8.764457,2604.013,4000.127
45.505833,8.76427,2523.4507,3999.541
45.5068,8.7639675,2514.3616,4001.1316
45.5076,8.763795,2532.756,4003.613
45.508358,8.7634945,2569.6294,4003.5083
45.509315,8.763141,2600.228,4004.91
45.50992,8.7629175,2562.8352,4005.4043
45.510826,8.762563,2524.2126,4004.6333
45.511707,8.762437,2516.7627,4005.9
45.512516,8.762273,2537.145,4007.511
45.51331,8.761973,2515.5352,4008.8955
45.514145,8.761661,2488.531,4008.9553
45.51463,8.761422,2462.6765,4010.1353
45.515644,8.761104,2437.3281,4011.4663
45.51638,8.760969,2427.4028,4011.6238
45.517147,8.760752,2433.9414,4012.1943
45.518093,8.760489,2444.5403,4012.7942
45.518677,8.760148,2416.4805,4014.3386
45.51956,8.760004,2419.959,4015.1904
45.52033,8.759865,2415.7852,4015.0884
45.521236,8.759384,2400.2803,4015.5383
45.522285,8.759096,2359.705,4018.2073
45.52286,8.759012,2321.7976,4019.305
45.523457,8.758832,2283.664,4019.6204
45.524185,8.7585945,2276.7888,4021.5745
45.525196,8.758332,2227.8281,4023.2427
45.5258,8.758222,2189.415,4024.351
45.526703,8.75791,2197.363,4024.0676
45.527332,8.757666,2211.6125,4026.235
45.527824,8.757577,2186.2188,4027.4255
45.528755,8.757235,2106.6602,4026.3813
45.529377,8.757082,2064.098,4028.8066
45.52975,8.757344,1990.2723,4026.6614
45.530876,8.757044,2001.3317,4028.7148
45.53169,8.7567,2025.1343,4029.5103
45.53235,8.756545,2000.282,4031.3855
45.532978,8.756268,1953.2063,4031.8157
45.533913,8.755991,1943.26,4032.1633
45.53463,8.755809,1919.21,4032.0066
45.53523,8.75568,1900.8859,4033.8677
45.535866,8.755526,1859.2645,4034.9485
45.536716,8.755351,1822.7578,4036.2632
45.537388,8.755039,1806.6622,4037.3005
45.537937,8.754934,1824.2208,4037.106
45.538994,8.754632,1838.7645,4038.6272
45.539642,8.754613,1851.763,4038.573
45.540184,8.754349,1872.5807,4040.3547
45.54091,8.754175,1854.532,4040.0261
45.54141,8.754033,1859.7441,4040.3535
45.542027,8.753773,1857.2753,4042.353
45.542686,8.753541,1856.7489,4041.2737
45.54334,8.753422,1790.3143,4043.411
45.544,8.753241,1811.7533,4043.9097
45.54484,8.752991,1785.1274,4044.3372
45.54534,8.752813,1770.3582,4046.6538
45.54598,8.752656,1755.7125,4047.6138
45.546574,8.752483,1778.4982,4047.8103
45.547302,8.752312,1777.6262,4049.1235
45.548252,8.752105,1708.6041,4049.1777
45.549118,8.75185,1673.3628,4051.6558
45.549633,8.751729,1727.598,4053.192
45.55027,8.75154,1779.7336,4054.0112
45.550884,8.751382,1785.7599,4056.1094
45.551346,8.751262,1782.037,4056.716
45.5523,8.751039,1806.5206,4057.9146
45.55296,8.750822,1804.3203,4059.7402
45.553387,8.750766,1789.174,4059.578
45.553925,8.750777,1799.7715,4060.0745
45.5546,8.750638,1816.9976,4061.1877
45.55534,8.750343,1838.3573,4062.1208
45.556236,8.750104,1872.652,4063.611
45.556664,8.74953,1861.7117,4063.5046
45.556885,8.749337,1834.451,4063.9219
45.558453,8.749373,1809.3823,4065.6511
45.55897,8.749203,1775.6411,4065.7737
45.559322,8.749055,1785.8057,4064.92
45.559845,8.748889,1808.2527,4067.3572
45.560535,8.748645,1844.4434,4068.399
45.56143,8.748329,1838.6272,4068.164
45.56239,8.748042,1785.4513,4070.2012
45.56117,8.747539,1681.691,4068.9653
45.563366,8.74768,1670.9558,4071.355
45.56325,8.747521,1657.9039,4072.145
45.56447,8.747536,1679.0042,4075.3733
45.56503,8.747476,1652.2821,4075.2642
45.56564,8.747319,1633.0747,4076.8684
45.566124,8.7470875,1597.7776,4076.7734
45.566963,8.746765,1598.2319,4077.8262
45.567467,8.746699,1571.236,4078.5762
45.56787,8.746557,1538.651,4078.7769
45.56866,8.746223,1475.057,4078.4878
45.5692,8.746063,1433.0193,4078.7808
45.57014,8.745878,1397.5815,4080.272
45.570473,8.745685,1397.0128,4081.6558
45.571323,8.74547,1373.3497,4082.2659
45.57193,8.745332,1408.0654,4083.156
45.57245,8.745154,1426.6958,4083.5085
45.573097,8.744944,1429.7958,4085.2288
45.5738,8.744709,1417.9238,4084.3835
45.574703,8.7444935,1361.3987,4085.9702
45.574627,8.744247,1323.7448,4086.786
45.575626,8.744013,1320.1066,4086.8572
45.575897,8.743918,1268.7228,4089.2344
45.576965,8.743773,1253.879,4089.877
45.577293,8.743572,1242.0002,4092.0593
45.57797,8.74337,1280.688,4093.0696
45.578804,8.743175,1290.2944,4094.708
45.57939,8.74297,1308.6498,4095.4763
45.580418,8.742813,1339.6868,4097.6553
45.580685,8.742571,1336.9763,4099.189
45.581234,8.742415,1351.7529,4100.2153
45.582203,8.742129,1302.6227,4099.404
45.582905,8.741977,1293.4735,4100.538
45.58333,8.741844,1215.471,4101.1953
45.583954,8.741742,1165.2046,4101.393
45.584347,8.7415905,1126.2001,4103.538
45.58489,8.741417,1097.9249,4104.188
45.585583,8.7411375,1113.6079,4103.7207
45.586037,8.741043,1137.3448,4104.873
45.586487,8.740923,1167.2223,4105.3257
45.587463,8.740673,1183.9957,4105.602
45.587765,8.740586,1190.4407,4106.368
45.588306,8.740496,1221.6564,4106.7505
45.58868,8.740315,1215.2335,4108.7466
45.589516,8.740173,1225.3607,4108.942
45.59021,8.740004,1174.2698,4110.5366
45.590973,8.740052,1120.728,4111.9204
45.59121,8.739807,1055.4382,4112.626
45.591953,8.739632,1000.9127,4112.974
45.59245,8.739513,969.8629,4113.1763
45.592976,8.739316,972.97235,4113.805
45.59378,8.739154,990.1452,4115.467
45.594357,8.738999,1028.9169,4116.7896
45.59484,8.738879,1003.7255,4117.979
45.59569,8.738861,977.7892,4118.7085
45.595963,8.738522,860.04016,4118.231
45.596554,8.73842,895.0627,4118.6694
45.597363,8.738295,942.7105,4119.426
45.597675,8.738224,974.0814,4119.4136
45.59834,8.738008,939.44073,4121.73
45.598713,8.737875,916.85535,4122.6777
45.599422,8.737679,914.1438,4124.314
45.59986,8.737561,958.7381,4124.116
45.60061,8.737372,965.93823,4125.885
45.60104,8.73725,848.57935,4125.584
45.60169,8.737108,758.18896,4126.292
45.602253,8.736952,698.8845,4128.234
45.602787,8.73675,702.15466,4128.1514
45.60348,8.736565,679.70276,4129.74
45.603985,8.736399,643.9875,4130.8037
45.60479,8.73617,615.11426,4131.9707
45.605423,8.735995,551.42053,4132.1426
45.606102,8.735824,563.7628,4133.372
45.606552,8.73555,548.594,4134.5405
45.607143,8.735656,511.54257,4134.4624
45.607677,8.735544,525.8584,4136.8306
45.608227,8.735402,547.50684,4137.0903
45.608784,8.73526,539.27185,4136.991
45.60959,8.735016,452.5043,4136.683
45.610035,8.73491,382.66898,4137.027
45.61073,8.7347355,332.79822,4137.539
45.610996,8.734583,417.63156,4138.2197
45.61186,8.7344055,427.84418,4140.426
45.612366,8.734306,385.44684,4142.422
45.613182,8.734055,309.269,4144.643
45.613857,8.733953,292.9237,4145.496
45.614582,8.733753,270.1977,4145.478
45.61519,8.733533,261.35117,4146.3447
45.615818,8.7334175,182.65332,4148.067
45.616222,8.733292,186.8854,4148.817
45.616856,8.733074,263.25,4150.5283
45.617355,8.732949,304.1395,4149.0957
45.61791,8.732796,360.22192,4149.1865
45.618145,8.732684,441.25446,4150.9585
45.618755,8.732525,459.0208,4153.4375
45.61938,8.732331,458.52106,4153.8843
45.619877,8.732264,346.85452,4154.3994
45.620323,8.732083,336.8044,4155.6606
45.620808,8.731875,284.0473,4155.139
45.621536,8.731773,301.62982,4155.9688
45.621765,8.731617,307.78445,4157.193
45.622257,8.73142,275.8601,4158.714
45.622658,8.731379,284.11682,4159.884
45.623196,8.731233,332.47064,4158.8267
45.62345,8.7311,410.35388,4160.343
