,lat,lon,alt,time
0,59.726147,11.615121,20484.543,0.0
1,59.728714,11.594864,20529.932,1.253292
2,59.729286,11.608375,20431.75,2.5537658
3,59.734512,11.600192,20388.93,4.0456643
4,59.73506,11.603938,20338.469,5.35101
5,59.73664,11.599994,20324.5,6.612433
6,59.73842,11.599464,20245.953,7.941037
7,59.741566,11.597512,20236.764,9.345004
8,59.741623,11.599774,20196.51,10.6893635
9,59.747196,11.596082,20125.455,11.998749
10,59.74913,11.597121,20095.104,13.08886
11,59.751823,11.596943,20028.596,14.787077
12,59.753746,11.598326,20030.08,16.050524
13,59.75836,11.59076,19919.998,17.203835
14,59.757156,11.589936,19922.746,18.678534
15,59.76179,11.585127,19857.326,20.041206
16,59.762753,11.588715,19826.617,21.366129
17,59.761566,11.590145,19745.646,22.694263
18,59.766605,11.59146,19744.518,23.968887
19,59.76781,11.587066,19683.1,25.496262
20,59.770447,11.586223,19637.219,26.746967
21,59.773663,11.590212,19551.344,27.857553
22,59.77627,11.582304,19551.21,29.642132
23,59.77907,11.583001,19490.281,30.64027
24,59.782917,11.582385,19462.77,32.019077
25,59.78162,11.5805855,19385.008,33.5096
26,59.783146,11.582698,19314.688,34.552094
27,59.786884,11.5814295,19315.867,35.870674
28,59.790607,11.568054,19231.486,37.501183
29,59.78969,11.57802,19218.697,38.861076
30,59.793694,11.578278,19159.662,40.06565
31,59.796383,11.578407,19113.836,40.742382
32,59.80063,11.5838175,19028.7,43.129177
33,59.797867,11.578994,19075.44,44.01487
34,59.801975,11.574662,18937.031,45.15816
35,59.805893,11.574549,18971.861,46.574764
36,59.807285,11.567706,18877.105,47.951954
37,59.80771,11.569005,18940.236,48.9513
38,59.81177,11.5718975,18839.07,50.486607
39,59.812557,11.576942,18757.64,51.71082
40,59.81671,11.577871,18701.48,53.184578
41,59.81495,11.577726,18719.291,55.10988
42,59.818504,11.56368,18649.18,55.640728
43,59.823463,11.567877,18626.566,57.12329
44,59.82755,11.565469,18544.63,59.07559
45,59.828445,11.568982,18543.215,59.965885
46,59.834183,11.563887,18555.584,61.31118
47,59.834347,11.568058,18465.607,63.196404
48,59.834267,11.559947,18478.273,63.869663
49,59.838745,11.560457,18377.297,65.44351
50,59.84168,11.557822,18389.58,66.82483
51,59.844246,11.556618,18319.414,68.536476
52,59.848507,11.562175,18303.768,68.97273
53,59.849155,11.554785,18216.705,70.8042
54,59.853043,11.558378,18215.807,71.820045
55,59.853916,11.552454,18165.512,73.55968
56,59.853664,11.555059,18177.303,74.701614
57,59.86274,11.5471,18064.834,76.21873
58,59.864105,11.557238,18081.51,78.14679
59,59.86529,11.556975,17984.697,79.16081
60,59.867928,11.555949,17945.215,80.07166
61,59.871056,11.560769,17885.322,81.4327
62,59.871212,11.554188,17837.37,82.73399
63,59.874153,11.555674,17829.371,84.388084
64,59.87578,11.551018,17817.6,85.32488
65,59.881863,11.545859,17752.82,87.37667
66,59.88226,11.552867,17736.672,88.35579
67,59.88273,11.547484,17645.293,89.7198
68,59.883698,11.554071,17623.088,90.54224
69,59.89027,11.54965,17583.822,92.0748
70,59.88991,11.55398,17512.266,93.26382
71,59.893364,11.554794,17493.373,94.55632
72,59.893726,11.55124,17435.523,96.17923
73,59.897697,11.547854,17388.77,98.08307
74,59.89726,11.557638,17312.87,97.558784
75,59.899395,11.553974,17236.807,98.25724
76,59.89865,11.555706,17216.283,99.01469
77,59.90235,11.558431,17142.973,101.075775
78,59.9046,11.554762,17101.709,103.533424
79,59.90863,11.5535145,17092.54,104.02675
80,59.90936,11.554098,16990.785,105.91935
81,59.911377,11.552972,16980.605,104.86117
82,59.915634,11.558335,16948.652,108.63877
83,59.91528,11.555573,16874.02,109.52268
84,59.914116,11.559052,16838.396,110.516884
85,59.919243,11.556633,16781.873,113.02213
86,59.92182,11.558055,16697.615,113.51109
87,59.92299,11.562897,16683.537,115.268875
88,59.925327,11.567628,16603.174,116.8948
89,59.927177,11.564731,16571.727,117.06175
90,59.928635,11.562699,16541.652,118.50572
91,59.92989,11.570078,16489.58,119.29553
92,59.9301,11.567955,16398.38,122.52174
93,59.935078,11.561876,16370.959,124.435326
94,59.936825,11.571941,16292.007,124.07177
95,59.933537,11.570334,16287.876,127.144585
96,59.940517,11.571902,16167.535,128.90822
97,59.94052,11.578024,16146.25,129.67107
98,59.943054,11.57339,16134.786,128.87523
99,59.942474,11.577047,16121.291,131.40915
100,59.948334,11.5740795,15982.825,134.81606
101,59.947475,11.571864,15992.121,134.2959
102,59.950413,11.58238,15925.197,136.01723
103,59.951546,11.582721,15910.545,137.66316
104,59.95222,11.582699,15826.569,138.57274
105,59.953346,11.593241,15759.563,140.0426
106,59.955177,11.587022,15764.253,140.08731
107,59.956596,11.589665,15679.211,140.97525
108,59.961563,11.582852,15650.964,146.48642
109,59.962746,11.590475,15608.452,144.86949
110,59.96578,11.585938,15608.191,145.2131
111,59.96676,11.597282,15501.823,149.82925
112,59.968327,11.592332,15501.64,149.40561
113,59.971546,11.595617,15463.235,152.82509
114,59.97063,11.601995,15422.511,153.31175
115,59.972504,11.597075,15355.874,155.64052
116,59.977116,11.596771,15349.107,155.40982
117,59.976368,11.600717,15275.957,156.38023
118,59.97659,11.601211,15263.068,159.87105
119,59.983086,11.599189,15196.896,161.35089
120,59.979034,11.608833,15190.895,160.6136
121,59.983593,11.614186,15129.487,161.30173
122,59.983105,11.613078,15085.609,165.81184
123,59.985855,11.607973,14982.152,165.60353
124,59.989628,11.610981,15004.075,165.93683
125,59.99069,11.611846,14916.985,166.54622
126,59.994503,11.60555,14891.902,171.68001
127,59.99728,11.608539,14827.099,171.88591
128,59.994392,11.6130705,14814.414,172.99814
129,59.996983,11.611944,14758.953,173.17479
130,59.998898,11.607949,14676.626,176.27948
131,60.00201,11.605002,14596.873,177.39366
132,60.005302,11.613071,14622.372,176.86316
133,60.005775,11.608385,14566.238,179.09251
134,60.00671,11.613514,14487.539,181.67014
135,60.010433,11.595766,14458.507,180.02094
136,60.011333,11.605938,14365.221,184.90804
137,60.01288,11.598436,14380.797,180.90315
138,60.016636,11.595729,14245.544,185.43956
139,60.017994,11.594304,14221.557,188.24355
140,60.01794,11.605691,14218.202,188.21486
141,60.02618,11.598264,14139.37,191.97255
142,60.023865,11.59948,14026.617,186.79587
143,60.025154,11.585336,14020.437,190.59012
144,60.030197,11.590098,13941.242,194.61855
145,60.024303,11.579247,13926.426,192.95595
146,60.033203,11.577765,13811.252,194.76978
147,60.038765,11.577185,13898.108,200.54689
148,60.03184,11.586209,13762.176,200.46016
149,60.041332,11.580942,13742.421,200.20023
150,60.04045,11.582398,13597.475,199.12201
151,60.038853,11.576953,13610.748,201.59431
152,60.04145,11.572185,13491.304,203.65117
153,60.040527,11.558646,13461.07,205.58484
154,60.048584,11.55584,13444.828,205.7806
155,60.047848,11.568347,13435.05,209.51012
156,60.046757,11.559731,13273.604,207.66267
157,60.05093,11.558493,13322.27,215.37743
158,60.05093,11.560518,13222.786,211.46896
159,60.04586,11.56078,13114.22,214.53165
160,60.0542,11.540704,13100.502,212.26704
161,60.054977,11.548726,13010.6875,218.69244
162,60.05881,11.545444,13077.386,218.1369
163,60.059162,11.5618305,12977.616,217.49817
164,60.059765,11.539318,12850.737,217.39714
165,60.057537,11.538536,12908.114,222.942
166,60.06274,11.537951,12861.774,224.62071
167,60.06065,11.552806,12742.031,225.64154
168,60.063873,11.528083,12782.359,223.37854
169,60.068935,11.54293,12641.82,227.14697
170,60.06612,11.540745,12724.293,231.10315
171,60.066128,11.553028,12614.704,226.15271
172,60.07055,11.533894,12571.932,223.23218
173,60.066967,11.542583,12510.306,236.3396
174,60.07062,11.5348625,12518.0,237.30795
175,60.072918,11.547445,12437.29,236.35419
176,60.072716,11.534174,12518.775,233.77856
177,60.07748,11.546867,12434.653,240.98761
178,60.074875,11.545783,12428.515,242.1325
179,60.07486,11.546462,12381.982,239.24535
180,60.078953,11.538596,12370.909,239.34047
181,60.07532,11.552045,12330.824,241.27281
182,60.080437,11.538944,12292.315,244.8134
183,60.08437,11.549111,12272.968,247.65599
184,60.080288,11.554631,12276.468,252.62698
185,60.08353,11.55424,12239.115,244.9958
186,60.080505,11.55574,12186.126,248.99588
187,60.085083,11.550528,12151.8545,252.78517
188,60.086,11.557438,12177.7705,254.28423
189,60.08432,11.553335,12120.203,253.08653
190,60.089012,11.555626,12096.069,256.28845
191,60.09059,11.554497,12105.546,257.10373
192,60.089085,11.569388,12033.251,261.60284
193,60.091667,11.564126,12063.397,259.64307
194,60.087795,11.574253,11964.634,262.08078
195,60.09177,11.556896,11949.845,262.18683
196,60.09346,11.57066,11990.737,269.62015
197,60.093216,11.571053,11959.414,263.4444
198,60.09558,11.572816,11904.877,263.91312
199,60.097054,11.567991,11939.8955,271.1882
200,60.096264,11.581454,11831.51,272.5541
201,60.096622,11.576356,11862.379,267.31082
202,60.095062,11.584244,11781.201,269.4317
203,60.098774,11.574822,11772.111,274.8002
204,60.102657,11.589184,11760.622,277.94775
205,60.103313,11.581946,11736.027,274.9384
206,60.103973,11.586714,11694.769,275.22708
207,60.10529,11.585464,11714.541,280.57147
208,60.109608,11.595719,11594.589,280.616
209,60.10643,11.592603,11588.418,280.6564
210,60.106476,11.59709,11542.481,281.10266
211,60.108418,11.585562,11505.236,287.2085
212,60.112007,11.599841,11483.0205,287.84952
213,60.11533,11.59076,11478.21,285.50946
214,60.113834,11.594186,11438.211,288.2081
215,60.113636,11.590257,11396.789,287.85843
216,60.119858,11.593841,11332.036,285.9396
217,60.117958,11.589863,11274.394,294.6378
218,60.120564,11.590848,11254.338,294.61383
219,60.12185,11.5917845,11194.208,293.7822
220,60.121098,11.595813,11194.088,293.0161
221,60.12609,11.591404,11128.413,297.806
222,60.12527,11.58904,11099.775,297.63828
223,60.125355,11.591566,11033.229,296.0875
224,60.127735,11.590798,11014.905,295.25394
225,60.131615,11.588761,10929.062,306.98865
226,60.132584,11.586023,10916.622,303.74765
227,60.13402,11.587988,10852.621,300.80954
228,60.13273,11.583527,10851.773,304.70874
229,60.13794,11.588379,10758.118,308.61212
230,60.13823,11.583707,10754.985,308.07703
231,60.139442,11.584289,10700.51,305.01694
232,60.139843,11.580832,10715.526,309.13956
233,60.144882,11.584132,10614.617,315.24597
234,60.14879,11.575724,10587.787,311.2111
235,60.14935,11.580615,10549.111,311.2435
236,60.146954,11.572619,10512.346,315.9531
237,60.148197,11.581102,10441.653,313.87207
238,60.150543,11.57496,10424.942,318.96994
239,60.155403,11.578021,10387.898,319.7593
240,60.15367,11.570757,10366.253,323.75906
241,60.156635,11.573506,10320.996,318.9209
242,60.15965,11.566752,10301.388,320.77887
243,60.16128,11.575828,10276.931,324.95068
244,60.16042,11.563438,10210.133,326.97552
245,60.163162,11.569632,10144.742,324.8742
246,60.161835,11.564498,10144.115,326.79187
247,60.16825,11.566385,10084.204,330.48172
248,60.16878,11.5634775,10050.327,331.70667
249,60.169746,11.564772,10028.911,327.30975
250,60.17142,11.563981,9995.856,333.77203
251,60.17357,11.565372,9983.419,336.1179
252,60.177185,11.5642185,9925.677,334.27902
253,60.17878,11.565453,9912.016,336.45932
254,60.180405,11.56163,9816.631,339.476
255,60.180588,11.559455,9815.206,340.34824
256,60.18436,11.560796,9767.514,341.90536
257,60.185955,11.558237,9767.651,344.23715
258,60.185764,11.564476,9736.687,341.11328
259,60.18659,11.557421,9700.338,347.1583
260,60.19143,11.56249,9689.175,344.66217
261,60.190105,11.554492,9646.55,348.51263
262,60.19687,11.557595,9630.1875,350.0327
263,60.19286,11.550118,9576.751,352.31198
264,60.199593,11.55742,9552.76,353.11163
265,60.198654,11.553844,9532.512,355.4952
266,60.20035,11.557506,9492.857,358.67572
267,60.20143,11.54761,9457.327,353.6513
268,60.20513,11.551289,9423.475,360.4532
269,60.204205,11.547053,9410.323,359.61264
270,60.208603,11.546364,9374.667,360.13986
271,60.209877,11.546595,9363.129,365.7788
272,60.209145,11.545703,9357.783,364.61017
273,60.211197,11.548188,9276.101,365.4051
274,60.212288,11.53889,9222.794,369.48148
275,60.214294,11.539271,9246.824,369.65704
276,60.215187,11.53686,9162.167,368.37747
277,60.218903,11.533996,9159.544,372.60226
278,60.216496,11.532428,9148.493,373.83398
279,60.22188,11.535942,9128.338,374.80133
280,60.219696,11.527735,9092.696,380.29803
281,60.223988,11.533677,9049.612,374.96185
282,60.22447,11.528731,9026.024,377.1368
283,60.226295,11.527799,9004.715,383.1221
284,60.226654,11.522576,8939.805,380.91333
285,60.231434,11.522984,8959.481,380.58466
286,60.229362,11.521746,8925.367,385.12653
287,60.23255,11.526211,8890.971,384.7798
288,60.234314,11.516581,8856.138,388.9256
289,60.237,11.518915,8845.418,388.7364
290,60.238228,11.516077,8812.368,387.9102
291,60.238144,11.515884,8777.153,390.5055
292,60.240395,11.509525,8747.34,392.61703
293,60.243782,11.510725,8733.728,394.66843
294,60.245426,11.509717,8712.23,395.70334
295,60.246513,11.507125,8659.098,398.05646
296,60.248848,11.500191,8635.428,392.57166
297,60.251408,11.502818,8610.154,400.23978
298,60.25189,11.500404,8598.154,399.97937
299,60.253326,11.496308,8543.554,401.53165
300,60.256428,11.49666,8510.779,404.7288
301,60.256737,11.494913,8533.147,406.15067
302,60.25887,11.489887,8480.076,407.4936
303,60.260815,11.490766,8435.869,404.9808
304,60.262264,11.488057,8415.496,405.46344
305,60.264973,11.484274,8353.509,405.45956
306,60.26677,11.478514,8341.63,414.19043
307,60.269447,11.478449,8327.205,412.53436
308,60.269276,11.483158,8308.585,416.30777
309,60.271828,11.47161,8265.073,413.00085
310,60.27386,11.471344,8250.947,420.62234
311,60.27529,11.474146,8222.376,418.15457
312,60.27779,11.472021,8183.3877,417.05582
313,60.279842,11.466281,8160.7583,417.69705
314,60.28109,11.462864,8148.117,424.29062
315,60.283802,11.46063,8117.1743,424.5869
316,60.285404,11.463225,8090.5815,423.07626
317,60.28578,11.457763,8041.562,424.4956
318,60.289444,11.457276,8023.0635,429.31726
319,60.290154,11.45816,7995.497,427.04022
320,60.29241,11.457089,7953.0264,430.46448
321,60.29376,11.451773,7960.812,433.5735
322,60.296482,11.450017,7935.289,429.68976
323,60.29835,11.448083,7879.881,434.44617
324,60.298656,11.44836,7898.5664,435.0253
325,60.301647,11.442106,7805.044,437.66742
326,60.302505,11.444937,7795.3105,439.94257
327,60.30403,11.444635,7742.1973,436.41315
328,60.307823,11.442538,7740.528,441.82547
329,60.307304,11.441116,7732.332,443.4626
330,60.309624,11.440707,7712.7036,444.47266
331,60.313457,11.43534,7664.4614,446.48233
332,60.31419,11.437833,7642.697,450.07333
333,60.314884,11.435857,7594.47,451.26837
334,60.317215,11.432926,7589.031,448.59683
335,60.31995,11.435332,7563.316,450.0338
336,60.320755,11.430921,7512.4395,452.22925
337,60.323143,11.428843,7484.7173,455.5964
338,60.322124,11.42818,7497.737,452.00522
339,60.325466,11.424118,7455.5664,451.6008
340,60.326492,11.427349,7428.393,449.1137
341,60.327717,11.425546,7360.813,457.08054
342,60.329884,11.42335,7366.405,450.9312
343,60.332024,11.424284,7336.023,456.7302
344,60.332344,11.418567,7289.639,457.45676
345,60.333458,11.418776,7289.47,455.4195
346,60.3353,11.41844,7244.3193,461.7572
347,60.337784,11.416678,7239.863,464.343
348,60.339333,11.414238,7192.3706,463.17468
349,60.34054,11.416767,7185.784,467.64807
350,60.342953,11.415287,7132.0024,463.57074
351,60.344727,11.41461,7124.503,466.04474
352,60.343773,11.4095335,7063.225,469.80457
353,60.346363,11.408655,7054.5356,468.4996
354,60.347996,11.406902,7005.3774,474.65558
355,60.348946,11.403206,6998.7207,473.54828
356,60.350697,11.404979,6976.521,475.18427
357,60.352123,11.406309,6954.3843,476.58423
358,60.351997,11.40438,6935.7637,480.25745
359,60.35518,11.401624,6901.298,477.6103
360,60.355373,11.398234,6895.271,484.005
361,60.358124,11.399289,6857.2446,485.71542
362,60.358967,11.396381,6796.2036,489.45743
363,60.359276,11.396496,6824.1714,485.75726
364,60.36027,11.396549,6790.606,486.4632
365,60.362675,11.39377,6735.2046,494.13702
366,60.363087,11.393667,6748.9575,490.41595
367,60.3643,11.390371,6713.2256,491.87756
368,60.366413,11.387827,6690.7676,495.01642
369,60.367035,11.388641,6675.0127,496.34717
370,60.36911,11.385644,6636.0396,494.72678
371,60.36794,11.386866,6609.8413,497.67453
372,60.369453,11.382241,6596.6426,501.2833
373,60.37097,11.382962,6581.965,501.2866
374,60.374493,11.378405,6520.8804,509.20764
375,60.372463,11.380202,6549.574,505.18164
376,60.3755,11.381382,6537.6113,506.9797
377,60.375946,11.376241,6506.0747,506.4835
378,60.37685,11.376499,6498.432,508.13766
379,60.378193,11.375939,6460.258,507.9621
380,60.378693,11.37192,6457.757,514.1799
381,60.38014,11.370778,6414.7114,514.8623
382,60.38272,11.369202,6414.37,509.8508
383,60.380745,11.370413,6376.8066,513.7261
384,60.38269,11.366701,6374.151,516.3787
385,60.38463,11.365014,6355.0273,517.02423
386,60.38525,11.364191,6337.1924,518.1014
387,60.38588,11.3629055,6329.267,520.1441
388,60.386993,11.36029,6305.052,523.66534
389,60.387638,11.359625,6281.0547,526.37354
390,60.389053,11.357827,6263.165,523.736
391,60.389973,11.358728,6229.774,532.7854
392,60.39079,11.356597,6236.212,531.7967
393,60.39251,11.352893,6206.117,533.3172
394,60.392582,11.350103,6192.3057,531.30786
395,60.39353,11.347538,6170.383,533.0651
396,60.395145,11.34793,6149.5913,536.25964
397,60.39612,11.347605,6135.811,536.19745
398,60.39533,11.34687,6110.883,537.53973
399,60.396805,11.344711,6102.763,542.664
400,60.398865,11.341418,6076.2676,544.77435
401,60.399975,11.34018,6054.346,545.9122
402,60.399326,11.335615,6031.9185,550.4062
403,60.400246,11.3352585,6021.084,545.20734
404,60.40093,11.333851,6002.803,551.54895
405,60.40269,11.33254,5965.9824,546.9542
406,60.402363,11.330527,5946.9116,551.8286
407,60.403145,11.328232,5928.175,554.4676
408,60.403065,11.3287325,5895.6436,555.4482
409,60.404373,11.323638,5885.767,556.1693
410,60.40465,11.323088,5855.371,563.16455
411,60.405254,11.31998,5829.5146,560.95667
412,60.406174,11.3170805,5821.875,564.73895
413,60.406624,11.318971,5807.9263,562.30566
414,60.410507,11.314156,5693.088,568.47614
415,60.407146,11.313155,5773.2783,570.61774
416,60.4085,11.311058,5728.7764,567.268
417,60.406906,11.308771,5726.2583,567.2512
418,60.41206,11.307403,5598.4873,577.84155
419,60.408836,11.3047905,5658.5723,572.22815
420,60.40968,11.301629,5626.3643,573.76874
421,60.409954,11.298204,5604.2036,575.89014
422,60.409252,11.297419,5569.4253,579.5552
423,60.410522,11.294063,5554.309,581.82684
424,60.409534,11.293823,5535.723,579.1232
425,60.409924,11.2903595,5507.289,584.4238
426,60.411274,11.289573,5492.873,586.8596
427,60.41082,11.287925,5465.559,588.1495
428,60.411533,11.286495,5451.6753,587.853
429,60.410534,11.282299,5421.233,591.03973
430,60.411057,11.28032,5393.807,589.5589
431,60.410137,11.278103,5373.0796,594.0008
432,60.411465,11.275283,5352.8677,590.20306
433,60.409966,11.274897,5334.9727,598.64996
434,60.41131,11.27108,5322.935,593.89624
435,60.416916,11.274262,5226.376,599.5855
436,60.409325,11.268175,5292.98,603.56165
437,60.40913,11.267894,5258.2793,601.189
438,60.410957,11.264041,5219.034,608.15796
439,60.409576,11.261815,5199.8765,603.939
440,60.410282,11.26002,5189.4106,604.46844
441,60.410786,11.260853,5151.577,606.6727
442,60.40924,11.256918,5176.536,609.2965
443,60.41371,11.258613,5087.727,610.60223
444,60.408184,11.255295,5114.759,611.3568
445,60.40952,11.253902,5097.091,614.829
446,60.409615,11.250999,5075.1167,615.1322
447,60.409294,11.248846,5028.6597,615.31537
448,60.409317,11.249129,5018.7607,616.07605
449,60.409954,11.246135,4996.292,614.9342
450,60.407963,11.246056,4990.512,619.8268
451,60.40848,11.244874,4973.644,619.43604
452,60.411285,11.245202,4889.8223,622.68146
453,60.40828,11.241178,4935.4907,622.21655
454,60.407116,11.2407,4902.477,624.60583
455,60.40732,11.23875,4889.5205,630.57776
456,60.407917,11.2361145,4870.297,626.4449
457,60.40758,11.236528,4844.8306,627.0758
458,60.40681,11.233531,4846.8296,628.757
459,60.405994,11.232905,4813.717,632.9551
460,60.40706,11.230529,4799.434,630.7572
461,60.40626,11.2305,4786.2,634.21735
462,60.40435,11.230451,4780.299,633.04083
463,60.406433,11.22771,4711.6206,637.9945
464,60.404846,11.226795,4743.6045,640.01447
465,60.40285,11.22332,4698.852,639.99677
466,60.403152,11.222897,4695.803,640.6636
467,60.402508,11.220616,4654.9204,640.64764
468,60.401867,11.220111,4651.0107,641.8406
469,60.400963,11.219546,4642.6523,645.0225
470,60.399727,11.217362,4609.146,646.6292
471,60.399796,11.216465,4609.1216,650.20624
472,60.39901,11.215635,4604.694,648.51245
473,60.397945,11.213516,4564.578,650.7128
474,60.39746,11.211573,4563.7104,650.7591
475,60.39629,11.2114725,4539.6816,654.81366
476,60.39548,11.211073,4544.665,651.73157
477,60.394947,11.207707,4493.156,658.6352
478,60.39536,11.205624,4508.553,658.1377
479,60.394184,11.205084,4469.3843,654.30084
480,60.391693,11.201006,4469.097,659.4813
481,60.390873,11.202458,4441.2227,660.71857
482,60.390938,11.200139,4410.928,661.8955
483,60.38931,11.19899,4404.65,662.4536
484,60.387962,11.198907,4379.419,668.98773
485,60.38741,11.196557,4362.2344,662.54236
486,60.387352,11.196908,4326.605,665.15643
487,60.38532,11.194383,4330.651,665.9014
488,60.383022,11.193629,4306.7266,673.1069
489,60.381943,11.192004,4293.1245,669.9419
490,60.380936,11.190728,4278.8555,668.4995
491,60.379704,11.190623,4246.0503,677.06366
492,60.379322,11.186829,4228.7935,674.6501
493,60.37857,11.186168,4204.9067,673.3918
494,60.375107,11.184829,4204.198,678.12286
495,60.374115,11.185783,4169.7476,677.4092
496,60.37427,11.184892,4157.7866,674.64246
497,60.373554,11.18326,4148.205,677.9478
498,60.37141,11.184382,4122.8867,685.80334
499,60.37084,11.183793,4111.057,678.85956
500,60.36877,11.181995,4105.9375,682.34094
501,60.368256,11.180247,4064.6716,686.1729
502,60.369762,11.180774,3987.6462,681.61334
503,60.36748,11.178338,4000.3677,687.1187
504,60.36615,11.17983,3985.9102,690.45105
505,60.365498,11.179316,3944.9236,686.31256
506,60.363712,11.178263,3936.531,690.4511
507,60.36376,11.178423,3898.8777,686.8475
508,60.36227,11.176648,3895.9272,692.84393
509,60.36114,11.17731,3884.8044,693.6531
510,60.361008,11.176695,3852.8667,693.34973
511,60.359467,11.17475,3820.06,696.08984
512,60.358276,11.173768,3830.533,699.2665
513,60.356087,11.173032,3804.7458,703.35144
514,60.35492,11.174754,3795.6443,703.042
515,60.35545,11.173181,3762.6106,700.6479
516,60.354713,11.172495,3752.5107,701.9726
517,60.35309,11.170909,3719.9631,707.6766
518,60.353195,11.1714115,3697.7231,707.81616
519,60.35092,11.169675,3673.7952,708.5378
520,60.350655,11.169087,3662.394,712.9413
521,60.34988,11.168265,3639.1362,710.7155
522,60.348656,11.168043,3609.6685,712.0228
523,60.347546,11.166888,3599.989,713.7893
524,60.346447,11.167055,3562.3691,712.8176
525,60.34562,11.166303,3558.7275,717.6933
526,60.345047,11.16492,3533.4868,719.16895
527,60.34383,11.165409,3536.1584,719.7663
528,60.343708,11.164157,3503.2173,723.4958
529,60.342224,11.165201,3477.6067,723.3656
530,60.340923,11.163437,3458.4148,725.8409
531,60.34038,11.162896,3431.6597,725.487
532,60.340668,11.162797,3406.5378,726.6706
533,60.33895,11.1625395,3412.8032,727.495
534,60.33765,11.161226,3384.2434,733.63354
535,60.337246,11.160642,3361.432,733.1851
536,60.3366,11.160867,3348.6162,734.2567
537,60.33566,11.160389,3324.8506,734.48145
538,60.33456,11.159561,3296.257,733.5882
539,60.33366,11.159464,3272.2114,733.6145
540,60.333256,11.157944,3261.7366,738.55444
541,60.331238,11.159062,3247.8982,741.0181
542,60.331192,11.157233,3245.9148,741.7609
543,60.330734,11.155735,3241.8513,740.685
544,60.329933,11.157215,3210.127,739.18774
545,60.329254,11.156544,3214.657,744.1371
546,60.32737,11.156559,3183.0662,746.35
547,60.327385,11.155617,3182.6526,747.36646
548,60.327667,11.155212,3167.3716,749.6041
549,60.327347,11.155136,3165.7195,746.1613
550,60.325523,11.154645,3133.925,751.6326
551,60.3247,11.1548815,3123.8132,747.4661
552,60.324272,11.154071,3099.0842,753.6459
553,60.323322,11.153873,3080.0952,757.4822
554,60.321964,11.153068,3067.8333,751.9279
555,60.322727,11.152986,3047.7896,755.89233
556,60.321014,11.152229,3032.965,762.4323
557,60.321026,11.151397,3020.252,760.56415
558,60.320667,11.150807,3016.5935,764.2058
559,60.319546,11.151239,2995.078,763.4163
560,60.317677,11.150807,2970.2573,764.40845
561,60.3186,11.149861,2955.032,767.751
562,60.317093,11.149025,2954.9202,769.2522
563,60.316975,11.149417,2923.3135,769.1356
564,60.316296,11.149082,2921.2688,772.33575
565,60.315636,11.148243,2916.3103,773.9555
566,60.315327,11.14801,2903.286,775.5313
567,60.314484,11.1479225,2865.59,773.38873
568,60.314003,11.147779,2845.9536,773.6013
569,60.313583,11.147686,2842.1396,774.7035
570,60.313377,11.146702,2835.1868,778.6282
571,60.312428,11.147434,2836.071,782.15674
572,60.311356,11.1481905,2828.4114,778.075
573,60.31092,11.146472,2819.6777,784.1684
574,60.3105,11.14596,2790.7903,782.6749
575,60.309452,11.145293,2789.687,783.47876
576,60.309586,11.145389,2761.1829,784.9227
577,60.308243,11.145955,2749.9426,787.8246
578,60.30859,11.144817,2742.1467,788.64905
579,60.307133,11.145358,2719.1648,789.1246
580,60.30611,11.144528,2705.4172,789.73804
581,60.30662,11.14432,2702.9707,793.7081
582,60.305687,11.14435,2706.5374,791.11633
583,60.30434,11.143974,2722.5693,795.01855
584,60.30462,11.144378,2682.2656,792.5342
585,60.304287,11.143906,2647.8533,797.05054
586,60.302605,11.143967,2628.8416,798.2115
587,60.302162,11.143543,2610.9116,797.64374
588,60.30156,11.142868,2587.7227,800.1504
589,60.300568,11.142873,2588.118,799.8098
590,60.299862,11.142842,2546.5703,800.1571
591,60.299236,11.142022,2533.1792,804.7373
592,60.298405,11.141866,2515.9143,801.88684
593,60.29802,11.140987,2507.304,805.67926
594,60.29704,11.141499,2493.8987,803.75696
595,60.296474,11.141329,2472.0596,805.2568
596,60.296097,11.140617,2463.808,807.7641
597,60.295643,11.140312,2452.8323,811.1934
598,60.29385,11.140158,2417.6333,809.6455
599,60.293518,11.138705,2407.9673,810.0027
600,60.292526,11.138747,2362.5613,812.1222
601,60.291004,11.137961,2364.6145,814.46985
602,60.29044,11.138083,2319.1282,817.9241
603,60.28932,11.136766,2289.0352,813.53625
604,60.28807,11.136522,2275.5488,824.96796
605,60.286373,11.136554,2258.1553,819.4815
606,60.28521,11.134899,2225.798,828.7173
607,60.28482,11.135066,2200.4045,827.51526
608,60.28391,11.133681,2175.3647,822.14343
609,60.28229,11.133501,2162.9922,832.18335
610,60.281193,11.132796,2130.7395,833.638
611,60.279465,11.133111,2118.5356,836.3487
612,60.278713,11.132639,2108.7002,831.25415
613,60.27748,11.13188,2103.7986,832.2716
614,60.276016,11.131128,2069.9758,841.17346
615,60.27515,11.130754,2105.6624,840.11816
616,60.274162,11.130226,2079.3462,836.749
617,60.27311,11.129404,2072.2627,847.4296
618,60.272022,11.12892,2040.5961,844.54193
619,60.27151,11.128502,2009.6562,849.57184
620,60.269566,11.1287985,2002.3646,848.06085
621,60.268986,11.124122,1967.9056,852.3843
622,60.266766,11.124478,1938.719,857.2351
623,60.26561,11.124322,1928.5586,845.65607
624,60.264088,11.123091,1926.7693,857.2965
625,60.262897,11.122398,1892.8741,859.8886
626,60.261284,11.121357,1861.2657,854.6317
627,60.260567,11.119519,1860.804,858.1556
628,60.258934,11.119207,1821.7017,861.7604
629,60.258,11.117458,1812.0245,861.0138
630,60.25613,11.116139,1777.3723,861.4659
631,60.254486,11.115128,1747.9344,860.57086
632,60.252926,11.11396,1713.8036,871.97595
633,60.251644,11.111992,1676.1528,869.4921
634,60.250305,11.110416,1634.6399,871.3765
635,60.24902,11.11184,1611.199,861.77216
636,60.24814,11.11062,1586.8171,866.94586
637,60.24656,11.109787,1539.3776,868.76483
638,60.24505,11.108927,1512.3376,867.5834
639,60.243725,11.108054,1485.1473,868.90686
640,60.24259,11.107424,1457.6598,873.6811
641,60.241016,11.1063385,1452.4672,870.0531
642,60.239162,11.105558,1420.5548,874.9491
643,60.237682,11.104654,1406.6511,876.7237
644,60.236443,11.104086,1380.7123,875.74835
645,60.235256,11.103353,1358.9408,879.1867
646,60.234463,11.102859,1348.8329,880.1031
647,60.23328,11.102013,1306.9021,884.67554
648,60.23251,11.101634,1296.0801,884.19775
649,60.23176,11.101027,1285.6398,894.92633
650,60.23087,11.100477,1271.4453,889.11676
651,60.230057,11.100229,1272.2839,892.61566
652,60.229225,11.099627,1223.924,895.1238
653,60.228577,11.099205,1191.8927,887.493
654,60.22772,11.098795,1189.3453,902.2638
655,60.22686,11.098333,1186.0739,899.56573
656,60.225822,11.097766,1147.1864,899.98376
657,60.225273,11.097225,1135.8485,904.0717
658,60.223896,11.096362,1108.4796,903.1945
659,60.223667,11.09623,1118.0974,907.0323
