lat,lon,alt,time
52.31246,4.760578,2196.7803,0.0
52.311268,4.763412,2536.0,0.86913455
52.310356,4.7642174,2697.5867,1.7526551
52.310093,4.7637424,2854.2732,2.571635
52.30998,4.7666483,3026.2222,3.4724255
52.309254,4.7645874,2927.3696,4.0403795
52.3089,4.764547,2813.9526,4.537462
52.308853,4.764178,2813.3027,5.17082
52.30852,4.764283,2789.4795,5.978837
52.30789,4.7645497,2791.3596,6.8703055
52.30763,4.766,2703.7795,7.9356265
52.30699,4.765003,2595.257,8.753316
52.30677,4.765291,2522.5159,9.555877
52.30671,4.765639,2499.0393,10.296587
52.306618,4.764052,2538.2463,11.092535
52.306236,4.7641087,2504.3896,11.969556
52.30608,4.7643776,2538.4104,12.896236
52.306305,4.7642007,2518.8047,13.65026
52.30599,4.7637067,2516.57,14.510063
52.30553,4.7648907,2490.0085,15.330604
52.30519,4.7648454,2525.3215,16.181757
52.304497,4.763625,2516.3076,16.943153
52.304615,4.76316,2560.6624,17.516165
52.304535,4.7639217,2565.9558,18.444569
52.30419,4.763646,2558.816,19.084646
52.303978,4.763358,2553.7864,19.98696
52.303642,4.7644563,2630.5212,20.729704
52.30357,4.7628903,2726.894,21.476994
52.303467,4.762759,2767.3381,22.443157
52.30298,4.7621,2659.5386,23.455065
52.30239,4.7634835,2551.8125,24.294477
52.30191,4.76363,2424.9995,25.32205
52.301647,4.7633247,2343.731,26.161762
52.301346,4.7632465,2250.3923,27.119926
52.301132,4.7632303,2168.5881,28.059992
52.300724,4.7624245,2136.7852,28.816973
52.300392,4.762927,2170.3118,29.67564
52.300274,4.763176,2181.473,30.610565
52.3001,4.761803,2069.207,31.382524
52.300045,4.7610326,1944.0164,32.38009
52.299664,4.7619786,1958.2026,33.517822
52.299706,4.7619667,2024.1477,34.21598
52.29968,4.761362,2035.0281,35.071587
52.299202,4.761522,2072.8906,35.829666
52.298546,4.7614822,2015.7706,36.542213
52.29843,4.7622433,1973.6553,37.43059
52.298008,4.7618403,1923.6754,38.236774
52.297676,4.761333,1782.1312,39.163548
52.297436,4.761915,1711.64,40.21367
52.296593,4.7625136,1635.5283,41.12803
52.296207,4.762184,1634.9374,41.96921
52.296223,4.7624416,1554.2965,43.015507
52.295807,4.7626967,1590.5612,43.958252
52.295403,4.7620625,1555.885,44.894516
52.294983,4.7630825,1533.7529,45.69463
52.29484,4.763121,1474.3385,46.45509
52.294243,4.763569,1426.7438,47.470615
52.29446,4.7622294,1394.7734,48.73566
52.29423,4.76177,1417.3599,49.601074
52.29405,4.7621408,1393.1957,50.752457
52.293495,4.761757,1361.1149,51.66668
52.292747,4.7621117,1356.3401,52.688324
52.292694,4.762279,1385.695,53.74287
52.292557,4.762928,1308.4521,54.900642
52.29226,4.762351,1231.6743,56.12373
52.29177,4.7617407,1200.5037,57.182533
52.29131,4.7624846,1314.4196,58.14133
52.291035,4.763543,1348.5262,59.049023
52.290764,4.7639866,1452.0068,60.237343
52.289967,4.7632003,1495.6311,61.167854
52.290043,4.7640147,1488.95,62.23759
52.290207,4.7638526,1339.0687,63.452023
52.289845,4.763766,1152.2981,64.430466
52.289864,4.762594,1146.0989,65.44698
52.289505,4.7614994,1196.1125,66.251045
52.289158,4.762151,1224.9095,67.27374
52.28877,4.761897,1184.2543,68.25754
52.288746,4.7614646,1096.8577,69.40431
52.28844,4.7620897,1089.1598,70.396194
52.288177,4.7614703,1123.8667,71.231926
52.288048,4.761822,1210.2844,72.10702
52.287502,4.7623463,1219.7064,72.9984
52.287365,4.7626877,1255.8606,74.04475
52.287205,4.7629676,1190.5441,75.17294
52.287605,4.7632236,1178.1709,76.283646
52.286842,4.7634926,1105.1119,77.078476
52.287025,4.762998,1174.0547,77.89084
52.28751,4.762466,1217.9216,78.70675
52.286335,4.763158,1309.0795,79.67801
52.286625,4.764014,1315.7054,80.480995
52.286774,4.76397,1341.5507,81.52951
52.28657,4.7628026,1350.9478,82.70993
52.285435,4.76475,1329.4294,83.58454
52.28596,4.7662683,1476.6205,84.66715
52.286358,4.767082,1510.6991,85.984764
52.28558,4.7659945,1498.4839,87.081154
52.2861,4.7664905,1527.23,88.179504
52.285076,4.7674685,1615.3801,88.549286
52.285614,4.7676535,1727.2979,89.83894
52.285034,4.767996,1713.7777,91.14419
52.285313,4.7677746,1629.27,92.691086
52.285088,4.768649,1507.4109,94.03027
52.284954,4.769256,1455.2864,94.8557
52.284916,4.77002,1401.9451,95.87635
52.28447,4.7701983,1448.104,96.63162
52.284138,4.771329,1432.6226,97.421265
52.283863,4.7714934,1482.6769,98.251175
52.284237,4.7713966,1485.5021,99.22268
52.283268,4.773269,1507.4575,100.28862
52.28381,4.772521,1555.4507,101.26152
52.28363,4.774007,1598.3655,102.1435
52.283478,4.7732544,1694.8562,102.920456
52.283203,4.7732058,1723.6814,103.67493
52.28368,4.774035,1687.1798,105.07512
52.28328,4.774915,1646.4675,105.862495
52.283527,4.7732983,1575.0752,107.77347
52.283367,4.7734203,1584.8998,108.18036
52.28311,4.7744436,1658.9836,108.95164
52.283035,4.775252,1783.5885,109.94752
52.282764,4.775708,1874.9177,110.90197
52.282078,4.775999,1929.2942,111.96472
52.282406,4.7773843,1842.5087,112.83716
52.282665,4.7766905,1766.9615,113.44364
52.28279,4.777373,1654.4133,114.463486
52.28248,4.7787004,1541.3099,115.413864
52.282726,4.7789717,1521.6185,116.14797
52.283337,4.7802386,1460.4695,117.10842
52.283012,4.779355,1375.8967,117.795006
52.283264,4.7802024,1342.5275,118.66687
52.283615,4.780563,1352.7346,119.02524
52.283493,4.781306,1303.0681,120.11404
52.283794,4.782111,1333.035,120.737816
52.28424,4.7829823,1362.809,121.63289
52.283924,4.7830577,1316.907,122.48506
52.283897,4.784696,1297.4911,123.170044
52.283714,4.785715,1227.3907,123.81884
52.283875,4.786385,1164.7039,124.66828
52.284454,4.7854896,1098.7344,125.67635
52.284313,4.787637,1171.7069,126.52666
52.284615,4.7887974,1255.2379,127.18081
52.285408,4.788611,1314.0349,128.28943
52.285645,4.7909117,1351.6002,129.1833
52.28526,4.7900853,1400.5391,129.953
52.28634,4.7928,1433.1207,130.79439
52.286274,4.7937565,1438.7737,131.34837
52.286106,4.7945333,1540.0555,132.33281
52.286476,4.794227,1564.709,132.75009
52.28642,4.7963743,1597.9728,133.38737
52.28673,4.7968884,1663.9049,134.12312
52.287346,4.79769,1788.7258,134.7435
52.287045,4.7994137,1812.49,135.58507
52.2872,4.8007727,1822.7043,136.99437
52.287777,4.8018923,1774.5925,137.51494
52.28789,4.7997785,1773.1755,138.60246
52.28826,4.802476,1728.0514,139.62929
52.28824,4.8042254,1714.6683,140.52638
52.28876,4.804859,1719.2487,141.33734
52.289288,4.8068237,1739.2386,142.13861
52.289383,4.8067045,1749.2903,142.89131
52.289574,4.807385,1864.9583,143.29976
52.29029,4.8076487,1939.1394,144.12515
52.2895,4.8114853,2025.345,144.84705
52.290062,4.811373,2179.4124,145.8955
52.290306,4.8124614,2245.7961,147.20845
52.290367,4.8137407,2352.0706,148.25859
52.290203,4.815453,2485.7126,149.08304
52.290493,4.8173466,2563.1255,149.89236
52.29053,4.816902,2587.3992,150.67134
52.29062,4.8181267,2627.8271,151.80212
52.290752,4.8192453,2684.908,152.4081
52.291286,4.8204803,2715.8843,153.1329
52.291645,4.8219495,2732.6956,154.08995
52.292088,4.824432,2735.8604,154.69493
52.29227,4.824582,2759.5085,155.4283
52.292805,4.82644,2788.679,156.45837
52.29345,4.826669,2824.5442,157.31194
52.29325,4.8293324,2900.3018,158.18468
52.293953,4.829857,2918.131,158.86505
52.2937,4.831143,2966.1375,159.75029
52.29428,4.83286,3038.8157,160.72623
52.294205,4.8340116,3079.3323,161.43709
52.294624,4.8344164,3164.8323,162.24539
52.29567,4.835385,3310.1055,163.26773
52.29573,4.837686,3426.969,163.99054
52.29549,4.8374653,3479.4236,164.7711
52.29602,4.840158,3613.4487,165.42953
52.29644,4.8427157,3685.214,166.25525
52.29701,4.8419185,3720.0303,167.34506
52.297096,4.8438864,3730.0935,167.88931
52.296997,4.8445196,3788.6309,168.34064
52.29834,4.8478065,3829.3413,169.26611
52.29848,4.8469725,3839.2732,169.81763
52.2985,4.846948,3877.1426,171.10356
52.299213,4.8485937,3866.5352,171.88666
52.29974,4.850783,3823.253,172.88914
52.300217,4.851978,3821.024,173.53256
52.30031,4.853535,3783.1577,174.62538
52.300873,4.8549643,3841.54,175.39394
52.301315,4.855848,3861.5105,176.02512
52.302273,4.857679,3877.5264,176.71556
52.30274,4.858905,3911.6838,177.29094
52.30277,4.8606954,4011.8972,178.34167
52.30332,4.862685,4091.091,179.1896
52.30415,4.861869,4114.1553,180.10371
52.30489,4.864128,4142.2417,180.687
52.305386,4.865598,4094.407,181.655
52.306072,4.866597,4126.7627,182.4966
52.305824,4.8673854,4131.2417,182.94505
52.306,4.869723,4250.168,184.14291
52.30719,4.871443,4387.2085,184.78003
52.30755,4.872094,4482.252,185.94572
52.30772,4.874239,4520.3486,186.58426
52.308064,4.874963,4494.3613,187.50105
52.308544,4.8778353,4550.426,188.66396
52.309418,4.879315,4605.6616,189.22884
52.3094,4.8799667,4638.211,190.03201
52.309776,4.882589,4662.4277,190.59987
52.31049,4.8840322,4736.609,191.66283
52.31156,4.8851604,4788.161,192.23117
52.31149,4.8872457,4864.0273,192.96667
52.311756,4.890325,4828.711,193.91963
52.31271,4.8906856,4870.8525,194.76752
52.31147,4.892041,4820.806,195.84796
52.312374,4.8941393,4833.4,196.5496
52.31291,4.897583,4807.5923,197.22893
52.313553,4.8974404,4825.086,198.38559
52.31379,4.897407,4936.775,199.0191
52.31437,4.8989296,4985.899,199.93242
52.315117,4.9003673,5037.8354,200.50423
52.31569,4.9014616,5098.2534,201.48117
52.315422,4.90224,5102.8975,202.05081
52.315567,4.9051504,5190.817,202.77567
52.315884,4.9062004,5248.3765,203.5547
52.317333,4.9084754,5295.685,204.43301
52.316708,4.9093256,5398.682,205.4851
52.316948,4.9116187,5515.7915,206.42662
52.317745,4.9133644,5604.8594,207.82439
52.318565,4.9133973,5729.707,208.47665
52.317944,4.915213,5775.343,209.27446
52.318638,4.918132,5918.4785,209.97906
52.318993,4.9211025,6017.328,210.9053
52.319386,4.921122,6132.363,211.8877
52.32062,4.921088,6153.3433,212.71623
52.320114,4.9230285,6125.035,213.74823
52.32038,4.9250703,6175.567,214.63254
52.32103,4.9255867,6167.373,215.35542
52.320957,4.9275413,6213.081,215.9921
52.322075,4.928143,6274.584,217.03566
52.321667,4.9297943,6338.7256,217.99544
52.322193,4.931453,6331.1,218.90486
52.322567,4.9335017,6361.9,220.1869
52.32271,4.93417,6359.4175,221.14069
52.323715,4.9355006,6446.3657,222.10422
52.323273,4.937762,6446.352,222.98744
52.323753,4.9380145,6573.8843,223.57848
52.324547,4.941037,6640.495,224.62465
52.324066,4.9414473,6656.767,225.22917
52.324768,4.94452,6695.0815,225.9514
52.324318,4.945559,6764.374,227.03911
52.32468,4.946341,6850.378,227.74529
52.325554,4.948521,6961.032,228.52971
52.325077,4.950178,7064.698,229.56544
52.325546,4.9527526,7110.8613,230.45128
52.325184,4.954297,7216.052,231.45341
52.325977,4.9567595,7307.4116,232.01587
52.32586,4.957156,7375.575,232.93799
52.325542,4.959322,7408.436,233.62047
52.326176,4.9606867,7403.7324,234.40479
52.325413,4.9625516,7447.052,235.54912
52.326492,4.9644465,7524.8857,236.61154
52.326458,4.965971,7557.6313,237.5158
52.326496,4.9679394,7599.894,238.67435
52.32767,4.9707823,7632.1016,239.42847
52.32675,4.971641,7678.358,240.3793
52.327248,4.974883,7894.1484,241.41551
52.32761,4.9776587,8020.23,241.96207
52.327847,4.977371,8083.835,243.38329
52.327698,4.980491,8107.908,244.27994
52.32768,4.982075,8106.58,245.45741
52.32749,4.982951,8124.882,245.85146
52.32825,4.984104,8153.0015,246.82843
52.32826,4.98467,8235.6,247.52449
52.32767,4.9881244,8257.481,248.57698
52.32809,4.988458,8274.215,249.81734
52.328075,4.991083,8293.259,250.25928
52.328186,4.992923,8301.222,251.67719
52.327694,4.9951963,8408.018,252.29404
52.328163,4.995572,8436.977,253.41678
52.32804,5.000849,8444.857,254.41698
52.328068,5.002223,8567.561,254.80743
52.32796,5.002621,8569.295,256.4887
52.328266,5.0045824,8548.802,256.6963
52.32775,5.0058765,8632.589,257.61084
52.328484,5.007323,8734.469,258.49014
52.32803,5.0080194,8765.243,259.49734
52.328716,5.0095835,8748.184,260.29846
52.32886,5.0105586,8836.969,261.0093
52.328068,5.012602,8804.185,262.08374
52.328094,5.0139723,8968.91,262.69742
52.326725,5.016239,9045.048,263.66687
52.328407,5.0172634,9044.449,265.0462
52.32822,5.0202904,9305.624,265.4511
52.327553,5.022311,9244.598,265.65036
52.328487,5.023936,9332.901,266.69342
52.32772,5.025064,9323.968,267.14218
52.327423,5.0278125,9322.259,268.35132
52.327034,5.0298386,9344.954,268.72763
52.327385,5.0312877,9439.178,269.74234
52.326923,5.033979,9517.788,270.74304
52.327057,5.034302,9552.028,271.65063
52.326912,5.038682,9547.441,273.0271
52.32611,5.038465,9559.57,273.9126
52.325264,5.040531,9538.549,274.79675
52.32538,5.0417285,9606.341,275.41656
52.32552,5.0431886,9611.893,276.80453
52.32485,5.045495,9745.459,277.09546
52.32504,5.046908,9816.257,278.37576
52.324345,5.0498805,9959.499,279.2446
52.324356,5.051693,10021.335,280.11877
52.324203,5.0521874,10098.16,281.11096
52.322945,5.054187,10083.991,282.01028
52.322914,5.055657,10142.456,282.94388
52.32265,5.0568075,10219.571,283.8843
52.32279,5.059336,10228.743,285.2252
52.322075,5.061127,10185.099,285.96152
52.32083,5.063353,10262.151,286.7614
52.321083,5.0645847,10279.258,287.92563
52.3208,5.066018,10342.987,288.49945
52.32077,5.0680356,10379.521,289.40274
52.320232,5.071535,10482.173,290.38608
52.31916,5.072697,10481.785,291.02936
52.319675,5.073818,10533.265,292.02332
52.31829,5.077235,10583.755,292.80478
52.318047,5.0767612,10658.7295,293.77393
52.318245,5.079589,10700.714,295.2009
52.3166,5.0818353,10709.046,295.7477
52.317123,5.0833383,10789.046,296.5243
52.316803,5.0860434,10825.998,297.76263
52.31587,5.0868125,10900.152,298.97314
52.31521,5.0892925,10849.41,299.4781
52.31435,5.090211,11055.028,300.4131
52.314503,5.0916386,11099.808,301.39172
52.314354,5.0931897,11199.755,302.6524
52.313244,5.094849,11151.0625,303.09116
52.312714,5.098246,11368.342,304.22806
52.312878,5.1007414,11358.751,304.84436
52.31219,5.1004133,11335.856,305.93155
52.31174,5.1026163,11377.129,306.76172
52.311123,5.106004,11418.244,307.30222
52.31052,5.107109,11430.054,307.94382
52.31006,5.109188,11503.519,308.59375
52.308956,5.111958,11510.426,309.64764
52.309658,5.1132164,11699.359,310.49774
52.308365,5.114449,11708.091,311.74402
52.307957,5.1173244,11780.484,312.50266
52.307335,5.1189933,11836.375,313.0243
52.3068,5.120772,11844.307,314.13132
52.30636,5.1221924,11888.632,314.85654
52.305317,5.1238823,11883.294,316.181
52.304943,5.1264734,11952.064,316.65802
52.304897,5.127802,12002.637,317.66458
52.303894,5.1284437,12030.74,318.73825
52.303112,5.132519,12079.781,319.53906
52.30222,5.134556,12075.466,320.49356
52.30246,5.1329827,12145.832,321.85083
52.301037,5.1387563,12139.499,322.65634
52.299885,5.1377854,12174.476,322.2911
52.301353,5.142023,12220.972,324.1678
52.29899,5.1412416,12284.594,324.5258
52.298523,5.143053,12380.9795,325.6604
52.298954,5.147472,12408.804,325.99588
52.297287,5.1493707,12334.077,327.19354
52.295967,5.152328,12410.511,327.995
52.2955,5.152359,12429.492,328.6533
52.29571,5.1553683,12477.871,329.53088
52.29437,5.156166,12502.87,330.16812
52.29351,5.1602974,12542.358,331.19934
52.29245,5.1618624,12493.356,331.26367
52.291527,5.1643977,12517.864,332.9267
52.291634,5.1652,12556.297,333.48282
52.290733,5.167655,12598.511,334.28232
52.28979,5.1697087,12607.62,335.4
52.288933,5.171621,12668.204,336.66904
52.288845,5.1732006,12704.855,337.4971
52.287678,5.1741414,12733.081,338.60342
52.28712,5.1763144,12768.091,339.42136
52.28604,5.178593,12711.264,339.8789
52.286133,5.1818876,12885.414,340.50912
52.285442,5.1827826,12995.883,341.24478
52.284523,5.1855836,13011.999,342.22256
52.283737,5.1877403,12956.776,342.90182
52.283463,5.1895337,12928.246,344.171
52.282257,5.190556,12983.091,344.67206
52.282013,5.1942286,12925.058,345.877
52.281387,5.1944795,13091.635,346.25766
52.28011,5.196866,13103.65,347.77728
52.279472,5.199253,13201.101,348.62952
52.279602,5.20016,13274.219,349.75345
52.278656,5.2023897,13325.0205,350.85614
52.27777,5.2037234,13344.478,351.68265
52.277283,5.2063885,13426.15,353.1252
52.276733,5.208262,13470.386,353.60065
52.275997,5.208643,13532.101,354.719
52.275444,5.211348,13622.13,355.37964
52.27505,5.212504,13556.316,356.25143
52.27432,5.214835,13563.48,357.48218
52.27363,5.216465,13559.842,358.25775
52.272404,5.220365,13617.734,359.42303
52.271984,5.2210236,13630.664,360.33728
52.27149,5.223351,13628.919,360.9186
52.270702,5.225702,13725.923,361.6379
52.270237,5.2275977,13781.0205,362.45816
52.26918,5.230038,13869.289,363.89664
52.268894,5.2306247,13907.361,364.47287
52.266987,5.2349277,13922.876,365.28915
52.266872,5.2375965,14039.651,366.22485
52.26686,5.2386894,14088.598,366.61435
52.265926,5.2379756,14184.764,367.5913
52.26541,5.2440414,13968.581,368.9514
52.26475,5.2450438,14171.906,369.54642
52.263935,5.246384,14281.312,370.56836
52.26286,5.249941,14289.733,371.63248
52.26204,5.2505403,14178.475,372.11664
52.261345,5.2535467,14385.0625,372.88663
52.260807,5.2548976,14386.728,373.67566
52.260178,5.256704,14452.859,374.59305
52.258972,5.2600355,14442.469,375.56757
52.258823,5.262654,14486.081,377.34845
52.258385,5.2620535,14546.668,377.845
52.25741,5.2641196,14616.772,379.4517
52.255062,5.2694426,14614.665,380.03174
52.256668,5.2702794,14726.933,380.98273
52.25605,5.2709265,14762.327,381.3839
52.253426,5.2715344,14861.088,382.59064
52.254288,5.274493,14882.791,384.26993
52.25271,5.2784348,14876.845,384.43533
52.252586,5.281263,14977.673,386.1951
52.25142,5.2832594,14996.313,386.89056
52.251385,5.2845926,15027.79,387.9095
52.250378,5.285849,15081.75,388.51215
52.2502,5.2890453,15126.349,389.17966
52.248642,5.2916484,15196.574,390.0577
52.247524,5.2932262,15275.606,390.68332
52.24661,5.296209,15165.203,392.78583
52.24529,5.2974114,15331.8955,393.9951
52.245125,5.299278,15295.236,394.82968
52.243984,5.3023496,15323.1455,395.83713
52.243164,5.304095,15328.963,396.65726
52.242313,5.306683,15406.704,397.9768
52.241158,5.309638,15479.97,399.00485
52.240932,5.310998,15498.347,399.12756
52.239227,5.314309,15376.193,400.2586
52.238815,5.315551,15586.865,401.17963
52.23836,5.3179674,15561.617,402.30414
52.237904,5.3194404,15615.973,403.32803
52.236656,5.3219757,15569.157,403.8321
52.235836,5.3213453,15797.9375,405.39236
52.235554,5.3232484,15843.308,406.004
52.23404,5.3265524,15570.435,406.65356
52.233253,5.3281374,15874.861,407.3529
52.2331,5.329083,16011.009,408.4541
52.23224,5.332763,15691.065,409.17438
52.230995,5.3340306,15991.25,410.0427
52.230724,5.337174,16069.757,411.4188
52.229744,5.3389573,16016.954,411.90332
52.22938,5.338421,16143.13,412.64935
52.227463,5.342049,16120.705,413.49088
52.226574,5.345756,16175.688,414.238
52.226494,5.3476567,16257.218,415.0149
52.22482,5.347618,16289.124,416.2799
52.223614,5.3509555,16269.628,417.27704
52.22302,5.3542223,16315.129,418.07196
52.22262,5.355498,16312.502,418.92624
52.22111,5.3559775,16397.113,419.52197
52.220856,5.3586025,16430.791,420.46707
52.22036,5.3598704,16475.248,421.16522
52.219616,5.362124,16515.453,422.53613
52.218735,5.362702,16572.346,424.3333
52.21709,5.3667755,16593.191,424.1747
52.216183,5.3696027,16485.928,425.08527
52.215664,5.372036,16427.0,425.94775
52.214863,5.370491,16759.98,426.33752
52.21356,5.3732314,16707.342,428.69736
52.21279,5.3768024,16683.71,428.39935
52.21182,5.3796844,16760.883,430.03403
52.211,5.3819485,16806.836,431.04755
52.20994,5.382656,16828.672,431.65543
52.20875,5.38619,16898.934,432.79016
52.20823,5.3872495,16894.887,433.35294
52.207516,5.3898196,16865.375,434.2173
52.205734,5.3917365,16871.688,435.3947
52.204796,5.394112,17103.79,436.01874
52.204025,5.3960543,17099.682,437.0268
52.20317,5.3983064,17097.816,437.67462
52.201324,5.4006624,17112.834,438.51724
52.200874,5.4023027,17205.672,439.53595
52.199856,5.4030995,17370.385,440.54404
52.19896,5.407341,17119.834,441.47684
52.197624,5.408032,17163.004,441.85983
52.19723,5.409326,17496.217,443.7955
52.195663,5.4125767,17429.932,444.00122
52.195732,5.4137697,17393.348,444.94885
52.19434,5.417468,17451.22,446.1009
52.193245,5.4197507,17481.363,446.51263
52.192657,5.422118,17492.412,447.00278
52.19117,5.42392,17551.893,448.10687
52.190136,5.425818,17666.787,448.8115
52.18908,5.4306965,17615.19,449.57327
52.188072,5.431141,17655.195,451.1274
52.18688,5.432443,17695.525,450.98398
52.186543,5.434796,17743.232,452.11002
52.184795,5.437321,17748.273,453.254
52.18355,5.4389715,17790.387,454.1269
52.182594,5.442825,17842.682,455.31052
52.18143,5.4452443,17897.633,455.89264
52.181053,5.445839,17932.484,456.72495
52.179558,5.448738,17953.8,457.2958
52.178143,5.44877,18061.523,458.32193
52.177544,5.452131,17734.012,458.8862
52.176365,5.453512,18184.21,459.71375
52.175262,5.455888,18133.76,461.42612
52.174484,5.4593678,18214.242,462.4048
52.173462,5.4606853,18395.07,462.7087
52.17183,5.464004,18039.191,463.8276
52.17076,5.464757,17989.762,464.07074
52.170578,5.4658566,18472.746,465.6628
52.16907,5.468776,18431.947,466.7778
52.168297,5.4714665,18506.36,467.3922
52.167297,5.4736485,18254.13,468.18372
52.165688,5.4747314,18387.83,469.22995
52.163883,5.478067,18409.117,469.98038
52.164097,5.4786897,18610.904,471.2616
52.163307,5.482041,18578.793,472.51694
52.162083,5.4849253,18639.65,472.81833
52.160122,5.485917,18719.229,473.7219
52.159138,5.4897804,18487.416,474.2921
52.158676,5.4906445,18731.113,475.3598
52.157227,5.492665,18745.701,476.3917
52.155838,5.4924574,18766.29,477.65344
52.154858,5.495874,18771.951,477.9554
52.154102,5.497264,18834.926,479.10605
52.15299,5.5004683,18972.602,480.46017
52.15182,5.5003824,18874.334,481.14764
52.150723,5.5043497,18962.906,481.80533
52.15029,5.504632,19017.748,482.51562
52.148464,5.5063305,19102.531,483.38818
52.147694,5.5074334,19178.906,484.03693
52.14579,5.512032,18883.459,484.86218
52.14559,5.5148616,19183.037,485.92572
52.14554,5.5137563,19267.662,487.0375
52.142918,5.5175147,19309.244,488.17908
52.141506,5.519235,19072.975,487.98767
52.141632,5.52283,19133.168,488.9049
52.139187,5.52365,19495.307,490.00964
52.138348,5.5281777,19199.094,489.53754
52.13813,5.5274935,19485.14,492.685
52.135654,5.5299244,19334.865,492.34714
52.134457,5.536796,19374.408,492.81595
52.13473,5.5353937,19499.354,493.71436
52.13342,5.538339,19443.95,494.95438
52.12999,5.536584,19638.033,495.86398
52.129543,5.543447,19678.129,496.82077
52.13033,5.5445786,19592.785,497.28485
52.12802,5.5444784,19667.2,498.48978
52.127335,5.546031,19689.383,499.5078
52.126003,5.547561,19679.135,500.133
52.12514,5.5505123,19697.104,501.13885
52.12442,5.5519557,19719.945,501.45905
52.12302,5.5536423,19783.717,502.99225
52.121246,5.556602,19941.223,503.79956
52.120426,5.5617013,19639.895,504.1192
52.119812,5.561317,20044.979,505.3955
52.118378,5.5655217,20012.215,505.97488
52.116337,5.5673046,20012.277,506.45572
52.115524,5.570403,20033.072,507.30304
52.11621,5.566796,20113.031,508.93097
52.112083,5.570536,20131.338,509.41437
52.112297,5.573989,20172.002,510.75452
52.112064,5.5780563,20069.785,511.10837
52.10895,5.5771074,20237.916,511.91956
52.108532,5.5799766,20367.006,513.0786
52.107655,5.5795584,20351.004,514.4659
52.10728,5.5838757,20405.018,514.98584
52.104797,5.5860653,20394.967,515.64655
52.105614,5.591541,20407.525,516.73895
52.102745,5.5903354,20469.34,517.31683
52.10105,5.594707,20540.055,518.7381
52.101334,5.596562,20419.9,519.14465
52.09907,5.5953283,20547.168,520.0325
52.09775,5.600578,20587.518,521.4454
52.09731,5.603364,20589.805,521.61017
52.09576,5.604335,20670.328,522.7776
52.094627,5.6063905,20715.379,523.86
52.09332,5.6088004,20773.068,524.7491
52.092297,5.60952,20708.559,525.13544
52.09048,5.6119456,20890.049,525.9975
52.089794,5.613746,20880.715,526.91016
52.08894,5.6154575,20947.781,527.59375
52.086803,5.617479,21030.031,528.5174
52.086224,5.620321,20700.799,528.5991
52.084007,5.621231,21165.69,530.2431
52.083683,5.6227307,21170.848,530.9895
52.082558,5.626161,21195.959,532.1014
52.081287,5.6259847,20857.396,533.1332
52.079857,5.6296697,21299.455,533.52966
52.079247,5.632688,21247.445,534.37006
52.077106,5.6380005,21286.05,535.29803
52.07764,5.635851,21412.312,537.0718
52.073437,5.636586,20952.604,536.9735
52.072556,5.641022,21442.076,539.05725
52.072025,5.6501675,21495.645,540.1834
52.07009,5.647593,20966.639,538.9867
52.070293,5.641475,21559.871,541.0726
52.06759,5.648626,21439.96,542.81396
52.06694,5.6499534,21347.83,542.1489
52.066044,5.651711,21470.307,544.12744
52.065773,5.650961,21514.203,543.6988
52.064167,5.656712,21512.783,545.82
52.06045,5.663082,21635.354,546.2768
52.06217,5.6629033,21677.838,545.23724
52.059193,5.6543593,21560.217,548.0336
52.055836,5.6633563,21752.299,548.71
52.05729,5.6678386,21573.72,547.93536
52.057,5.6655235,21822.291,550.2923
52.05475,5.6697516,21779.361,550.9985
52.05373,5.66927,21793.164,551.8257
52.053307,5.6695595,21788.43,552.31024
52.050808,5.6747823,21844.055,553.82996
52.049255,5.682347,21874.17,555.29175
52.049503,5.6799626,22002.932,554.65985
52.04938,5.6814914,21987.01,556.23676
52.0451,5.683713,21949.326,557.2617
52.04521,5.6892996,22005.902,558.2632
52.04329,5.6883845,21945.922,558.7941
52.043102,5.6877112,22079.256,559.4886
52.040283,5.69186,22122.123,561.41876
52.039474,5.6969986,22142.41,560.84503
52.040062,5.6970325,22158.193,562.6444
52.03635,5.6998916,22244.824,563.7199
52.0342,5.6991363,22206.367,564.02515
52.03547,5.705305,22206.809,565.17773
52.03454,5.7062597,22198.643,566.2284
52.03178,5.706417,22229.666,566.6646
52.031094,5.7111087,22211.332,567.0691
52.029987,5.7109323,22292.26,568.10156
52.02729,5.713888,22403.256,569.1645
52.026134,5.7124534,22523.188,570.67267
52.023365,5.717255,21979.564,570.2352
52.023796,5.721884,22591.594,571.3299
52.022854,5.7218676,22509.031,573.275
52.02099,5.720956,22573.594,573.2072
52.020096,5.7229805,22618.918,574.4499
52.01705,5.728139,22659.55,576.19086
52.017506,5.7300878,22772.857,575.71783
52.015953,5.7308435,22408.799,576.8141
52.013966,5.7310314,22883.207,578.0251
52.01288,5.736445,22791.322,579.04944
52.011044,5.73724,22833.436,579.91864
52.01089,5.7410126,22889.871,580.207
52.008675,5.741324,22419.105,581.07104
52.007843,5.74196,22963.537,581.73663
52.006725,5.7467675,22824.842,583.0731
52.005234,5.748756,22909.996,582.93994
52.00456,5.750944,22980.213,584.79156
52.002125,5.7511783,22812.988,584.806
52.000107,5.7551727,23035.844,586.39734
51.997665,5.76366,23078.945,588.8228
51.99747,5.7621045,23204.662,587.1452
51.997128,5.759391,22995.701,590.0223
51.99454,5.763863,23196.824,590.3148
51.994244,5.766446,23184.994,592.64703
51.993813,5.7687097,23321.676,595.67145
51.99271,5.7732844,22788.81,596.85425
51.99223,5.7747965,23362.977,597.9066
51.990314,5.7758675,23267.148,598.23663
51.989796,5.7776117,23233.78,598.66644
51.987682,5.780775,23410.434,601.0085
51.98551,5.7816005,23445.178,601.0247
51.985474,5.7883425,23354.771,601.93304
51.986206,5.790472,23394.71,603.1163
51.982765,5.789471,23525.162,604.708
51.980087,5.789185,23582.002,604.1994
51.980335,5.7942796,23487.893,606.2658
51.977867,5.795653,23661.918,607.53986
51.977894,5.8008366,23294.469,605.78613
51.976437,5.7998,23702.436,607.5131
51.97572,5.8008347,23760.725,610.42175
51.971073,5.806006,23609.744,610.03107
51.971622,5.805909,23677.969,610.13794
51.9725,5.809401,23661.854,611.8922
51.968536,5.8112435,23794.332,613.19617
51.96839,5.8137255,23820.324,612.5735
51.967216,5.813641,23780.78,614.295
51.965527,5.8133135,23873.54,616.18445
51.963207,5.8213024,23868.459,615.5588
51.963764,5.820981,23955.451,616.8699
51.96174,5.8234673,23929.291,619.13074
51.95829,5.824762,24064.076,619.00555
51.95933,5.8242955,24069.252,618.8011
51.958004,5.8278394,24110.203,621.84033
51.95638,5.8333216,24134.105,620.3015
51.9551,5.8348775,24280.451,622.31226
51.95468,5.8365083,23897.934,622.3027
51.951683,5.8392735,24356.014,624.8103
51.951492,5.8384447,24240.742,624.4062
51.95099,5.8432655,24265.246,625.7608
51.947884,5.845578,24332.566,626.8179
51.946968,5.847422,24326.574,626.73035
51.94612,5.848478,24400.615,628.8574
51.944866,5.8503237,24349.262,629.0162
51.943607,5.8544736,24380.94,630.235
51.942375,5.854826,24498.186,630.98364
51.94046,5.8559537,24416.908,631.7322
51.93949,5.8588552,24502.053,632.95905
51.938595,5.862175,24480.85,632.69775
51.937065,5.864352,24602.377,634.4607
51.935707,5.8656454,24655.846,634.6094
51.934822,5.866577,24610.828,636.0672
51.93313,5.8700633,24685.139,636.15985
51.931988,5.872046,24825.43,637.791
51.931114,5.872632,24647.96,637.9576
51.92917,5.874387,24762.367,639.01495
51.928577,5.876645,24889.47,640.1538
51.926144,5.8787184,24870.268,641.57684
51.925316,5.883795,24921.941,641.5827
51.92338,5.885619,24981.865,642.3408
51.922714,5.886484,25031.084,643.56805
51.922207,5.888746,24815.688,644.5575
51.921265,5.889781,25090.867,644.31476
51.919266,5.8910737,25011.035,645.59784
51.917934,5.891435,25073.873,646.3958
51.916332,5.892793,25102.152,648.4921
51.914886,5.9004893,25227.217,647.93634
51.914314,5.904856,24912.674,649.6563
51.914207,5.9032736,25322.975,650.9015
51.910294,5.903166,25238.445,651.0366
51.909653,5.9066772,25238.244,652.44324
51.908783,5.9094605,25283.488,652.9685
51.907578,5.911013,25288.576,653.3852
51.904816,5.9126487,25366.37,654.6825
51.904743,5.917936,25381.273,655.6105
51.902546,5.917312,25444.271,656.18616
51.90164,5.919892,25569.701,657.3293
51.901085,5.922676,25162.852,658.0374
51.89919,5.9252667,25311.863,658.9263
51.896744,5.9248004,25592.992,660.5656
51.895645,5.927863,25398.422,661.58484
51.895275,5.929862,25489.645,663.4488
51.89231,5.9321365,25508.963,663.51337
51.891914,5.9380994,25536.062,664.7423
51.891876,5.9359403,25591.85,664.7475
51.88829,5.9385486,25606.572,666.1771
51.886673,5.9399676,25626.783,667.3406
51.88542,5.9444423,25647.564,667.95026
51.884537,5.9451375,25680.982,668.32446
51.882244,5.950489,25698.336,669.946
51.882202,5.9490533,25723.256,671.22437
51.881096,5.9495087,25739.633,670.4321
51.879017,5.954575,25712.033,673.0391
51.87743,5.9575543,25816.402,672.9409
51.875923,5.958805,25911.652,673.94104
51.875175,5.9609075,25499.184,674.3317
51.873695,5.9624324,26046.965,675.21063
51.87316,5.962559,25780.883,676.32587
51.871517,5.964118,26066.633,677.6018
51.86943,5.971288,25954.58,678.812
51.868805,5.97059,25987.025,678.58307
51.867474,5.975332,25977.076,679.90735
51.8646,5.976075,26079.227,681.13275
51.86357,5.977511,26142.16,682.15027
51.861256,5.980812,25904.584,681.8594
51.860756,5.9824843,26177.205,683.8422
51.859993,5.984452,26140.549,684.8612
51.857975,5.986825,26169.41,685.4585
51.856434,5.989885,26171.645,686.4415
51.855457,5.991053,26181.635,687.35
51.855347,5.992643,26237.572,687.8011
51.851917,5.9940906,26251.26,689.00336
51.850784,5.998983,26301.45,690.59344
51.849842,6.001727,26394.725,690.99396
51.84755,6.0044374,26159.928,691.2828
51.847633,6.003132,26478.729,692.8388
51.84459,6.008107,26416.643,693.7099
51.844624,6.008469,26302.951,694.2474
51.842953,6.0116086,26385.09,695.7331
51.840923,6.0135484,26374.73,695.5601
51.841057,6.0155034,26433.613,697.0573
51.83881,6.0145473,26499.803,697.1787
51.836422,6.0184546,26514.268,698.61957
51.835903,6.025817,26542.578,699.19104
51.835537,6.025551,26557.92,700.7043
51.833584,6.024817,26636.783,701.4001
51.831028,6.0291057,26653.729,702.8428
51.831238,6.033298,26686.818,702.2101
51.82962,6.033009,26664.367,704.5164
51.826607,6.0371995,26716.625,704.60925
51.826393,6.038774,26688.63,705.6886
51.824604,6.0356345,26741.58,707.049
51.82206,6.042231,26792.176,707.54755
51.822166,6.045397,26785.018,707.8836
51.82132,6.0469275,26853.32,709.852
51.818325,6.0477567,26923.021,710.323
51.81755,6.049959,26996.645,710.22284
51.81517,6.054101,26645.947,710.9708
51.816166,6.0567355,27023.184,713.4456
51.813576,6.0602517,26951.258,713.1296
51.811848,6.059576,26958.045,714.49396
51.811176,6.060348,27006.74,715.84784
51.810585,6.06203,27127.074,715.8151
51.807663,6.0660896,26833.453,717.38873
51.80574,6.069024,27215.084,718.3293
51.804935,6.074832,26782.146,719.67413
51.805176,6.07001,27092.188,721.37396
51.804913,6.073438,27063.705,721.6311
51.805214,6.07757,27068.658,722.60974
51.802547,6.0807385,27117.49,722.5294
51.801533,6.082186,26899.408,724.57837
51.79864,6.0838056,27190.941,724.52716
51.797016,6.0861096,27154.055,727.0461
51.79574,6.093638,27140.834,729.2947
51.794437,6.0939116,27144.355,725.63367
51.793213,6.0923204,27277.088,729.7582
51.791534,6.0962386,27303.371,729.33716
51.790157,6.0997663,26989.773,730.8103
51.78955,6.1008525,27451.785,731.6353
51.78822,6.1031585,27265.943,732.50745
51.78764,6.1061106,27256.33,733.05774
51.786213,6.1047792,27419.736,733.4898
51.784153,6.107798,27413.09,735.9312
51.78244,6.1122894,27390.91,736.5156
51.78053,6.113029,27471.543,736.36194
51.77972,6.119368,27272.576,736.9649
51.778934,6.11885,27517.355,738.85864
51.776,6.1205416,27572.693,739.6296
51.773186,6.1262116,27239.967,738.89453
51.77246,6.1273723,27569.127,740.86914
51.77154,6.1299376,27548.488,742.2574
51.769817,6.131803,27536.828,743.2693
51.76818,6.1335387,27585.879,744.3362
51.768295,6.136306,27641.527,744.42694
51.76599,6.1371436,27623.143,745.9648
51.764435,6.140872,27670.588,746.9152
51.76248,6.1419888,27675.562,747.84296
51.760914,6.1477747,27676.232,749.1453
51.761055,6.147085,27739.818,749.0418
51.758472,6.1478114,27763.756,750.3433
51.75589,6.149642,27710.754,752.37726
51.754627,6.156101,27467.697,749.89044
51.755665,6.156972,27824.166,753.0551
51.75277,6.1548605,27838.303,753.59814
51.75004,6.1591344,27851.44,754.8036
51.74945,6.1627693,27842.08,754.7356
51.74632,6.165545,27894.893,756.4483
51.745266,6.1695085,27896.275,758.1084
51.74466,6.1712036,27947.613,756.70746
51.74311,6.1700764,27930.287,761.3448
51.740345,6.173525,27990.408,759.33386
51.74097,6.1742477,27785.365,759.7793
51.74152,6.178263,28080.895,761.44666
51.737534,6.1787114,27773.701,760.55005
51.73501,6.183156,28138.984,763.50385
51.733303,6.1857944,28039.643,765.0321
51.733498,6.187077,28100.56,764.26044
51.731697,6.1913543,28061.988,766.69275
51.727966,6.191504,28137.98,766.3934
51.727657,6.1944904,28190.098,768.81116
51.727417,6.2002783,28190.557,769.55646
51.72477,6.202396,28193.016,769.5137
51.724545,6.204185,28232.674,768.4063
51.721523,6.203405,28260.44,772.6734
51.718113,6.2019844,28169.82,771.3843
51.717945,6.212592,28250.744,772.04175
51.7195,6.2126327,28394.21,774.1219
51.716312,6.21564,28349.295,776.2373
51.713116,6.2154717,28381.398,774.5255
51.7135,6.216842,28324.285,777.56226
51.710762,6.221271,28318.064,780.332
51.710346,6.2254057,28358.703,777.29333
51.710148,6.226188,28391.832,779.5982
51.707764,6.227515,28534.988,781.4036
51.704243,6.231567,28530.654,781.31213
51.703293,6.2329655,28480.365,782.106
51.702114,6.2349963,28519.383,783.11487
51.699795,6.2376995,28448.498,782.9879
51.700207,6.2361045,28633.488,784.9548
51.699226,6.240567,28617.152,785.90454
51.695934,6.2432537,28583.617,788.0024
51.694046,6.2466736,28615.342,786.1209
51.697388,6.24696,28645.525,787.8691
51.69184,6.2487564,28705.924,790.05597
51.685722,6.2481537,28735.584,789.8259
51.689693,6.252105,28696.041,790.5847
51.688374,6.2524877,28653.955,792.9176
51.686024,6.259079,28733.822,790.8522
51.68628,6.263662,28780.111,793.79333
51.68372,6.2612333,28690.906,794.563
51.67965,6.26311,28922.377,795.8271
51.679157,6.266106,28794.703,795.5296
51.679836,6.2707577,28624.432,797.22925
51.676792,6.269827,28845.29,797.48315
51.67467,6.2732234,28871.553,798.25903
51.67306,6.271726,28867.414,799.2156
51.6717,6.275264,28720.74,799.6024
51.669273,6.2793956,28937.678,800.51514
51.668125,6.2801375,28787.508,801.576
51.666916,6.2835546,28748.406,802.37994
51.665504,6.281833,28963.246,802.9326
51.663563,6.289358,28917.21,803.39124
51.661804,6.288053,28962.996,805.9491
51.659996,6.2919364,28921.139,805.86774
51.657707,6.291421,28874.842,807.55896
51.656837,6.2945213,28977.275,807.87445
51.655037,6.295469,28986.236,808.8406
51.6533,6.299716,29037.543,810.4552
51.653023,6.3033795,29018.348,810.69916
51.650692,6.3043523,29053.201,811.2026
51.650124,6.306246,29045.203,813.1331
51.647636,6.308252,29137.562,813.20135
51.646492,6.3109207,29018.684,815.20056
51.64519,6.3132954,29086.73,815.16
51.644363,6.3170733,29101.506,816.1393
51.641895,6.3195353,29132.404,816.63354
51.63925,6.3194866,29186.06,817.1593
51.638943,6.3224187,29157.957,818.76886
51.636967,6.329737,29169.873,820.1379
51.635857,6.326453,29208.012,820.6427
51.635254,6.3309937,29086.855,821.092
51.633224,6.3333955,29300.025,822.7349
51.630444,6.3346868,29167.475,823.68506
51.630455,6.3348513,29285.855,824.5974
51.62899,6.33686,29272.732,825.24915
51.627678,6.3417683,29293.393,826.31934
51.62381,6.3448386,29389.117,826.96924
51.62374,6.344184,29369.314,827.42957
51.621853,6.34522,29378.674,827.2736
51.620995,6.351195,29404.96,829.8622
51.61755,6.3530083,29390.732,829.85815
51.61799,6.353505,29446.959,831.53125
51.616344,6.355015,29461.107,831.8962
51.614166,6.359136,29452.486,834.08923
51.61196,6.3641834,29628.28,833.4247
51.61124,6.3658276,29245.836,834.17926
51.608242,6.3605947,29600.54,836.0058
51.604893,6.369964,29582.734,836.0811
51.607105,6.371647,29587.152,837.7307
51.604305,6.3747754,29562.02,838.04083
51.60429,6.3778214,29558.656,838.5606
51.60248,6.376992,29584.182,840.24066
51.600834,6.3760233,29569.395,840.9156
51.597576,6.3816075,29602.098,841.92773
51.59788,6.38924,29689.21,842.9538
51.59742,6.386082,29738.322,843.87915
51.594814,6.38799,29765.715,845.14496
51.590183,6.3905764,29706.607,844.9168
51.593624,6.3956413,29686.502,846.19666
51.590027,6.397689,29709.172,847.1747
51.58732,6.3992753,29702.268,847.80475
51.586052,6.400008,29730.963,849.86163
51.585285,6.403387,29794.514,849.81335
51.583088,6.407006,29804.777,850.36584
51.581272,6.408938,29856.81,851.91736
51.581387,6.4111304,29900.986,852.7804
51.577698,6.4109454,29860.32,853.4732
51.57731,6.416549,29903.648,855.088
51.57564,6.4192204,29777.572,854.4133
51.572582,6.4219985,29964.85,856.0388
51.572353,6.420613,30002.197,856.5775
51.56902,6.4237075,29954.062,857.8384
51.570087,6.4284086,29963.107,858.874
51.56758,6.429678,29996.59,859.1972
51.565903,6.4306746,29991.232,860.3184
51.564316,6.432446,30046.248,861.28064
51.563457,6.4343514,30022.719,862.49023
51.5612,6.439522,30038.031,862.48047
51.559536,6.441269,30056.416,864.5695
51.55905,6.441285,30063.516,864.7597
51.556694,6.443282,30136.312,865.65063
51.55374,6.451925,30135.213,867.1698
51.554123,6.450198,30135.506,867.87384
51.55191,6.453027,30162.566,867.6242
51.551952,6.45429,30186.533,868.19775
51.549862,6.454778,30207.525,870.8928
51.548523,6.4592347,30199.246,870.3487
51.54666,6.4609766,30261.867,871.4828
51.543427,6.4618473,30235.064,872.83374
51.543926,6.463874,30299.738,873.0985
51.539776,6.4688444,30348.293,874.9235
51.537357,6.47139,30365.06,876.118
51.537014,6.482062,30405.65,878.3383
51.537647,6.4759016,30173.383,876.0718
51.535496,6.470172,30446.07,878.0398
51.531136,6.4796157,30294.607,880.2632
51.5307,6.4860554,30373.25,879.5433
51.532658,6.485891,30412.432,881.47705
51.52808,6.480987,30397.994,881.47345
51.5272,6.487933,30452.945,882.645
51.52677,6.4910946,30516.275,883.5834
51.52393,6.4924574,30489.56,884.13257
51.522804,6.4973435,30523.807,886.1542
51.5214,6.496203,30589.645,885.8185
51.519806,6.499131,30555.635,887.5912
51.516907,6.501157,30547.201,888.1824
51.516727,6.504882,30591.447,889.0694
51.515675,6.5070763,30550.016,889.5052
51.51314,6.5048623,30598.334,889.4938
51.511753,6.509836,30608.82,891.24146
51.509792,6.51308,30626.6,892.25995
51.50841,6.514382,30659.355,893.1567
51.507538,6.515595,30678.982,895.0074
51.503822,6.5201297,30733.55,895.25323
51.50346,6.522306,30573.523,895.02844
51.503212,6.524923,30729.564,896.9516
51.500435,6.52456,30770.082,898.0342
51.498127,6.5293207,30743.129,898.4428
51.497963,6.53035,30761.61,899.19617
51.496216,6.534668,30806.977,900.87384
51.49463,6.533189,30816.848,902.20276
51.491108,6.5369887,30763.08,902.4839
51.48981,6.5398536,30790.096,902.5016
51.489754,6.543115,30835.656,904.86334
51.486744,6.54646,30878.889,904.769
51.48511,6.5475793,30906.002,905.8972
51.483654,6.548472,30925.701,906.91614
51.481415,6.5498495,30905.758,907.4374
51.48105,6.5539823,30903.936,908.7265
51.480003,6.5551276,30921.531,909.83295
51.477703,6.5575957,30936.78,910.5086
51.47592,6.5589585,30951.5,910.8349
51.47513,6.562804,31004.326,911.7956
51.473057,6.5646124,30975.678,912.60614
51.471462,6.566395,31089.486,913.42456
51.46937,6.5689163,31082.846,914.8801
51.468178,6.5734344,31068.814,915.2838
51.4666,6.5728664,31149.3,915.93933
51.464314,6.577424,31127.846,917.9503
51.46396,6.5778875,31170.553,918.19885
51.462326,6.5800986,31184.809,919.0127
51.45901,6.583168,31128.773,919.4969
51.458527,6.589561,31117.781,920.9804
51.45665,6.588446,31175.26,921.1451
51.455765,6.5875716,31174.758,923.1687
51.45286,6.5932508,31221.81,923.57916
51.451973,6.595657,31079.559,924.2689
51.452454,6.596896,31306.621,925.3202
51.4494,6.594702,31371.68,926.0054
51.44783,6.5988126,31351.885,927.741
51.44749,6.604351,31368.824,927.2012
51.445755,6.606758,31395.55,928.82446
51.443344,6.6052327,31360.672,929.8438
51.44037,6.606497,31352.047,929.47284
51.440456,6.611539,31355.346,931.3185
51.437996,6.6122193,31431.361,932.69495
51.43515,6.619157,31309.453,933.42114
51.43588,6.6187263,31469.271,933.3504
51.43444,6.6177707,31447.434,935.5488
51.43195,6.6206837,31441.338,936.4469
51.429466,6.627963,31535.285,936.10144
51.430214,6.6298523,31572.041,937.4522
51.42721,6.6294227,31584.512,938.87006
51.423107,6.6296115,31625.902,938.82263
51.423542,6.6357183,31615.928,941.1889
51.422165,6.637903,31431.418,940.37
51.42078,6.639028,31669.139,942.4323
51.41893,6.6394496,31607.744,942.87006
51.41668,6.645329,31621.137,944.2103
51.414185,6.647596,31637.791,944.99347
51.413784,6.64546,31622.225,945.3723
51.41316,6.6464624,31607.113,946.6488
51.40907,6.652622,31649.436,948.22565
51.40831,6.654818,31700.906,947.10815
51.407013,6.6554813,31706.166,949.41614
51.403343,6.6582994,31744.076,949.71625
51.40321,6.660801,31736.52,950.4079
51.402363,6.662218,31763.785,952.38446
51.401905,6.6649475,31758.453,950.89575
51.399906,6.663931,31777.86,953.5798
51.396976,6.6690636,31809.55,955.0616
51.395184,6.6714816,31816.578,954.4103
51.39385,6.672434,31796.984,956.1692
51.39273,6.6742883,31790.242,957.05975
51.390217,6.678575,31833.729,957.9229
51.388195,6.6789594,31765.73,958.0553
51.387127,6.6812015,31901.775,959.7823
51.38739,6.681668,31841.002,960.7437
51.38362,6.6851444,31836.525,961.3991
51.38223,6.6873636,31828.887,962.3441
51.380894,6.692014,31898.072,963.18097
51.37873,6.6927953,31964.264,964.00165
51.37716,6.6959915,31861.68,964.2359
51.37677,6.6949806,32023.82,965.49884
51.37446,6.7006793,32002.688,966.7912
51.370193,6.7012105,32006.605,966.9144
51.372402,6.703007,31992.62,968.94147
51.370037,6.7030115,31970.248,969.71893
51.36697,6.7068834,32008.879,970.0108
51.367046,6.709506,31995.738,970.9801
51.36494,6.710023,31995.035,972.0313
51.36281,6.712898,32018.37,973.19086
51.36091,6.7157836,32002.756,973.66614
51.36134,6.718867,32081.664,974.38806
51.357605,6.7205253,32098.584,975.6604
51.356308,6.722448,32077.258,976.21326
51.354763,6.7247124,32065.6,976.9763
51.353264,6.728208,32094.473,978.44885
51.352165,6.7273054,32096.092,979.4205
51.349712,6.73101,32124.057,980.00494
51.348473,6.733018,32105.111,980.4138
51.34691,6.734763,32117.088,981.9056
51.343857,6.735432,32145.258,983.01917
51.342693,6.7368593,32178.723,983.201
51.341667,6.745618,32166.713,984.4596
51.339527,6.747426,32167.248,986.1615
51.33809,6.7478733,32166.09,985.7867
51.336952,6.7456174,32129.596,986.51074
51.33543,6.7501106,32164.707,987.87976
51.332443,6.7518272,32197.299,989.08234
51.333378,6.7511945,32220.703,989.11346
51.330803,6.750122,32116.926,989.99976
51.328094,6.7601585,32275.027,991.2515
51.32729,6.7651806,32283.021,993.19476
51.326523,6.760249,32332.174,992.8225
51.324444,6.7608495,32267.3,994.05194
51.320248,6.767747,32272.746,995.1388
51.319904,6.7743,32397.44,996.0925
51.31704,6.7728486,32351.646,995.9512
51.31879,6.7741804,32286.86,997.8262
51.315914,6.7734795,32368.0,999.0526
51.315563,6.7805037,32246.686,998.58185
51.31211,6.7799435,32319.48,1000.3087
51.309734,6.784655,32340.906,1001.31067
51.307503,6.785658,32345.97,1001.7858
51.3064,6.785466,32342.236,1002.8135
51.305378,6.790351,32318.64,1004.3615
51.302734,6.793156,32345.96,1005.1795
51.302208,6.7938423,32323.715,1005.7682
51.29928,6.794468,32374.215,1006.78253
51.297863,6.7987843,32333.344,1008.1631
51.297375,6.799788,32411.553,1008.0857
51.295902,6.800763,32441.479,1009.38806
51.29275,6.802883,32427.385,1009.8251
51.29221,6.807284,32428.322,1011.3723
51.290073,6.808886,32410.926,1011.88776
51.290104,6.8117647,32458.135,1013.1064
51.287285,6.811109,32476.62,1013.6886
51.285027,6.815933,32489.334,1014.61896
51.28371,6.8191013,32493.283,1015.46625
51.28307,6.817763,32536.832,1016.2022
51.27993,6.8201804,32534.06,1017.2882
51.279373,6.822718,32549.076,1018.46826
51.27795,6.824475,32505.037,1019.0126
51.276016,6.826593,32552.729,1019.8327
51.274624,6.830642,32522.494,1020.65234
51.272503,6.832194,32554.871,1021.78595
51.272015,6.8333693,32553.082,1022.2879
51.2695,6.8362956,32538.055,1023.49976
51.268238,6.839964,32491.738,1024.9102
51.26566,6.838745,32524.66,1024.8826
51.26349,6.843277,32550.57,1026.3278
51.26225,6.8454432,32538.564,1026.6078
51.26002,6.846232,32560.975,1028.1273
51.25914,6.849201,32567.227,1028.1285
51.25781,6.8533673,32544.553,1029.4757
51.256096,6.8543816,32588.932,1030.7146
51.253437,6.8569717,32621.592,1031.1327
51.25185,6.8578053,32642.21,1031.8184
51.250797,6.8590384,32595.396,1032.6484
51.24963,6.862079,32658.512,1034.4207
51.248398,6.86429,32641.445,1034.5654
51.245502,6.865853,32605.217,1035.7842
51.24393,6.870961,32603.248,1036.1017
51.244095,6.8703203,32646.05,1037.4065
51.23868,6.8730154,32639.395,1038.531
51.23838,6.8755193,32672.547,1039.6732
51.236874,6.878876,32666.002,1040.1936
51.234474,6.87888,32675.252,1040.5682
51.233505,6.87759,32706.686,1042.2698
51.230778,6.88363,32703.836,1043.4872
51.22995,6.888163,32679.338,1043.523
51.23054,6.887629,32680.729,1044.849
51.22623,6.888614,32694.744,1044.9591
51.22492,6.890052,32725.777,1046.2476
51.221786,6.8940206,32743.453,1047.3851
51.22024,6.89464,32714.008,1047.6482
51.22051,6.8961277,32767.287,1049.124
51.2177,6.8996396,32762.662,1050.4282
51.215958,6.899824,32716.2,1051.2645
51.21431,6.903599,32692.906,1051.1512
51.213913,6.9052863,32736.05,1052.6715
51.214535,6.9085093,32733.545,1052.9465
51.208504,6.906908,32751.4,1053.531
51.20933,6.9093437,32797.2,1056.1062
51.20484,6.914354,32801.43,1055.2635
51.205032,6.9165154,32822.008,1057.1184
51.20336,6.9178815,32785.402,1057.6248
51.20266,6.9211884,32811.742,1058.504
51.19967,6.923756,32783.53,1059.9679
51.197773,6.925567,32841.777,1059.4769
51.19699,6.92522,32834.93,1060.4648
51.193542,6.927516,32861.883,1063.1182
51.192802,6.9321604,32840.926,1062.4744
51.191044,6.930955,32821.55,1063.25
51.189945,6.9342427,32829.402,1065.8225
51.18619,6.9374275,32822.29,1065.8726
51.185688,6.936473,32853.6,1066.1298
51.185627,6.941854,32798.543,1067.4031
51.181477,6.9423423,32809.156,1068.0978
51.181072,6.9453273,32848.332,1069.4355
51.17902,6.947955,32830.82,1070.2292
51.176674,6.949515,32861.26,1071.0275
51.175365,6.9527903,32888.15,1071.7423
51.17429,6.952607,32924.344,1072.5293
51.17233,6.95717,32924.64,1074.3778
51.169888,6.9580765,32953.363,1074.0424
51.169292,6.9587727,32898.973,1075.3641
51.166958,6.9602103,32907.574,1076.1399
51.164795,6.9643254,32894.664,1077.1158
51.1635,6.9648685,32937.727,1077.1339
51.163002,6.9664016,32947.742,1079.4987
51.157528,6.9698963,32898.11,1079.9459
51.158653,6.971476,32924.965,1079.3287
51.157997,6.974453,32932.2,1081.4521
51.153862,6.972697,32992.14,1081.6964
51.1528,6.9775743,32964.133,1083.2831
51.15217,6.9786334,32951.45,1083.4027
51.151333,6.981268,32941.26,1085.525
51.14758,6.985565,32977.914,1084.664
51.14764,6.9851913,32986.418,1086.3773
51.14452,6.9885507,33009.938,1087.5762
51.13982,6.9894357,33061.816,1088.6467
51.14205,6.993182,32989.598,1089.444
51.137512,6.994461,32983.918,1090.0837
51.1371,6.9941874,33050.945,1091.6592
51.134926,6.995701,33090.184,1091.7622
51.133183,6.9965076,33061.56,1093.3323
51.131687,6.99984,33061.58,1093.4562
51.13007,7.0007215,33059.266,1094.4736
51.128532,7.003817,33036.34,1095.6681
51.127285,7.0071154,33030.016,1095.7479
51.12409,7.0069127,33088.82,1097.2427
51.12368,7.0107036,33087.28,1097.984
51.12139,7.012456,33099.83,1098.7703
51.119663,7.0136113,33143.164,1100.182
51.11799,7.0179462,33176.164,1100.931
51.116352,7.019018,33196.066,1101.4275
51.11484,7.0189443,33167.887,1102.0098
51.11321,7.02136,33159.35,1103.3022
51.110786,7.0245786,33163.582,1103.9178
51.10894,7.0239477,33194.46,1104.9197
51.10886,7.026126,33173.637,1105.4906
51.105534,7.0310097,33205.31,1106.2275
51.104397,7.0317273,33219.836,1107.4962
51.1029,7.034469,33208.543,1107.8674
51.101067,7.033559,33176.3,1109.4265
51.099678,7.036516,33197.438,1110.6085
51.095062,7.0374427,33228.17,1110.5668
51.094505,7.043454,33260.2,1112.3618
51.092247,7.040325,33301.26,1111.5403
51.091167,7.0450187,33277.81,1113.6924
51.089886,7.0477066,33304.926,1114.4097
51.088696,7.050807,33353.676,1115.208
51.08556,7.050406,33349.37,1115.795
51.086185,7.047232,33358.938,1115.9655
51.084484,7.0476055,33306.906,1119.2441
51.08103,7.0551124,33376.176,1117.0345
51.08345,7.057838,33327.55,1119.6678
51.079216,7.0593295,33385.164,1121.0037
51.073612,7.0601916,33349.457,1121.0625
51.07426,7.06235,33343.11,1122.474
51.07403,7.0649776,33348.64,1122.8823
51.072098,7.06706,33392.01,1123.5607
51.068253,7.0677576,33378.566,1125.075
51.066578,7.0710125,33409.1,1125.5477
51.06608,7.072802,33432.41,1126.3502
51.064022,7.073553,33436.086,1127.5822
51.06152,7.075073,33453.938,1128.1439
51.06092,7.077823,33412.555,1129.2599
51.060204,7.080191,33468.324,1129.7723
51.05732,7.0816574,33479.34,1131.0023
51.05554,7.0812263,33505.89,1131.4136
51.053074,7.0825953,33499.703,1132.7645
51.05033,7.087005,33540.11,1133.4972
51.05054,7.0848966,33537.848,1135.1586
51.04802,7.090007,33511.23,1135.514
51.04569,7.0914946,33508.24,1135.5587
51.045185,7.094156,33538.316,1137.467
51.044018,7.095815,33527.992,1136.9724
51.039993,7.096333,33550.78,1138.9639
51.039837,7.0984464,33563.36,1139.4268
51.03816,7.09814,33539.76,1140.66
51.035206,7.1030407,33587.37,1141.2484
51.032585,7.1033454,33610.82,1142.3271
51.032192,7.1035547,33645.707,1142.9165
51.027794,7.103498,33633.773,1143.9153
51.027584,7.111165,33650.53,1145.5159
51.02727,7.1097918,33646.57,1145.3888
51.025345,7.1121874,33639.695,1146.5459
51.024044,7.113316,33708.33,1147.472
51.020813,7.1132703,33676.652,1148.2295
51.01893,7.118055,33697.625,1148.9866
51.01789,7.120204,33667.566,1150.319
51.015636,7.118917,33708.703,1150.9462
51.013493,7.119931,33729.61,1151.3414
51.012474,7.1226034,33756.234,1152.7318
51.008865,7.123077,33763.613,1153.5393
51.00765,7.1294074,33741.957,1154.5607
51.00618,7.1273704,33769.98,1154.5896
51.004276,7.127103,33751.043,1155.8324
51.001366,7.1337805,33769.79,1157.2256
51.001114,7.1331024,33800.582,1158.0983
50.999447,7.135844,33836.62,1158.6333
50.99782,7.1359334,33845.21,1159.7295
50.995155,7.136777,33813.55,1160.9939
50.993484,7.1408377,33830.113,1161.0249
50.991894,7.1438475,33836.508,1161.5497
50.98957,7.1442103,33840.66,1162.8729
50.988365,7.1453924,33877.645,1164.014
50.984734,7.1456223,33905.355,1164.9906
50.98389,7.1467857,33905.74,1166.8313
50.982685,7.15052,33905.836,1166.5625
50.98044,7.1517324,33881.855,1167.3904
50.978165,7.151104,33924.34,1168.1521
50.976257,7.152789,33898.68,1169.4397
50.976116,7.152953,33908.953,1170.0889
50.973106,7.1582336,33919.066,1170.7474
50.97237,7.1591396,33944.934,1171.6809
50.968952,7.1587853,33963.61,1172.4457
50.968517,7.1576643,33943.152,1173.5485
50.966614,7.1605854,33966.984,1174.7745
50.964703,7.1650305,33939.215,1175.0889
50.963177,7.1658487,34016.508,1175.7858
50.95894,7.167406,33997.31,1177.1067
50.961613,7.1654377,34043.996,1178.0604
50.955025,7.166921,34013.184,1178.971
50.953995,7.170403,34042.918,1179.9926
50.95354,7.172627,34072.906,1180.8326
50.949154,7.1723566,34060.5,1180.6969
50.948853,7.174778,34149.438,1182.5568
50.94634,7.170766,34140.027,1182.5593
50.946487,7.1757913,34146.254,1183.8815
50.94269,7.1780825,34115.996,1185.1068
50.94278,7.179739,34137.812,1185.8221
50.941734,7.182099,34126.43,1186.2968
50.937943,7.1799645,34157.617,1187.027
50.9354,7.1827774,34139.215,1188.3342
50.93454,7.185446,34137.05,1188.9882
50.9334,7.1858377,34178.844,1190.1014
50.929527,7.187669,34184.19,1190.8706
50.927704,7.1883044,34153.977,1191.8906
50.92583,7.1907654,34187.812,1192.8008
50.9246,7.1906686,34183.836,1193.2861
50.923702,7.190907,34210.32,1193.8708
50.92075,7.1922817,34214.805,1195.4817
50.919735,7.1936545,34170.36,1195.6721
50.91753,7.1951866,34137.44,1196.7073
50.915615,7.196935,34171.832,1197.8473
50.913067,7.1969314,34204.516,1198.8483
50.911186,7.1981144,34240.37,1199.7898
50.90899,7.2025337,34241.43,1200.9717
50.907497,7.2050233,34229.055,1201.5055
50.90499,7.204711,34219.246,1202.0917
50.903427,7.204487,34231.633,1204.295
50.90067,7.207114,34261.727,1203.8115
50.900604,7.2072124,34293.89,1205.0464
50.896626,7.2089453,34331.17,1205.9094
50.895435,7.2114463,34325.16,1206.8342
50.8946,7.2113266,34357.117,1207.5443
50.89126,7.213065,34359.273,1208.4747
50.89097,7.2135453,34364.41,1209.8148
50.889153,7.214327,34360.023,1209.9137
50.885155,7.2178197,34378.402,1211.3771
50.883144,7.220167,34384.99,1212.2122
50.881783,7.2188163,34409.44,1213.1554
50.8797,7.2194657,34389.457,1213.6509
50.87939,7.221979,34411.453,1214.9941
50.87697,7.2236547,34403.09,1215.2509
50.8747,7.2253256,34417.305,1216.4457
50.872818,7.2259083,34365.195,1217.9104
50.870487,7.226911,34376.14,1218.1255
50.868725,7.2286115,34429.605,1218.365
50.866932,7.227598,34479.797,1219.9413
50.865242,7.230502,34457.465,1221.225
50.86358,7.230391,34475.836,1221.5983
50.8617,7.232999,34488.48,1223.0951
50.858765,7.2354517,34459.35,1222.8331
50.857887,7.235009,34502.156,1224.2411
50.855087,7.2360487,34502.45,1225.1266
50.853584,7.235469,34523.48,1226.031
50.85057,7.240202,34536.68,1227.0956
50.84905,7.240741,34542.758,1227.7792
50.847454,7.241755,34579.914,1228.743
50.84403,7.2425823,34568.047,1229.6757
50.84477,7.2417173,34559.62,1231.1866
50.841297,7.244353,34554.81,1231.6023
50.839645,7.24675,34555.9,1232.4313
50.838287,7.249056,34559.348,1232.6738
50.838844,7.2469954,34595.332,1233.8751
50.833935,7.2501125,34576.2,1235.2258
50.828354,7.2492127,34611.19,1235.6532
50.829945,7.255682,34594.89,1236.938
50.828476,7.2524467,34578.062,1237.8883
50.826283,7.2548656,34582.465,1238.1893
50.82412,7.2539625,34564.91,1239.214
50.82216,7.2547126,34560.242,1240.4896
50.819996,7.257041,34610.004,1241.0759
50.81795,7.2588873,34662.17,1241.7009
50.816093,7.258691,34659.734,1242.8729
50.811768,7.2613454,34613.805,1243.5122
50.811974,7.2608886,34599.926,1243.7925
50.810436,7.263736,34683.254,1245.4897
50.806213,7.2630887,34681.15,1246.8036
50.805145,7.2643394,34689.363,1247.7617
50.803337,7.2665095,34698.508,1248.4541
50.802876,7.2680116,34685.703,1248.7792
50.800327,7.2683578,34674.457,1250.2324
50.79769,7.2689934,34674.63,1250.4656
50.796352,7.270901,34677.02,1251.6342
50.794865,7.2733107,34703.44,1252.198
50.792263,7.2736993,34748.242,1253.0896
50.790783,7.2751374,34725.977,1254.4069
50.78885,7.274047,34720.754,1255.1503
50.786953,7.2764072,34725.387,1255.9436
50.783463,7.277156,34725.08,1256.797
50.784286,7.2773967,34744.695,1257.1964
50.78037,7.2791204,34771.387,1259.3145
50.779636,7.2818074,34745.484,1258.5952
50.777493,7.2842274,34768.555,1260.1976
50.774773,7.2824006,34778.016,1261.7014
50.7728,7.284083,34780.402,1261.9563
50.769638,7.2859583,34776.023,1263.4146
50.77051,7.285936,34766.652,1263.9568
50.766968,7.289006,34790.176,1264.773
50.76554,7.290098,34786.695,1265.8096
50.762745,7.2898555,34782.426,1266.6827
50.760784,7.2905183,34775.414,1267.759
50.758774,7.290599,34773.695,1268.153
50.757072,7.2935762,34825.805,1269.1672
50.754772,7.292496,34835.613,1269.9071
50.753025,7.293394,34814.96,1271.0082
50.751926,7.295216,34818.188,1271.7308
50.74909,7.296933,34842.383,1273.0112
50.748,7.298384,34880.957,1273.7644
50.74566,7.2995286,34856.21,1275.0996
50.743755,7.298282,34807.117,1274.9541
50.74091,7.300496,34895.582,1276.3644
50.739655,7.300054,34870.58,1277.3396
50.737312,7.300619,34895.35,1277.8606
50.734375,7.3069487,34858.29,1278.9531
50.732994,7.307095,34867.64,1279.3671
50.732525,7.306891,34840.9,1280.9371
50.73005,7.3071704,34882.01,1281.6018
50.727337,7.308775,34914.797,1282.32
50.725838,7.3103247,34920.28,1283.315
50.72476,7.309147,34934.062,1284.4263
50.720856,7.3113065,34932.113,1285.3171
50.7198,7.312908,34914.766,1286.1221
50.716873,7.3127804,34913.07,1286.7976
50.716564,7.3142176,34927.285,1288.0447
50.71305,7.314315,34925.613,1288.6786
50.71149,7.313733,34891.05,1289.4958
50.70884,7.3175006,34895.406,1290.5063
50.706944,7.318444,34918.19,1291.1316
50.705906,7.3206043,34953.83,1292.2089
50.70454,7.320976,34951.543,1292.732
50.7017,7.321464,34953.266,1294.251
50.70033,7.322553,34952.195,1294.8265
50.699165,7.322025,34953.168,1295.8331
50.694748,7.325474,34995.01,1296.3285
50.69329,7.3266573,35001.273,1297.1108
50.69186,7.327132,34992.8,1298.2472
50.688988,7.326706,34983.586,1299.4756
50.687786,7.331221,34987.547,1300.242
50.685444,7.33025,34989.734,1300.9519
50.6822,7.330655,34987.96,1302.1631
50.68116,7.3305883,34999.637,1302.8492
50.679012,7.3321567,34993.52,1303.7339
50.676987,7.3337307,35030.812,1304.5157
50.67444,7.33553,35020.773,1305.6211
50.674763,7.3337693,35015.15,1306.2433
50.67106,7.3361793,35021.83,1307.8545
50.66875,7.3383026,35041.734,1307.6766
50.66711,7.3394146,35052.863,1309.1031
50.665237,7.339125,35045.074,1309.9542
50.662968,7.3374195,35064.074,1310.9375
50.66237,7.340329,35011.65,1311.5634
50.659245,7.340865,35004.656,1312.5426
50.658447,7.344067,35031.547,1313.743
50.656296,7.3429995,35031.816,1314.1008
50.65407,7.345228,35055.227,1315.1206
50.649975,7.3462977,35010.953,1316.0645
50.649593,7.3484025,34991.418,1316.7118
50.647987,7.3500166,35018.668,1317.467
50.644554,7.3496804,35057.902,1318.786
50.645508,7.351516,35080.707,1319.8024
50.640343,7.350363,35064.773,1320.5757
50.638973,7.352982,35042.19,1321.6683
50.637222,7.3546925,35062.555,1321.9667
50.635174,7.3531184,35084.492,1323.2615
50.633488,7.3521996,35100.176,1323.9495
50.631104,7.3549204,35100.664,1324.486
50.630108,7.355794,35095.953,1325.4865
50.626785,7.357696,35061.984,1326.5961
50.626247,7.3588624,35049.23,1327.5482
50.62227,7.3592296,35046.707,1328.2706
50.620483,7.3631473,35028.164,1329.7056
50.621162,7.361697,35073.6,1330.2299
50.617325,7.3618474,35087.8,1331.3451
50.61545,7.3657184,35077.89,1332.0835
50.613358,7.365373,35061.902,1332.9348
50.613583,7.3645606,35125.137,1333.6321
50.607914,7.3653116,35111.137,1334.4645
50.606564,7.366167,35109.56,1336.0814
50.604702,7.370552,35126.574,1336.7703
50.602654,7.367809,35144.03,1337.1897
50.601353,7.369572,35166.61,1338.2415
50.598793,7.3716264,35153.562,1339.4775
50.596725,7.371259,35181.543,1339.9506
50.5957,7.3727107,35166.195,1340.6946
50.592484,7.3750525,35187.55,1341.7699
50.5927,7.3762765,35163.742,1343.0112
50.589046,7.376246,35169.254,1343.2534
50.5887,7.378386,35159.17,1344.3763
50.585945,7.377525,35157.7,1345.1727
50.58252,7.3769736,35147.977,1346.6042
50.582874,7.378311,35147.082,1347.214
50.577953,7.3802347,35155.645,1348.0443
50.578102,7.3816977,35161.41,1348.9534
50.57612,7.382561,35156.03,1349.1769
50.572754,7.380569,35136.816,1350.513
50.57076,7.381492,35120.207,1351.3945
50.56948,7.3835053,35194.707,1351.8827
50.56839,7.385491,35187.79,1353.0586
50.564816,7.386821,35202.598,1353.2463
50.56322,7.3862705,35185.555,1354.9115
50.560093,7.3863573,35170.746,1355.576
50.55905,7.3885984,35178.168,1356.946
50.55794,7.391543,35179.152,1357.7004
50.55596,7.391205,35203.355,1357.9628
50.552567,7.3900723,35211.926,1359.6144
50.550217,7.3920436,35240.184,1359.9645
50.548134,7.3954625,35151.465,1360.6705
50.54843,7.3955493,35240.703,1361.8018
50.54338,7.395402,35232.832,1363.1498
50.541634,7.3972697,35238.266,1363.923
50.541874,7.3982153,35264.832,1364.5681
50.53742,7.3956623,35094.926,1364.5938
50.538177,7.3990273,35227.492,1366.4077
50.535545,7.3986855,35215.184,1367.3054
50.532814,7.3996873,35230.547,1368.2332
50.529896,7.403581,35222.55,1369.1993
50.52875,7.402537,35236.785,1369.7279
50.52724,7.4032845,35151.625,1370.2863
50.523438,7.4047933,35276.27,1371.851
50.523575,7.405914,35254.76,1372.3671
50.519535,7.407118,35226.582,1373.1094
50.519142,7.40812,35207.426,1374.6763
50.51523,7.409391,35217.184,1374.6716
50.515736,7.4084635,35241.133,1376.0166
50.512383,7.410749,35209.934,1377.1625
50.509212,7.4099255,35238.566,1377.7537
50.509407,7.415215,35213.547,1378.819
50.505123,7.413723,35248.453,1379.357
50.50527,7.4161606,35252.48,1380.3748
50.502068,7.414059,35267.406,1380.9688
50.500847,7.414204,35257.207,1382.0367
50.499336,7.4179177,35242.402,1383.1086
50.497505,7.4191046,35240.363,1384.2722
50.49377,7.4191155,35236.28,1384.7701
50.49287,7.419278,35219.156,1385.7566
50.491543,7.4214144,35253.914,1386.6016
50.487804,7.423026,35276.746,1387.4924
50.486534,7.4223666,35278.504,1388.4589
50.484432,7.422962,35246.055,1389.084
50.48381,7.4245763,35261.402,1390.1597
50.48062,7.4244847,35305.23,1390.953
50.478264,7.427618,35277.586,1391.798
50.477295,7.4277596,35292.12,1392.7327
50.473183,7.4248595,35224.86,1393.4603
50.47262,7.4280286,35265.4,1394.3732
50.471004,7.42972,35328.176,1395.2356
50.4692,7.4311733,35291.3,1396.3904
50.46537,7.430817,35306.906,1397.0582
50.46388,7.4328165,35301.953,1397.8325
50.464,7.431056,35274.1,1398.5009
50.45917,7.4345503,35315.367,1399.9823
50.456814,7.435286,35322.25,1400.459
50.45666,7.4328294,35207.773,1401.2683
50.45309,7.4393134,35336.1,1402.6208
50.451782,7.437044,35338.453,1403.9625
50.44882,7.440194,35252.766,1404.159
50.44743,7.438819,35293.43,1404.5918
50.448433,7.4423866,35252.266,1405.6482
50.442772,7.4389787,35336.508,1406.4552
50.442394,7.442329,35313.7,1408.153
50.44029,7.4428453,35251.207,1408.2312
50.439266,7.4458246,35294.656,1410.03
50.43621,7.4463544,35319.812,1410.1233
50.434387,7.445237,35336.562,1411.2112
50.43143,7.445616,35300.83,1412.3396
50.42955,7.4456577,35300.39,1413.1898
50.426792,7.4507346,35345.527,1414.24
50.425323,7.4497313,35309.02,1415.0807
50.42393,7.451273,35289.38,1415.526
50.422775,7.452706,35269.805,1416.8853
50.419144,7.4537253,35258.14,1417.1305
50.41872,7.4532557,35306.305,1418.4917
50.41697,7.457012,35343.008,1420.0175
50.41123,7.4557176,35391.207,1420.1842
50.412933,7.4559236,35344.86,1421.522
50.410255,7.4588714,35312.875,1421.9908
50.40758,7.45962,35332.402,1422.5654
50.405758,7.458986,35341.562,1423.8657
50.402664,7.45984,35350.945,1425.0635
50.400627,7.4631023,35360.727,1425.534
50.398857,7.463489,35367.89,1426.4469
50.39742,7.465541,35335.98,1427.3251
50.394703,7.4649463,35324.26,1428.4463
50.394043,7.4670715,35308.22,1429.1261
50.39158,7.46646,35291.695,1430.0452
50.390488,7.4661202,35282.023,1431.2211
50.388084,7.4670186,35300.848,1430.818
50.386436,7.4678154,35330.7,1432.6185
50.384895,7.468655,35344.184,1433.8583
50.379086,7.4686074,35265.46,1434.0874
50.381382,7.4737453,35329.49,1435.4503
50.376503,7.4715424,35220.184,1435.7172
50.374786,7.474849,35321.016,1437.2097
50.373734,7.4748087,35338.95,1437.7885
50.370556,7.4754777,35321.164,1438.8406
50.369972,7.4778833,35337.777,1439.5155
50.366768,7.476225,35323.68,1440.2607
50.364796,7.4803634,35365.426,1441.6211
50.36311,7.479808,35339.04,1442.4585
50.36114,7.481224,35316.758,1443.1028
50.359787,7.4824424,35317.03,1443.831
50.357376,7.4820714,35297.133,1444.7732
50.355755,7.483152,35312.766,1446.3982
50.352528,7.483107,35319.32,1446.7133
50.350376,7.4871755,35324.33,1447.6279
50.3491,7.4888625,35349.707,1448.8235
50.348564,7.4872103,35338.906,1448.8622
50.34531,7.48819,35324.83,1450.7258
50.34394,7.4888463,35368.387,1450.8893
50.34171,7.49094,35321.695,1452.1698
50.340237,7.494585,35293.758,1452.875
50.337112,7.492845,35277.07,1453.5687
50.33378,7.492567,35316.152,1454.6448
50.333195,7.494208,35333.293,1455.5817
50.33123,7.4962463,35300.355,1456.9027
50.326942,7.4975758,35276.82,1457.2903
50.32709,7.4991913,35275.74,1458.7255
50.32375,7.50044,35318.566,1458.823
50.324684,7.4965706,35340.797,1460.0692
50.319847,7.5022693,35335.43,1461.1783
50.316074,7.5013447,35265.895,1461.5627
50.31849,7.505471,35255.07,1462.8928
50.31628,7.500833,35270.01,1463.1289
50.3126,7.5005584,35334.453,1464.5875
50.312656,7.508575,35346.574,1465.5535
50.30849,7.505576,35176.832,1465.835
50.306656,7.5116596,35344.246,1467.5752
50.303925,7.507925,35318.355,1468.067
50.30146,7.510621,35301.164,1469.0547
50.29923,7.5108814,35340.543,1469.8889
50.297405,7.5121546,35340.246,1470.983
50.297043,7.5148044,35374.33,1471.5958
50.293568,7.514418,35390.594,1472.8417
50.291595,7.51244,35336.25,1473.1383
50.29052,7.515599,35389.168,1474.0958
50.289696,7.517221,35362.523,1475.1573
50.286243,7.516688,35318.793,1476.3153
50.283276,7.5177717,35337.152,1477.2756
50.28131,7.518532,35344.21,1478.2745
50.281376,7.5197363,35352.93,1478.7325
50.277935,7.5220175,35356.727,1479.4596
50.27625,7.523735,35347.133,1480.6971
50.274826,7.523927,35370.348,1481.3378
50.273346,7.523429,35336.58,1482.2982
50.26959,7.5268936,35316.35,1483.2908
50.26956,7.5267324,35337.67,1484.2281
50.266422,7.5277233,35286.676,1484.4454
50.26582,7.5276184,35340.51,1485.8497
50.26276,7.5290895,35332.883,1486.9696
50.260086,7.532673,35315.38,1487.9761
50.259323,7.5323534,35343.188,1488.4003
50.25627,7.534334,35313.453,1489.3573
50.255222,7.5352664,35337.293,1490.1208
50.251858,7.5346084,35355.637,1491.6957
50.25086,7.5367126,35314.93,1492.1417
50.250057,7.5376363,35271.215,1492.9059
50.246353,7.5388494,35279.06,1493.5889
50.244984,7.5387473,35331.99,1494.4148
50.243126,7.5388193,35281.316,1495.3293
50.241333,7.5410204,35356.17,1496.29
50.238552,7.5427346,35340.113,1497.6102
50.234863,7.5435796,35303.69,1498.0276
50.233032,7.5429783,35343.17,1499.1257
50.23317,7.545885,35305.44,1499.8821
50.231472,7.544768,35350.652,1500.604
50.22847,7.542913,35327.625,1501.3048
50.225796,7.54943,35323.945,1503.0662
50.22393,7.547151,35381.016,1503.69
50.222446,7.5520163,35352.055,1504.3203
50.221767,7.5527105,35347.75,1505.5181
50.22151,7.5524364,35343.65,1505.9812
50.217327,7.5476904,35312.31,1506.696
50.21431,7.552278,35350.223,1508.6611
50.21347,7.556085,35310.25,1508.3519
50.21256,7.5551443,35313.742,1509.384
50.207447,7.5573645,35293.92,1510.4724
50.20726,7.5563507,35286.64,1511.4895
50.20387,7.558792,35298.91,1512.37
50.20244,7.558604,35279.9,1512.4265
50.20023,7.562121,35352.895,1514.4232
50.198,7.5639486,35288.363,1514.5422
50.19695,7.561421,35349.766,1516.3964
50.192455,7.5645156,35317.37,1517.0719
50.19418,7.564445,35297.875,1517.472
50.189034,7.561839,35275.676,1517.8483
50.189087,7.5671573,35410.04,1519.4403
50.187187,7.5670404,35300.332,1520.2332
50.183353,7.5684853,35382.484,1521.3237
50.18216,7.5696406,35343.516,1522.4321
50.181503,7.5725036,35331.22,1522.9243
50.18011,7.5719566,35306.55,1523.118
50.176437,7.571654,35258.453,1524.9277
50.175232,7.5747232,35327.23,1525.8357
50.173683,7.5757976,35321.97,1526.7117
50.170597,7.578356,35367.094,1527.5264
50.165997,7.5772934,35270.453,1527.4655
50.16617,7.577872,35367.523,1529.334
50.162033,7.577703,35293.3,1529.3549
50.163586,7.5816603,35372.125,1531.2351
50.158726,7.5798435,35215.734,1531.2635
50.159935,7.58295,35376.12,1532.3187
50.155956,7.5837984,35371.207,1533.5981
50.153988,7.583531,35327.406,1534.2699
50.1529,7.586838,35360.867,1535.6184
50.1504,7.5877457,35356.91,1536.1978
50.15033,7.5885506,35375.96,1537.2617
50.146706,7.5899906,35385.777,1538.1265
50.144672,7.589801,35393.453,1538.7642
50.14183,7.592865,35392.64,1539.1516
50.14138,7.593861,35348.203,1540.5934
50.138195,7.5949516,35405.605,1541.6531
50.13704,7.592327,35312.723,1542.3973
50.1357,7.5943418,35379.25,1543.5376
50.13298,7.5950155,35279.547,1543.6552
50.132515,7.598364,35372.836,1545.1025
50.127357,7.598376,35396.973,1545.769
50.12712,7.6001086,35409.72,1547.0515
50.125164,7.6008644,35435.133,1547.0369
50.12178,7.603358,35452.867,1548.355
50.120026,7.6028724,35472.25,1549.6156
50.11829,7.607157,35451.45,1550.4474
50.116867,7.6039352,35379.465,1550.8751
50.11308,7.606551,35392.562,1551.7728
50.112488,7.606966,35372.586,1552.7251
50.110847,7.608534,35337.89,1553.9592
50.10656,7.6091647,35396.8,1554.5875
50.106686,7.6108775,35408.836,1555.6224
50.10355,7.6124325,35406.824,1556.9354
50.100437,7.609,35341.74,1557.2843
50.099796,7.6147304,35462.87,1558.248
50.098694,7.613629,35438.793,1558.8083
50.097015,7.6130157,35399.402,1560.1398
50.09296,7.6162014,35368.133,1560.786
50.091415,7.619626,35404.406,1561.6102
50.090942,7.6222076,35395.85,1562.467
50.087914,7.6197295,35398.055,1562.718
50.086365,7.6199937,35331.69,1564.6572
50.08362,7.6231956,35461.83,1565.1024
50.083004,7.62373,35326.66,1566.1788
50.08034,7.6252527,35364.23,1567.2146
50.079105,7.626207,35392.77,1567.6326
50.074352,7.6261907,35338.367,1569.2948
50.0736,7.627865,35426.887,1569.6488
50.071606,7.6286554,35402.355,1570.6559
50.06932,7.6304336,35332.29,1571.2872
50.06857,7.6318226,35439.02,1572.1589
50.065773,7.6298275,35354.6,1572.6443
50.064392,7.6327972,35443.016,1574.0432
50.063076,7.6320257,35427.844,1574.7559
50.059315,7.635299,35431.348,1575.8956
50.056847,7.636688,35476.867,1576.881
50.054737,7.638876,35376.56,1577.6357
50.052597,7.6406116,35456.363,1578.021
50.05122,7.6378016,35480.7,1579.5884
50.049187,7.640423,35402.863,1580.0099
50.04772,7.6429086,35371.766,1580.7351
50.04771,7.642466,35440.75,1581.8042
50.043358,7.645087,35435.3,1582.8778
50.041832,7.646882,35431.023,1583.1901
50.040695,7.6466074,35411.27,1583.957
50.038006,7.6467953,35415.785,1585.2013
50.0349,7.650765,35477.543,1586.0131
50.034866,7.649288,35433.0,1586.8016
50.03242,7.6518955,35457.14,1588.0251
50.030357,7.6524467,35390.38,1588.7937
50.026577,7.6507273,35336.664,1589.5549
50.02729,7.65497,35431.11,1590.3167
50.0247,7.6557393,35456.016,1591.4535
50.02292,7.6559563,35451.324,1592.1803
50.020985,7.65534,35496.71,1593.622
50.01824,7.6582155,35409.848,1594.3605
50.01734,7.6593733,35473.97,1595.3374
50.013554,7.6623015,35440.5,1596.121
50.011116,7.661559,35465.535,1596.6453
50.010902,7.6615,35459.297,1597.3944
50.00729,7.662586,35464.184,1598.4305
50.00731,7.6645503,35468.594,1599.5087
50.002842,7.6655874,35526.21,1600.3248
50.000935,7.663626,35388.02,1600.7035
49.999706,7.66839,35486.28,1602.2357
49.99847,7.6704373,35424.395,1603.4888
49.997433,7.6705947,35436.52,1603.6793
49.994015,7.672764,35446.062,1604.6752
49.99395,7.6720095,35478.29,1605.7429
49.98908,7.6757812,35471.742,1606.0679
49.98922,7.674312,35461.594,1606.9169
49.986664,7.67612,35390.684,1607.8376
49.985416,7.6783037,35500.21,1609.3923
49.983723,7.6786504,35487.074,1610.1772
49.98167,7.6799946,35499.676,1610.757
49.978508,7.682182,35508.28,1611.5967
49.977345,7.6796107,35445.75,1611.9373
49.973988,7.6828837,35468.324,1613.5657
49.971886,7.684097,35502.965,1613.9358
49.97012,7.6855454,35495.81,1615.5083
49.96811,7.6856503,35498.246,1616.6984
49.966137,7.6877317,35521.14,1617.0513
49.96523,7.687688,35487.965,1617.7206
49.963623,7.6890388,35537.527,1618.5295
49.962196,7.6875653,35522.81,1619.5527
49.960716,7.6909766,35523.055,1620.6233
49.956425,7.6928725,35466.57,1621.2773
49.9559,7.6948047,35520.043,1622.0977
49.95332,7.690152,35375.484,1622.6599
49.950077,7.6956115,35475.16,1623.7987
49.94943,7.697227,35461.855,1624.6433
49.947433,7.6982846,35471.516,1625.6937
49.946613,7.6976185,35505.41,1626.6134
49.94322,7.6961546,35393.426,1626.8722
49.94181,7.698636,35470.277,1628.2191
49.93997,7.70218,35551.918,1629.1115
49.93766,7.7016044,35413.105,1629.1808
49.936073,7.704203,35512.465,1630.9022
49.93558,7.7072144,35529.21,1631.8207
49.930653,7.7040267,35391.047,1632.3817
49.930634,7.7093105,35591.996,1633.6095
49.928024,7.7092986,35571.19,1634.2988
49.925846,7.7106147,35559.734,1635.8884
49.923244,7.7113066,35577.12,1636.164
49.921467,7.7130065,35603.42,1637.0664
49.919025,7.713107,35526.223,1637.4335
49.91563,7.7151394,35496.973,1638.8962
49.91426,7.716943,35512.35,1640.0057
49.913685,7.7192373,35623.117,1640.855
49.910084,7.717762,35534.105,1641.806
49.910267,7.7193966,35513.785,1642.4009
49.908867,7.7217155,35590.547,1643.6414
49.907066,7.7228756,35543.01,1643.7643
49.903454,7.7237253,35567.652,1645.0476
49.900875,7.7234254,35617.566,1646.0659
49.897694,7.7219763,35554.3,1646.1348
49.898205,7.726518,35564.8,1647.6438
49.897713,7.727377,35576.363,1648.6097
49.89547,7.7295184,35553.848,1649.6115
49.892544,7.7289295,35581.004,1650.3237
49.891075,7.730974,35529.566,1650.9949
49.890186,7.7297363,35554.55,1651.8146
49.885185,7.734456,35608.785,1653.0039
49.886246,7.7351475,35553.64,1653.7051
49.883263,7.7354565,35597.055,1654.5574
49.88157,7.736167,35472.582,1655.4148
49.878933,7.7381907,35627.195,1656.4291
49.877106,7.7402964,35580.953,1657.2449
49.874214,7.738347,35530.043,1658.4023
49.871754,7.7397375,35508.14,1658.7847
49.870068,7.7409606,35614.11,1659.7268
49.86852,7.7442093,35584.984,1661.3055
49.866238,7.7444267,35583.324,1662.115
49.86402,7.7474937,35590.105,1663.0867
49.863804,7.7469907,35585.195,1663.0305
49.86103,7.747773,35589.273,1664.0022
49.858604,7.7482677,35539.832,1665.2355
49.856728,7.752357,35642.254,1666.1523
49.853806,7.75182,35586.156,1666.8539
49.854866,7.7530704,35609.703,1667.9172
49.851723,7.7515607,35490.914,1668.9307
49.850822,7.7532067,35516.477,1669.3406
49.84726,7.7557974,35579.36,1670.9973
49.846428,7.7566304,35602.766,1671.9913
49.84377,7.759562,35586.457,1671.7938
49.84024,7.7605104,35598.133,1673.5588
49.84063,7.760793,35652.01,1673.8977
49.83779,7.7620983,35580.344,1674.8997
49.833183,7.761366,35640.965,1676.2607
49.833477,7.767277,35625.83,1677.0435
49.829502,7.765567,35539.53,1677.1831
49.82943,7.7644415,35662.484,1678.7466
49.82538,7.765511,35536.66,1679.8159
49.826935,7.768482,35594.29,1680.3683
49.824497,7.7691393,35572.867,1681.3031
49.823246,7.7712097,35616.727,1681.8772
49.818996,7.7710576,35563.562,1683.8171
49.817783,7.774078,35590.54,1683.8201
49.816116,7.773298,35554.39,1684.8221
49.81488,7.7735167,35594.082,1686.2101
49.81244,7.777095,35615.434,1686.0616
49.806393,7.7765474,35437.777,1686.2299
49.81005,7.779245,35615.137,1688.2974
49.80603,7.7786765,35553.617,1689.4812
49.801914,7.781517,35613.1,1689.5786
49.80248,7.781277,35577.652,1690.3303
49.799717,7.782968,35582.707,1692.237
49.80046,7.7834105,35562.195,1693.3419
49.79691,7.7867227,35566.883,1693.8201
49.79468,7.7867756,35585.414,1694.4073
49.792515,7.787516,35545.6,1694.8748
49.78836,7.788366,35601.457,1696.8195
49.78866,7.788638,35491.457,1697.0813
49.78755,7.790975,35533.477,1698.2004
49.785923,7.790997,35545.57,1699.3746
49.783504,7.793545,35574.742,1699.2429
49.780796,7.7942824,35569.445,1700.8917
49.778755,7.7955794,35581.477,1701.5051
49.77561,7.796075,35539.3,1702.539
49.774784,7.7985735,35597.914,1703.682
49.7725,7.7996764,35604.895,1704.2552
49.771442,7.799533,35533.863,1704.8352
49.76891,7.802015,35582.477,1706.3339
49.76613,7.803027,35561.09,1707.042
49.764793,7.804133,35578.99,1707.4244
49.762505,7.8033466,35543.87,1709.5215
49.76091,7.8074613,35578.914,1709.8413
49.759666,7.807356,35625.008,1709.9224
49.757797,7.8083253,35535.84,1711.2108
49.75554,7.8085837,35574.9,1711.8022
49.754025,7.8085275,35605.875,1713.2131
49.751404,7.810129,35577.258,1713.7534
49.750374,7.8133187,35587.465,1715.227
49.747066,7.813614,35568.895,1715.3416
49.744915,7.8158307,35623.086,1716.398
49.743828,7.814265,35597.59,1717.5632
49.74299,7.8161116,35532.305,1718.5054
49.74048,7.819283,35582.49,1719.3431
49.73747,7.8194447,35483.223,1720.1545
49.73655,7.8194723,35549.258,1720.7449
49.733467,7.8200307,35617.375,1721.9478
49.729687,7.8227262,35499.34,1722.6077
49.72863,7.8233705,35549.637,1723.7017
49.7276,7.826206,35593.676,1724.5356
49.7268,7.8258505,35561.133,1725.3337
49.72368,7.8242354,35605.207,1725.8541
49.722466,7.8272495,35541.688,1727.7943
49.718826,7.830733,35632.598,1728.3159
49.71844,7.8314395,35638.227,1728.506
49.71761,7.830252,35587.527,1730.1962
49.71314,7.8324213,35583.832,1730.5782
49.71207,7.835672,35614.41,1731.8086
49.71064,7.8345637,35572.54,1732.3833
49.70771,7.837542,35603.605,1733.6619
49.707066,7.839693,35589.945,1734.4752
49.70451,7.8364625,35480.344,1734.733
49.70155,7.8385835,35512.89,1736.2579
49.697975,7.8401184,35541.875,1737.2057
49.697525,7.840467,35540.773,1738.2832
49.69655,7.8412642,35445.645,1738.424
49.69303,7.844027,35525.668,1739.8699
49.69124,7.844023,35468.855,1740.4613
49.68977,7.847359,35586.95,1740.6726
49.689045,7.8472843,35600.258,1743.183
49.68485,7.8470073,35512.945,1743.094
49.686672,7.8497095,35598.582,1743.7639
49.683655,7.8496137,35595.727,1744.7648
49.682,7.8510804,35531.5,1746.1294
49.676674,7.847525,35512.504,1746.6472
49.677727,7.852924,35575.336,1747.7305
49.67515,7.8532047,35587.016,1748.4589
49.671383,7.8570886,35574.348,1749.8014
49.66855,7.853946,35504.605,1749.5792
49.66804,7.857556,35619.055,1751.4268
49.665646,7.857528,35609.023,1751.8053
49.66417,7.8608956,35566.875,1752.5221
49.663193,7.8611836,35576.066,1753.7855
49.661304,7.860363,35599.434,1754.5792
49.660187,7.8624268,35504.934,1755.6426
49.656372,7.8627954,35535.785,1755.872
49.656513,7.8647785,35501.24,1756.9901
49.651302,7.867198,35563.42,1757.977
49.649445,7.86546,35497.773,1758.6946
49.648445,7.868194,35551.05,1759.8342
49.64785,7.8695326,35591.383,1760.4535
49.643776,7.86962,35564.387,1761.63
49.64215,7.870293,35575.492,1762.2206
49.639687,7.8677797,35509.977,1762.6132
49.63879,7.8730106,35583.66,1763.6903
49.634968,7.874942,35508.316,1765.1206
49.63439,7.8743057,35473.3,1765.9492
49.63188,7.876365,35537.395,1766.6918
49.63122,7.8780346,35541.7,1768.1871
49.62911,7.8785567,35573.867,1768.4364
49.62635,7.8784494,35483.387,1769.553
49.62518,7.880324,35597.03,1770.4384
49.622223,7.881097,35515.453,1771.6173
49.62007,7.8813753,35544.05,1772.4307
49.617813,7.8841105,35545.387,1773.5192
49.617275,7.884172,35538.13,1774.8159
49.616253,7.881663,35437.78,1774.502
49.61506,7.885945,35531.105,1775.8158
49.610733,7.8865542,35525.453,1776.8687
49.60959,7.8885484,35438.477,1777.5636
49.604843,7.8889036,35508.88,1778.3618
49.605877,7.890958,35496.484,1779.2787
49.60256,7.8899207,35444.047,1780.352
49.60223,7.890717,35554.438,1781.5858
49.59823,7.891467,35468.06,1782.0796
49.595085,7.8930426,35408.93,1783.0697
49.59553,7.895132,35434.785,1783.2715
49.591377,7.895624,35493.31,1784.6226
49.588997,7.893655,35487.43,1785.4955
49.588123,7.8969684,35460.086,1787.0679
49.585613,7.8948894,35358.543,1786.7183
49.583958,7.8993015,35500.17,1787.9788
49.588696,7.8987474,35501.21,1789.0431
49.58203,7.898001,35469.87,1789.4346
49.57756,7.8980784,35497.797,1790.8096
49.577038,7.8981996,35441.035,1790.8564
49.57513,7.9051676,35496.453,1793.1149
49.575603,7.904195,35527.09,1793.5133
49.569267,7.9045863,35462.05,1794.5983
49.568302,7.906123,35475.812,1795.2155
49.565693,7.9089174,35496.55,1796.208
49.563606,7.9078007,35434.055,1796.8612
49.563606,7.9096107,35498.566,1797.6697
49.560024,7.909846,35481.707,1798.868
49.559635,7.911049,35457.39,1799.3575
49.556484,7.9141665,35539.758,1800.3573
49.55326,7.9114943,35460.117,1800.6782
49.55436,7.9144473,35505.6,1801.9767
49.550167,7.914366,35487.008,1803.1077
49.54776,7.914455,35432.23,1804.3446
49.5484,7.917511,35470.17,1805.0074
49.543488,7.9174924,35447.566,1805.7362
49.543427,7.92009,35479.055,1807.3643
49.540634,7.919321,35492.043,1807.7126
49.538933,7.916779,35374.703,1808.2242
49.535152,7.922031,35509.098,1809.5557
49.535618,7.9222245,35422.047,1810.3903
49.533237,7.9191556,35393.61,1810.422
49.530407,7.9232435,35435.24,1812.4227
49.5281,7.924454,35423.695,1813.2863
49.527386,7.9268036,35402.35,1813.8507
49.525745,7.926174,35395.574,1814.998
49.520958,7.9255824,35274.418,1815.3193
49.523525,7.928404,35348.516,1816.6023
49.518345,7.9313736,35421.992,1817.6057
49.51601,7.9312487,35433.797,1818.308
49.5154,7.929718,35351.066,1818.1295
49.511177,7.931828,35395.71,1819.9723
49.511993,7.9325967,35448.777,1820.5076
49.509846,7.9341707,35409.184,1821.8306
49.507378,7.9350395,35403.61,1822.7505
49.505318,7.933699,35414.78,1823.6593
49.50027,7.935769,35353.707,1824.513
49.499733,7.937178,35427.61,1825.4448
49.49758,7.938181,35416.547,1826.2299
49.495884,7.9385343,35403.016,1826.8281
49.49435,7.939499,35445.21,1827.9417
49.491085,7.9414043,35406.473,1828.7045
49.491135,7.9418473,35410.65,1829.2909
49.488544,7.939365,35338.35,1829.9603
49.48687,7.9438567,35429.723,1831.8453
49.48225,7.9459653,35402.664,1831.987
49.483112,7.9429708,35337.293,1832.9701
49.48074,7.9458733,35330.285,1834.3794
49.477444,7.948741,35371.523,1834.451
49.477768,7.949678,35429.5,1836.0917
49.47317,7.9465938,35267.367,1836.004
49.473904,7.9500484,35392.67,1838.0778
49.46922,7.9498878,35364.74,1838.3573
49.466236,7.950956,35346.066,1839.629
49.466564,7.9525814,35327.867,1840.6418
49.464863,7.955222,35324.844,1840.8383
49.461308,7.9517455,35389.1,1842.0731
49.458725,7.953842,35326.504,1842.7896
49.458336,7.956437,35381.258,1843.88
49.45522,7.956393,35329.027,1844.3467
49.45463,7.957087,35368.33,1845.6512
49.45206,7.957984,35342.293,1846.2676
49.44998,7.956605,35378.496,1846.4374
49.448193,7.958793,35358.64,1848.4735
49.445454,7.9605546,35338.797,1848.9089
49.4441,7.961252,35412.08,1849.5692
49.441334,7.963455,35374.44,1850.7085
49.43953,7.9628057,35307.39,1851.7264
49.439095,7.964859,35324.68,1852.1342
49.435635,7.966391,35307.434,1853.1127
49.431023,7.965693,35341.074,1854.3214
49.4332,7.965938,35327.113,1855.2076
49.43112,7.9667087,35322.92,1856.2467
49.428154,7.966142,35296.97,1856.3552
49.424118,7.9702845,35337.953,1857.674
49.423546,7.970663,35364.742,1859.1025
49.421974,7.9691567,35320.945,1859.1025
49.41947,7.9724555,35304.15,1860.6403
49.41747,7.971518,35303.133,1861.8896
49.41409,7.971452,35266.004,1861.9893
49.414005,7.974025,35269.867,1863.8162
49.41423,7.9752636,35343.67,1864.0629
49.410664,7.9763765,35354.26,1864.8372
49.40834,7.977964,35324.62,1865.7817
49.40506,7.978355,35307.18,1866.8875
49.40528,7.979474,35293.41,1867.4547
49.40181,7.978396,35310.598,1869.1338
49.39826,7.979885,35374.05,1868.9772
49.39893,7.9810996,35289.43,1870.2886
49.396633,7.9836383,35313.42,1871.5166
49.392635,7.986095,35334.473,1871.6831
49.391964,7.982132,35274.457,1872.5299
49.386875,7.982777,35301.105,1873.6195
49.385376,7.9857883,35400.04,1874.5989
49.38575,7.985313,35251.227,1875.1489
49.381706,7.9844356,35269.03,1875.7125
49.380295,7.987301,35304.285,1877.4371
49.380707,7.9891567,35281.797,1878.4644
49.377827,7.9901357,35294.273,1878.8541
49.3767,7.991045,35292.426,1880.1617
49.37337,7.9908586,35291.02,1881.1929
49.37111,7.990965,35272.93,1882.0367
49.367744,7.9932857,35293.73,1883.1874
49.368984,7.9957695,35286.902,1882.7103
49.366478,7.9946365,35333.383,1884.8021
49.362114,7.9928966,35310.75,1884.9526
49.36206,7.994803,35333.945,1885.7042
49.357944,7.995369,35312.395,1886.9923
49.356934,7.999172,35316.344,1887.79
49.356213,7.9992495,35286.51,1888.7732
49.352085,7.9978333,35310.906,1889.9962
49.35122,8.002673,35303.46,1890.6321
49.348255,8.002806,35288.49,1891.2191
49.347973,8.001014,35293.04,1892.4202
49.343548,8.003894,35318.348,1892.7616
49.341732,8.00357,35330.45,1893.8654
49.339767,8.00277,35328.6,1893.8239
49.335915,8.003804,35293.8,1894.7988
49.337036,8.002705,35210.01,1896.478
49.335438,8.005363,35267.285,1897.3743
49.332104,8.009738,35220.45,1898.3376
49.32823,8.007989,35281.543,1898.5348
49.329475,8.007419,35287.195,1900.7283
49.324913,8.011019,35298.656,1900.8547
49.32263,8.011544,35275.773,1901.9144
49.32284,8.013996,35272.863,1903.0605
49.319973,8.006909,35298.207,1902.6107
49.318493,8.01206,35294.42,1905.3933
49.316696,8.0141325,35328.457,1904.9757
49.312977,8.016954,35292.203,1906.6256
49.31266,8.017852,35318.88,1906.9674
49.311134,8.017006,35309.465,1907.7882
49.307205,8.01712,35297.707,1909.1945
49.30533,8.017453,35240.27,1909.5819
49.302856,8.023432,35245.53,1910.9934
49.302628,8.022747,35285.434,1910.8536
49.300426,8.022938,35293.46,1913.384
49.29604,8.0201845,35275.395,1912.7601
49.295147,8.024743,35315.676,1913.6716
49.293938,8.023639,35296.56,1914.9484
49.293076,8.026104,35277.465,1916.2142
49.288525,8.023749,35217.76,1917.1526
49.28487,8.027265,35243.867,1918.051
49.284622,8.0274935,35220.887,1918.4908
49.283394,8.028007,35290.49,1919.6083
49.282944,8.029962,35300.277,1920.3824
49.279034,8.029001,35316.594,1921.3292
49.276768,8.0317745,35308.69,1922.0516
49.274025,8.03232,35286.074,1922.7999
49.27617,8.0335455,35303.03,1923.0707
49.27176,8.033488,35302.223,1924.6676
49.2683,8.034394,35280.266,1925.2972
49.268208,8.034212,35190.727,1926.6294
49.26672,8.03766,35238.38,1927.3124
49.263084,8.037844,35297.12,1928.4515
49.262325,8.03704,35277.64,1929.1761
49.25842,8.039238,35309.89,1929.3099
49.257317,8.038175,35307.664,1930.806
49.255733,8.0391,35312.215,1931.114
49.253864,8.0408325,35317.992,1932.6405
49.251286,8.041393,35300.04,1933.2509
49.248936,8.043922,35319.258,1934.2108
49.246536,8.04317,35306.97,1934.9756
49.246773,8.043515,35313.996,1935.8478
49.24315,8.043198,35322.516,1937.0583
49.240875,8.046168,35332.918,1937.6261
49.24037,8.048073,35329.434,1939.2177
49.23654,8.04708,35327.95,1939.4362
49.234512,8.048022,35351.492,1940.1641
49.23362,8.047365,35354.91,1940.971
49.231167,8.049312,35354.184,1942.261
49.228195,8.048999,35363.492,1943.316
49.224007,8.051799,35351.758,1943.6116
49.228092,8.051821,35275.41,1944.4702
49.222183,8.052834,35312.484,1945.8645
49.218212,8.053758,35341.594,1946.5992
49.218925,8.051502,35320.84,1946.8627
49.21635,8.056681,35425.375,1948.7894
49.21304,8.054917,35385.59,1948.5691
49.21158,8.0583,35395.91,1950.1505
49.208706,8.056847,35429.695,1950.9653
49.207523,8.059967,35363.234,1951.4971
49.20702,8.059952,35389.7,1953.362
49.20527,8.0599575,35346.23,1953.7886
49.202087,8.063642,35366.133,1954.6536
49.19855,8.062751,35420.05,1955.498
49.198032,8.0621395,35407.508,1956.9252
49.19536,8.062833,35417.047,1957.4187
49.19187,8.065865,35365.76,1957.5353
49.1932,8.068246,35395.465,1958.4601
49.190643,8.065814,35375.47,1959.1564
49.186794,8.06481,35388.516,1960.873
49.1869,8.067965,35451.324,1961.2379
49.18303,8.068891,35343.293,1962.9868
49.18337,8.068441,35419.523,1962.3417
49.179035,8.070009,35423.043,1964.1063
49.17963,8.070656,35469.688,1965.0759
49.17329,8.071971,35441.957,1965.7705
49.172985,8.0742445,35424.473,1966.7666
49.171917,8.0752,35436.914,1967.7698
49.16851,8.074923,35391.215,1968.2899
49.16566,8.074622,35448.508,1969.7236
49.164856,8.077682,35422.383,1970.251
49.160908,8.076769,35422.402,1971.2878
49.16286,8.08006,35455.6,1972.0919
49.155994,8.080028,35430.492,1973.0072
49.1543,8.08055,35423.266,1974.3973
49.154724,8.082591,35402.656,1974.8953
49.153236,8.0804615,35420.0,1975.577
49.149456,8.081714,35412.62,1976.7869
49.147614,8.081142,35446.324,1977.4728
49.148556,8.081926,35416.656,1977.9271
49.142815,8.084213,35451.27,1979.4231
49.14152,8.084834,35445.7,1980.1097
49.13904,8.087304,35400.008,1981.5802
49.139553,8.085183,35384.96,1981.8906
49.136093,8.087994,35477.7,1982.4208
49.134716,8.089328,35420.906,1983.4668
49.133587,8.087937,35446.88,1984.4144
49.129414,8.089714,35445.34,1985.5137
49.12713,8.086088,35385.64,1985.8939
49.126232,8.091001,35494.58,1987.1174
49.123997,8.093329,35503.914,1988.2188
49.12208,8.091108,35457.03,1988.8474
49.1208,8.09441,35488.688,1989.627
49.117573,8.094458,35509.74,1990.395
49.115284,8.095731,35528.16,1991.8037
49.114063,8.096874,35525.992,1992.6465
49.110428,8.098281,35515.547,1993.3538
49.109043,8.097926,35512.83,1994.4086
49.1073,8.098555,35512.203,1994.7343
49.10512,8.099884,35494.156,1996.022
49.10344,8.09861,35526.8,1996.6917
49.100372,8.101595,35503.023,1997.5511
49.098198,8.102027,35493.45,1998.3689
49.09682,8.103614,35487.04,1999.5621
49.096443,8.104175,35536.227,2000.6079
49.092396,8.103537,35545.438,2001.3564
49.090393,8.104405,35517.566,2002.3892
49.08854,8.107281,35529.84,2003.0176
49.087753,8.105516,35530.07,2004.1635
49.084255,8.10432,35561.062,2004.8754
49.081875,8.102594,35487.01,2005.4001
49.079647,8.108759,35588.15,2006.42
49.08079,8.10955,35570.637,2007.0784
49.076385,8.108117,35557.65,2008.0831
49.07404,8.109429,35494.0,2008.9354
49.074257,8.111282,35557.99,2010.1792
49.070507,8.110385,35543.242,2010.7312
49.067112,8.113603,35575.145,2011.5652
49.06631,8.11187,35571.535,2012.4602
49.064568,8.112574,35615.133,2013.5165
49.060642,8.11345,35574.55,2014.5498
49.059513,8.116239,35593.27,2015.1859
49.05913,8.116069,35553.918,2016.1494
49.055202,8.114064,35592.56,2016.665
49.05397,8.117846,35590.527,2018.0079
49.050373,8.116423,35570.67,2018.7954
49.049644,8.119125,35584.25,2019.8419
49.047787,8.120442,35590.3,2020.6118
49.044937,8.120198,35585.707,2021.0227
49.044514,8.121511,35586.54,2022.195
49.040966,8.121489,35575.355,2023.8405
49.039246,8.121056,35565.477,2024.276
49.038536,8.122565,35573.242,2024.759
49.033573,8.125405,35575.984,2026.1455
49.033127,8.1239395,35620.086,2026.4392
49.0315,8.122437,35632.434,2027.4119
49.02925,8.125408,35631.355,2028.7438
49.02683,8.126688,35652.367,2029.3107
49.024147,8.128257,35647.555,2030.5333
49.022705,8.122539,35522.49,2030.4043
49.021942,8.126624,35607.36,2031.9742
49.019356,8.128861,35590.434,2032.9845
49.017998,8.130272,35578.41,2034.3844
49.014343,8.13112,35585.06,2034.4427
49.01279,8.131218,35625.383,2035.5457
49.009235,8.130669,35619.355,2036.7667
49.00824,8.129781,35574.273,2036.846
49.00812,8.134896,35633.965,2037.8961
49.003777,8.133636,35592.04,2039.3374
49.00168,8.135407,35590.2,2039.6887
49.000866,8.134212,35588.797,2040.7277
48.99736,8.137138,35635.07,2042.041
48.998158,8.136002,35684.645,2042.7155
48.993904,8.1365,35663.523,2043.5348
48.99209,8.13814,35673.758,2044.5374
48.98989,8.1396885,35655.395,2044.8706
48.987602,8.139335,35645.527,2045.8818
48.986504,8.140817,35660.484,2046.6671
48.9841,8.140374,35657.645,2048.2334
48.980244,8.140603,35683.22,2049.1965
48.977985,8.142327,35645.996,2049.777
48.978565,8.142606,35629.055,2050.2114
48.97663,8.143689,35636.227,2051.1172
48.97299,8.142601,35641.5,2052.7295
48.97072,8.143148,35645.49,2053.427
48.96914,8.143624,35653.926,2054.1523
48.967846,8.145911,35671.4,2055.2312
48.96631,8.147686,35653.63,2055.9653
48.964867,8.146284,35675.316,2056.9229
48.961475,8.146139,35655.41,2057.916
48.95791,8.14821,35652.86,2058.368
48.956757,8.15118,35672.938,2059.7073
48.955544,8.151076,35688.35,2059.9958
48.952858,8.151049,35693.17,2061.8362
48.949936,8.1462345,35639.055,2062.0913
48.948986,8.151579,35732.61,2063.628
48.948006,8.15264,35688.24,2064.4048
48.945282,8.153937,35643.836,2065.0332
48.94405,8.153528,35598.113,2066.073
48.940643,8.153845,35602.01,2066.4404
48.939453,8.153793,35655.547,2067.5486
48.93904,8.154537,35694.707,2068.2014
48.935818,8.156417,35666.523,2069.7048
48.93066,8.159538,35685.695,2069.5293
48.932415,8.155638,35651.535,2071.4402
48.928547,8.156685,35701.734,2072.1143
48.922955,8.156506,35714.285,2073.3525
48.922874,8.164994,35714.344,2074.7185
48.923183,8.162147,35658.25,2074.5608
48.919685,8.163032,35688.633,2076.3394
48.91729,8.162182,35734.44,2076.6262
48.913486,8.162716,35726.508,2077.3428
48.915047,8.163051,35722.934,2078.2576
48.912865,8.162889,35722.8,2079.5227
48.909317,8.164107,35703.004,2079.7417
48.90886,8.163938,35698.516,2080.7021
48.905006,8.164108,35706.61,2081.8296
48.904663,8.164706,35677.035,2081.9856
48.901333,8.166269,35693.89,2083.8396
48.902,8.165764,35718.242,2085.1296
48.896927,8.167341,35692.594,2085.7664
48.894764,8.166485,35716.79,2086.556
48.89598,8.169137,35692.188,2087.52
48.893486,8.168849,35672.656,2087.884
48.889034,8.16847,35680.707,2089.4666
48.889416,8.169942,35692.402,2090.0034
48.88612,8.171523,35680.863,2090.8008
48.882385,8.172286,35715.78,2091.93
48.8796,8.171894,35689.684,2093.2634
48.877937,8.1727,35661.555,2093.6528
48.87772,8.172487,35703.484,2094.5173
48.872234,8.176997,35732.176,2095.283
48.871563,8.172603,35637.367,2095.3633
48.871014,8.177765,35731.652,2097.1602
48.867775,8.174911,35683.016,2098.0981
48.86703,8.175064,35694.926,2098.9392
48.86477,8.178195,35692.99,2099.6533
48.861046,8.178183,35703.277,2100.757
48.86173,8.178169,35654.516,2101.6174
48.85751,8.179318,35618.047,2102.7527
48.857296,8.179142,35624.67,2103.5303
48.854797,8.17803,35655.453,2104.0994
48.852425,8.18198,35675.816,2105.4202
48.85001,8.180785,35699.9,2106.2598
48.848858,8.181061,35641.633,2106.7551
48.847874,8.182835,35687.547,2108.3074
48.84345,8.183889,35678.69,2109.0125
48.841225,8.185244,35678.28,2109.7788
48.841415,8.1846285,35681.953,2111.129
48.837196,8.183924,35657.97,2111.6116
48.83566,8.185778,35617.977,2112.4197
48.834663,8.188182,35566.234,2113.49
48.83188,8.185319,35577.684,2114.5767
48.83052,8.189238,35676.094,2115.1245
48.82721,8.189006,35637.3,2115.778
48.82549,8.188811,35642.49,2116.7798
48.822742,8.190427,35637.05,2117.6577
48.82028,8.190919,35638.695,2118.5752
48.818974,8.190129,35661.254,2119.2627
48.81764,8.191414,35642.55,2120.2158
48.815655,8.191837,35627.113,2121.1277
48.812492,8.194212,35652.27,2122.1663
48.80906,8.195037,35660.33,2123.4192
48.807335,8.19436,35663.08,2123.932
48.806293,8.197557,35666.637,2124.754
48.80373,8.197657,35614.746,2125.7559
48.803192,8.192113,35598.254,2126.1768
48.7977,8.195763,35612.52,2127.8416
48.798878,8.1965065,35638.18,2128.8801
48.796513,8.198128,35653.49,2129.567
48.795475,8.198229,35648.94,2130.4983
48.794376,8.196553,35657.625,2129.745
48.79022,8.193504,35714.01,2131.6875
48.78924,8.197342,35724.188,2132.7278
48.783794,8.205785,35693.348,2133.7053
48.786697,8.200765,35703.66,2134.1548
48.781994,8.202255,35661.69,2135.584
48.780273,8.2013855,35672.7,2136.1233
48.777206,8.2016945,35641.223,2137.6003
48.77523,8.203862,35657.55,2138.4392
48.775543,8.199569,35634.57,2138.212
48.769474,8.204641,35677.902,2140.0276
48.768967,8.205788,35633.12,2141.2512
48.766838,8.206244,35670.17,2141.3057
48.764526,8.206023,35663.418,2142.7551
48.761513,8.20387,35642.703,2143.1965
48.76075,8.208398,35594.254,2144.4707
48.75961,8.207681,35607.95,2144.3667
48.755363,8.208522,35597.56,2146.1108
48.75397,8.206461,35624.95,2147.4612
48.752525,8.210365,35650.55,2147.8555
48.749783,8.210683,35642.73,2148.7202
48.747814,8.21309,35640.72,2150.0112
48.74637,8.212514,35609.75,2150.7097
48.74392,8.213457,35602.56,2151.3713
48.742165,8.212721,35619.457,2152.4048
48.739693,8.214524,35599.73,2153.4492
48.737038,8.213642,35577.26,2153.5728
48.734814,8.216613,35603.74,2154.4688
48.73324,8.213391,35543.18,2155.3213
48.729183,8.21566,35622.312,2156.3945
48.728844,8.214879,35622.867,2156.775
48.725582,8.218029,35629.53,2157.954
48.724564,8.213942,35586.035,2159.2524
48.722687,8.215886,35600.02,2159.983
48.721123,8.219793,35647.67,2160.691
48.718132,8.217044,35635.754,2162.3723
48.71562,8.219815,35622.793,2162.8623
48.71598,8.219052,35645.477,2163.6958
48.713238,8.222081,35620.113,2164.6292
48.710228,8.223244,35638.223,2165.6729
48.709057,8.222099,35597.395,2166.53
48.70518,8.223693,35557.3,2167.5518
48.70353,8.222335,35544.145,2168.8706
48.701237,8.222511,35574.37,2168.5833
48.69982,8.222711,35549.383,2169.9211
48.697598,8.226108,35620.438,2170.8499
48.696423,8.225102,35603.707,2172.1426
48.694344,8.224114,35578.953,2172.0676
48.69035,8.226934,35622.348,2173.8452
48.690376,8.223964,35595.133,2173.8528
48.684658,8.225974,35636.91,2174.6643
48.683292,8.230962,35634.51,2176.3464
48.68448,8.229922,35624.207,2175.9136
48.682346,8.224788,35628.83,2177.6836
48.677864,8.2291565,35584.254,2179.1946
48.67759,8.230422,35535.234,2179.1245
48.674236,8.23186,35565.836,2180.1846
48.672466,8.229153,35594.754,2181.501
48.67161,8.231373,35562.152,2181.9727
48.668,8.232105,35574.44,2182.8306
48.664856,8.233994,35592.117,2184.2817
48.6646,8.232028,35594.242,2184.757
48.661793,8.234997,35569.34,2185.6182
48.659153,8.235009,35602.676,2186.831
48.65802,8.238197,35586.676,2187.5195
48.656006,8.228347,35635.023,2187.1233
48.65482,8.233758,35555.715,2189.8604
48.651806,8.232771,35556.457,2189.0967
48.650997,8.236551,35599.4,2191.0754
48.64888,8.238058,35598.66,2191.8108
48.645374,8.237153,35605.035,2192.1704
48.643337,8.241183,35589.14,2193.533
48.640438,8.239315,35591.293,2193.8484
48.639362,8.237593,35558.176,2195.2593
48.635788,8.240783,35591.55,2196.877
48.636734,8.242294,35558.508,2196.6619
48.635963,8.242195,35575.375,2197.3662
48.62869,8.243044,35571.574,2199.6382
48.62802,8.242847,35545.707,2199.7861
48.62589,8.243296,35515.69,2200.0898
48.624325,8.244592,35514.195,2201.0396
48.62245,8.2446165,35563.31,2203.3862
48.61961,8.243386,35542.97,2202.7046
48.617393,8.244038,35553.254,2204.216
48.616184,8.245284,35555.555,2204.673
48.612682,8.237573,35533.35,2205.8083
48.610287,8.247236,35586.36,2205.9402
48.610435,8.239604,35535.082,2207.54
48.60811,8.2468,35585.2,2208.267
48.606842,8.248445,35557.08,2208.9941
48.60451,8.245335,35576.23,2209.7754
48.601803,8.244632,35506.56,2210.4485
48.59722,8.246941,35556.863,2211.6477
48.597263,8.24826,35529.707,2212.4817
48.59546,8.248923,35545.37,2213.975
48.59485,8.252203,35534.742,2214.6995
48.590527,8.250524,35538.934,2215.8958
48.58848,8.251413,35525.938,2217.1902
48.58841,8.250788,35555.02,2217.0854
48.583977,8.251548,35557.574,2218.498
48.583076,8.254034,35552.082,2218.9456
48.57919,8.253487,35552.44,2219.5735
48.577564,8.250505,35576.375,2219.851
48.575397,8.251394,35545.453,2222.8523
48.57477,8.252391,35537.08,2222.007
48.57333,8.256401,35541.12,2223.056
48.5702,8.254866,35537.812,2224.3223
48.568287,8.2526455,35550.832,2224.668
48.567127,8.25251,35505.793,2225.7544
48.5618,8.256105,35545.418,2227.1174
48.562336,8.25621,35538.586,2227.0083
48.56035,8.258915,35524.027,2229.257
48.558132,8.259312,35521.82,2229.3804
48.55713,8.258541,35525.42,2229.5405
48.55352,8.25509,35525.285,2232.252
48.549744,8.260577,35501.605,2231.9854
48.54838,8.256544,35507.535,2233.2703
48.548225,8.258083,35489.523,2234.3687
48.545673,8.258766,35532.703,2234.7117
48.544384,8.257061,35566.793,2234.7346
48.54006,8.262169,35535.28,2236.5024
48.538322,8.26247,35495.13,2238.5327
48.53621,8.265479,35470.1,2237.3037
48.533073,8.26203,35525.332,2239.8108
48.532955,8.2608595,35545.258,2240.0425
48.530632,8.260041,35474.645,2240.291
48.527466,8.263531,35546.71,2242.723
48.526943,8.261635,35530.98,2241.8374
48.527695,8.261273,35465.03,2244.1353
48.523148,8.260559,35525.41,2244.3457
48.51901,8.262628,35518.297,2244.38
48.5203,8.261282,35464.36,2246.133
48.516228,8.262903,35479.77,2246.9531
48.513474,8.264881,35493.21,2247.4402
48.513798,8.261925,35486.277,2248.685
48.509377,8.269,35535.2,2249.6487
48.5079,8.267377,35545.457,2250.9136
48.506344,8.269397,35516.5,2250.8977
48.50527,8.266853,35503.02,2252.7566
48.50205,8.268341,35532.08,2252.813
48.50146,8.268773,35490.83,2254.3018
48.49786,8.268406,35509.64,2254.9036
48.49416,8.267813,35514.64,2255.7559
48.49437,8.269469,35510.27,2256.8567
48.49144,8.271202,35536.004,2257.0242
48.49084,8.268385,35470.246,2257.9968
48.487965,8.270887,35523.137,2259.5356
48.484573,8.270721,35494.918,2260.463
48.48485,8.269182,35449.28,2260.5957
48.48134,8.270471,35513.957,2262.5671
48.47699,8.273748,35493.344,2263.0776
48.474846,8.2723,35501.56,2263.2227
48.47743,8.270446,35458.098,2264.6323
48.47498,8.268516,35491.54,2264.844
48.47135,8.271531,35508.7,2266.2964
48.468464,8.271206,35470.062,2267.254
48.46722,8.275159,35487.203,2268.1216
48.46392,8.275387,35549.418,2269.0244
48.463493,8.271644,35509.47,2270.1235
48.459507,8.274712,35523.57,2270.668
48.45643,8.275179,35532.254,2271.6904
48.455647,8.274082,35456.133,2272.6782
48.452168,8.273611,35544.438,2273.248
48.452393,8.275453,35524.996,2274.0256
48.450565,8.275327,35516.445,2275.0212
48.447033,8.274321,35508.652,2274.648
48.444927,8.280002,35519.758,2276.5696
48.444134,8.275026,35477.438,2277.7798
48.439957,8.277641,35443.01,2277.8086
48.43883,8.279521,35466.324,2280.5505
48.436264,8.279787,35472.34,2280.0237
48.43459,8.280257,35468.492,2281.061
48.429493,8.279357,35505.016,2282.1145
48.432766,8.27876,35520.164,2283.6282
48.42868,8.276513,35509.207,2283.4126
48.42608,8.281011,35517.215,2284.5142
48.425617,8.281845,35535.605,2285.2024
48.423332,8.278677,35471.64,2285.7876
48.421257,8.276408,35517.438,2287.0442
48.417053,8.279402,35477.445,2288.1934
48.41688,8.284264,35502.87,2290.1995
48.418297,8.280835,35529.727,2288.8235
48.409557,8.282218,35486.52,2290.979
48.409336,8.280048,35487.496,2291.7651
48.40785,8.281853,35513.086,2292.8345
48.40423,8.283772,35498.504,2293.5063
48.40388,8.283722,35433.066,2293.8337
48.40346,8.282747,35432.074,2295.2349
48.398533,8.27996,35508.04,2294.8433
48.39422,8.283024,35381.48,2298.1394
48.396915,8.284968,35506.062,2297.9863
48.39381,8.28304,35401.465,2299.2363
48.3911,8.285406,35482.293,2299.7183
48.38986,8.287435,35488.83,2300.3708
48.385056,8.283292,35498.582,2301.7632
48.385075,8.28617,35494.55,2302.197
48.381435,8.282985,35432.062,2303.2483
48.381187,8.285769,35492.312,2303.483
48.378708,8.287097,35482.02,2304.0781
48.375652,8.285728,35484.637,2305.3892
48.374313,8.286,35492.74,2306.7534
48.37144,8.287138,35542.555,2307.1602
48.37232,8.290016,35506.58,2308.7415
48.368122,8.286479,35486.305,2309.5327
48.366314,8.291884,35496.008,2310.043
48.36603,8.287781,35440.28,2311.1448
48.363953,8.285829,35434.176,2312.2285
48.36143,8.28977,35529.664,2312.6526
48.358875,8.28971,35482.17,2313.723
48.35495,8.290398,35477.82,2314.2468
48.353092,8.29205,35488.69,2316.495
48.352615,8.289872,35505.59,2315.5813
48.350277,8.285673,35410.734,2316.8289
48.34819,8.289678,35461.26,2317.8577
48.343353,8.291034,35455.695,2318.6401
48.343754,8.292351,35472.547,2319.9407
48.340714,8.290222,35495.113,2319.675
48.340744,8.28766,35418.508,2320.837
48.33556,8.291406,35481.066,2322.135
48.337578,8.292545,35473.098,2323.0066
48.3336,8.294083,35481.715,2324.3274
48.330532,8.29162,35394.05,2324.345
48.329563,8.294104,35483.32,2325.5132
48.33059,8.293275,35485.28,2326.3386
48.324345,8.293226,35479.95,2327.5693
48.322666,8.290699,35419.973,2329.398
48.322624,8.295099,35516.535,2329.7532
48.319153,8.292205,35440.74,2330.0876
48.31601,8.293726,35459.117,2331.9858
48.31519,8.295059,35487.305,2331.558
48.314495,8.294887,35479.14,2332.6162
48.310818,8.294936,35476.996,2333.338
48.310898,8.295419,35468.066,2334.9158
48.30586,8.29771,35461.38,2335.0
48.30449,8.294978,35473.87,2336.1257
48.30274,8.293376,35403.293,2337.7144
48.300293,8.294406,35436.95,2337.6565
48.29917,8.296319,35489.418,2339.1372
48.297,8.295583,35399.74,2340.4358
48.29533,8.296687,35460.53,2340.1965
48.292587,8.296111,35466.6,2341.0254
48.290787,8.294761,35510.688,2342.3396
48.287785,8.29484,35411.48,2343.0938
48.28624,8.297331,35520.645,2344.777
48.28367,8.2999,35442.465,2344.4973
48.28187,8.297035,35456.51,2346.0186
48.279858,8.297079,35525.566,2347.4932
48.278778,8.293149,35411.242,2346.8003
48.276493,8.300117,35499.668,2348.5127
48.273243,8.296766,35410.98,2350.0234
48.27151,8.296533,35409.65,2350.2732
48.26967,8.298425,35450.723,2350.1226
48.26792,8.29833,35485.484,2351.8364
48.265015,8.300534,35459.215,2354.3376
48.26333,8.295244,35384.867,2351.9612
48.259983,8.299807,35482.63,2354.2954
48.26024,8.297198,35345.004,2355.0454
48.258442,8.302089,35463.297,2356.2175
48.259743,8.293014,35481.973,2356.0269
48.253464,8.295674,35331.156,2360.0908
48.251667,8.302126,35449.14,2358.1248
48.249954,8.30236,35448.453,2360.159
48.25017,8.300592,35406.71,2361.1917
48.24456,8.299714,35373.668,2361.5098
48.242477,8.301597,35407.92,2363.3406
48.242245,8.301013,35421.277,2362.531
48.237694,8.3039875,35442.184,2364.0479
48.237183,8.302771,35425.414,2365.3938
48.235302,8.302631,35429.543,2365.624
48.233356,8.302426,35438.18,2366.5344
48.230423,8.3049,35420.812,2368.7349
48.227757,8.304305,35472.65,2367.946
48.225613,8.302055,35384.094,2369.3516
48.222637,8.304591,35472.402,2370.559
48.22231,8.302638,35410.44,2371.691
48.2198,8.303977,35394.152,2371.7239
48.217545,8.30389,35405.684,2373.4685
48.2167,8.306563,35412.5,2373.6133
48.213272,8.305015,35447.58,2374.8896
48.211456,8.303501,35409.234,2375.502
48.21133,8.304185,35333.91,2376.7166
48.205692,8.30338,35467.457,2377.0725
48.206673,8.304657,35348.973,2378.4326
48.20425,8.304261,35410.133,2379.4055
48.20162,8.308032,35376.203,2380.4697
48.1997,8.305074,35397.402,2381.1345
48.197895,8.304938,35393.285,2381.9146
48.193806,8.3056555,35385.87,2382.587
48.192413,8.306804,35419.613,2382.9019
48.191395,8.304948,35354.055,2384.9282
48.188614,8.306373,35360.31,2385.5664
48.18584,8.307021,35431.934,2386.256
48.184975,8.306139,35433.117,2387.1868
48.18183,8.30535,35343.227,2388.3862
48.180984,8.304156,35312.4,2388.6516
48.17719,8.308435,35454.88,2389.8438
48.174763,8.308168,35419.414,2390.933
48.17212,8.306537,35288.38,2391.5837
48.17165,8.310539,35378.473,2392.9277
48.1697,8.309422,35358.72,2393.4524
48.167114,8.307795,35356.63,2394.4521
48.165318,8.309758,35379.86,2394.876
48.162563,8.30954,35354.52,2395.3064
48.16145,8.309037,35386.613,2396.7827
48.160686,8.303015,35208.34,2396.9905
48.155544,8.306723,35407.223,2398.8728
48.155743,8.310843,35311.13,2400.1323
48.153072,8.309206,35367.27,2399.1262
48.14994,8.306973,35293.742,2402.1445
48.14817,8.308665,35385.637,2401.5452
48.147636,8.307804,35355.824,2402.722
48.14463,8.311426,35346.176,2403.9707
48.14198,8.3097315,35370.12,2404.3906
48.14066,8.310369,35376.195,2405.4858
48.136566,8.31054,35346.07,2405.2458
48.135895,8.309837,35298.746,2407.9539
48.134735,8.309166,35389.324,2407.9631
48.131763,8.31025,35331.42,2409.6477
48.128624,8.312338,35355.277,2409.7854
48.128128,8.312619,35384.977,2411.0615
48.127796,8.307983,35294.574,2411.7615
48.122063,8.305416,35312.5,2412.2112
48.1237,8.311918,35400.793,2413.6812
48.11793,8.312364,35319.246,2414.1687
48.117573,8.313853,35331.477,2415.133
48.113033,8.313413,35351.668,2415.8584
48.112362,8.307815,35248.48,2416.3318
48.113117,8.311568,35296.72,2417.6318
48.107357,8.311981,35330.703,2418.6372
48.108875,8.310407,35261.684,2418.487
48.105896,8.310434,35305.67,2420.7493
48.101723,8.30838,35353.17,2421.1575
48.101746,8.311883,35305.473,2421.9136
48.099453,8.313467,35357.14,2423.1235
48.096615,8.310201,35367.688,2423.8208
48.09436,8.310937,35226.523,2424.4165
48.090263,8.313044,35351.25,2425.531
48.09096,8.313369,35272.44,2426.583
48.087746,8.3146,35321.363,2426.8152
48.085957,8.3131275,35345.6,2428.517
48.083767,8.314047,35346.97,2429.0098
48.08145,8.315963,35342.445,2430.3767
48.078857,8.314492,35347.49,2431.4119
48.07818,8.31232,35303.492,2431.8945
48.076004,8.314134,35378.06,2432.6868
48.07328,8.312783,35274.82,2433.846
48.071648,8.31305,35283.31,2434.4983
48.068695,8.3153305,35360.055,2435.7651
48.06656,8.315648,35301.746,2436.1506
48.064846,8.311492,35260.477,2437.1501
48.06252,8.313825,35307.207,2438.7437
48.060493,8.31454,35325.695,2438.6777
48.058456,8.315425,35308.336,2439.607
48.056797,8.317022,35310.023,2440.1724
48.054813,8.315305,35299.85,2441.6318
48.05218,8.316198,35333.285,2442.8347
48.049717,8.315967,35321.35,2443.6335
48.048466,8.316135,35326.87,2444.5664
48.047215,8.313071,35235.48,2444.8528
48.04461,8.314938,35310.7,2446.2969
48.0427,8.314889,35271.918,2446.7917
48.04019,8.317042,35233.715,2447.459
48.03792,8.315912,35327.348,2448.3035
48.034954,8.316629,35321.277,2449.4238
48.03375,8.314999,35233.258,2450.4534
48.032906,8.316918,35367.887,2450.7197
48.03015,8.311363,35254.03,2450.8308
48.02747,8.314007,35321.83,2452.4338
48.025143,8.317643,35364.11,2453.8079
48.023804,8.315367,35258.523,2454.9233
48.021984,8.314229,35254.38,2455.7769
48.020107,8.318325,35354.61,2456.974
48.017128,8.317036,35351.65,2457.3604
48.016163,8.316888,35339.035,2457.4724
48.012012,8.316159,35272.895,2459.3801
48.010227,8.317335,35380.746,2459.938
48.00872,8.3156,35252.586,2459.7417
48.00615,8.313935,35169.246,2461.197
48.004242,8.318365,35319.027,2462.448
48.00174,8.316505,35307.1,2463.459
48.00162,8.318812,35294.92,2464.4585
48.000046,8.317257,35250.02,2465.153
47.996502,8.3189535,35291.67,2465.471
47.9941,8.31955,35295.832,2466.0933
47.993706,8.316963,35338.965,2467.4685
47.988167,8.317513,35333.91,2469.3154
47.986057,8.316762,35339.17,2470.315
47.985462,8.323054,35354.15,2471.3196
47.984245,8.320818,35324.57,2470.4785
47.981956,8.316656,35324.66,2472.4438
47.97797,8.319758,35276.832,2472.7307
47.97747,8.318947,35229.92,2473.4792
47.97529,8.320819,35271.83,2475.0278
47.97312,8.3173685,35281.45,2475.195
47.971188,8.318644,35289.6,2476.9585
47.969395,8.317099,35286.95,2477.8875
47.967495,8.318409,35287.45,2478.7654
47.96526,8.319885,35297.64,2479.553
47.963142,8.319145,35305.133,2479.9307
47.961006,8.318001,35218.664,2480.451
47.95903,8.318929,35350.543,2482.0298
47.957287,8.316977,35325.79,2482.5813
47.954964,8.317627,35335.85,2483.9067
47.953278,8.31645,35239.42,2484.2932
47.949463,8.320153,35342.402,2485.244
47.946785,8.3202,35285.406,2486.5068
47.945595,8.317679,35281.37,2487.568
47.942505,8.320459,35289.29,2488.0522
47.942493,8.31728,35206.97,2488.8328
47.937828,8.3199625,35343.125,2490.1116
47.937096,8.316639,35238.54,2490.588
47.93684,8.316322,35241.36,2491.0159
47.934086,8.318954,35278.074,2492.0977
47.930237,8.322842,35345.113,2493.0837
47.929886,8.319548,35274.15,2493.9463
47.927986,8.316999,35220.395,2495.508
47.925625,8.319911,35274.953,2496.2212
47.923737,8.320293,35306.594,2497.3572
47.919388,8.320954,35287.254,2497.7673
47.919613,8.31988,35288.84,2498.3691
47.916885,8.321211,35285.145,2499.9526
47.913578,8.320236,35272.066,2500.5767
47.91216,8.321477,35291.617,2501.2217
47.91065,8.318512,35289.88,2502.105
47.90822,8.319294,35217.21,2503.3254
47.906807,8.32028,35279.586,2503.871
47.905373,8.319834,35252.61,2504.486
47.90166,8.32078,35281.547,2505.3276
47.900276,8.319399,35261.68,2506.9614
47.89831,8.320622,35256.164,2507.1528
47.894474,8.320467,35274.055,2508.733
47.892517,8.319932,35258.414,2509.5405
47.892387,8.31865,35280.37,2510.1233
47.888348,8.31886,35290.793,2511.4631
47.888344,8.316648,35228.54,2511.8792
47.88482,8.31994,35270.516,2512.6814
47.884605,8.320499,35285.04,2513.8147
47.8798,8.320219,35271.945,2514.727
47.876923,8.319562,35249.887,2515.6653
47.876617,8.320548,35261.293,2517.1582
47.874878,8.32156,35264.582,2517.381
47.873283,8.319629,35301.3,2517.9377
47.872066,8.3175335,35223.92,2519.7593
47.86671,8.316912,35321.492,2519.9277
47.865215,8.318492,35281.844,2521.21
47.86216,8.31964,35279.3,2522.3984
47.863056,8.319981,35310.332,2523.098
47.860233,8.317318,35279.68,2523.3928
47.857635,8.316269,35227.047,2524.3384
47.855255,8.320234,35323.402,2525.725
47.852146,8.319855,35325.367,2525.9487
47.85019,8.322388,35260.766,2528.3352
47.847816,8.321174,35293.258,2527.5642
47.849087,8.317254,35194.094,2528.9712
47.845573,8.319026,35284.74,2529.4546
47.838993,8.3186035,35306.008,2529.8884
47.84161,8.320629,35243.46,2531.252
47.839363,8.317207,35246.94,2532.0261
47.83722,8.319713,35250.28,2533.9238
47.833786,8.316826,35325.02,2534.4421
47.833965,8.316271,35176.25,2536.7476
47.830605,8.316394,35328.645,2534.5657
47.829075,8.318398,35339.06,2536.6936
47.825726,8.317184,35172.164,2537.4424
47.82308,8.319677,35334.5,2538.885
47.821968,8.318778,35322.254,2540.2285
47.819923,8.316997,35242.2,2541.134
47.82003,8.319454,35239.86,2542.4714
47.815895,8.320282,35302.938,2541.8333
47.814564,8.317534,35277.055,2543.2288
47.8106,8.318174,35312.3,2543.727
47.8091,8.318289,35304.91,2544.688
47.8101,8.3172245,35227.035,2545.7861
47.80447,8.317534,35336.85,2546.5776
47.80264,8.315898,35239.613,2546.7683
47.800266,8.3202,35307.348,2548.5664
47.798088,8.316075,35224.727,2548.526
47.79562,8.317913,35312.066,2550.9675
47.795914,8.317204,35290.484,2550.515
47.79356,8.316822,35271.434,2552.8281
47.790222,8.318112,35296.113,2552.778
47.78748,8.319334,35322.953,2553.085
47.789833,8.318577,35199.586,2555.099
47.785606,8.316626,35336.918,2554.9526
47.781757,8.316864,35320.61,2556.2812
47.781944,8.317182,35343.062,2557.0266
47.778862,8.315274,35143.25,2558.777
47.777607,8.318589,35344.383,2559.0603
47.775887,8.318222,35285.203,2560.2407
47.771286,8.317079,35314.562,2560.9734
47.77195,8.316833,35311.094,2561.698
47.76693,8.316862,35277.977,2562.5308
47.766537,8.3176985,35344.09,2563.638
47.765766,8.312698,35177.89,2563.352
47.76308,8.317599,35329.01,2564.8455
47.76019,8.319323,35300.473,2565.9387
47.75719,8.317723,35323.16,2566.6426
47.758766,8.314973,35235.06,2567.7234
47.751656,8.316952,35404.465,2568.6204
47.75312,8.314686,35289.92,2569.6777
47.751358,8.315938,35245.883,2570.748
47.74692,8.316183,35385.605,2571.8381
47.745735,8.313133,35247.44,2571.5718
47.744263,8.314572,35387.062,2573.728
47.743515,8.314412,35247.27,2574.1067
47.739624,8.316094,35230.504,2574.392
47.741013,8.313603,35198.105,2575.8066
47.737053,8.313869,35235.117,2575.9438
47.734188,8.3128805,35248.438,2577.6626
47.73281,8.314653,35247.598,2578.4219
47.730206,8.317389,35360.074,2579.6772
47.72901,8.316344,35214.227,2578.0044
47.725163,8.317982,35370.457,2581.3755
47.72621,8.313132,35341.13,2581.95
47.71631,8.311204,35322.582,2582.9038
47.717648,8.32303,35392.812,2584.9233
47.717354,8.319138,35269.547,2583.235
47.714447,8.317999,35358.0,2585.7778
47.714264,8.311073,35284.906,2584.8381
47.7082,8.315729,35327.348,2587.6611
47.71003,8.3156805,35261.93,2587.4978
47.70744,8.315683,35356.242,2588.9683
47.70604,8.3143215,35312.1,2589.6287
47.705433,8.315325,35339.164,2590.0916
47.702225,8.313637,35387.254,2592.391
47.70224,8.3136635,35232.844,2591.8853
47.697445,8.31356,35301.0,2594.061
47.69748,8.314095,35309.297,2594.5059
47.693787,8.313053,35306.05,2595.5425
47.68868,8.313927,35315.8,2596.1687
47.69131,8.316677,35306.695,2597.1973
47.68956,8.314187,35331.055,2596.7712
47.683964,8.313083,35229.344,2598.3818
47.685165,8.31334,35351.336,2599.1838
47.682972,8.310901,35293.266,2600.1362
47.677795,8.315039,35296.168,2601.3796
47.67478,8.316416,35374.83,2602.5935
47.677696,8.312813,35191.598,2601.9685
47.671635,8.312427,35344.188,2603.555
47.67031,8.315054,35338.016,2604.6133
47.667988,8.31679,35367.05,2605.3628
47.66693,8.312434,35179.027,2605.297
47.66315,8.314115,35360.586,2607.553
47.662945,8.314175,35324.633,2608.207
47.660213,8.314193,35331.664,2608.4363
47.65786,8.314429,35368.527,2609.5325
47.6587,8.312913,35278.355,2610.5493
47.654255,8.314684,35292.305,2611.6865
47.65321,8.312364,35273.19,2612.8738
47.65108,8.312908,35382.598,2613.5825
47.648323,8.315599,35373.117,2614.3665
47.647797,8.313309,35196.234,2614.7468
47.645233,8.313745,35359.48,2616.1855
47.64204,8.313863,35333.4,2616.6978
47.639194,8.314293,35313.99,2617.9695
47.63701,8.313646,35300.727,2618.9646
47.637474,8.314714,35314.67,2618.8628
47.634247,8.312982,35312.566,2620.1284
47.63226,8.314047,35323.42,2622.0325
47.630863,8.314386,35230.582,2621.991
47.627888,8.31416,35339.492,2623.2544
47.625965,8.314644,35313.605,2624.6855
47.62425,8.314124,35286.94,2623.9785
47.62219,8.314122,35341.125,2626.1506
47.619545,8.312968,35338.57,2627.0913
47.61695,8.30997,35206.062,2626.5347
47.61454,8.31475,35353.875,2629.3105
47.61383,8.312503,35319.445,2628.765
47.613182,8.310736,35327.637,2630.3132
47.607426,8.316204,35284.203,2631.5652
47.607212,8.316718,35333.312,2632.711
47.60447,8.314837,35314.832,2632.5496
47.60473,8.312814,35157.453,2633.4587
47.600937,8.313573,35314.805,2634.569
47.601654,8.310117,35313.93,2634.6282
47.597847,8.308979,35116.86,2637.7622
47.594673,8.313203,35376.03,2636.452
47.594807,8.313302,35099.16,2637.9866
47.591278,8.314609,35297.473,2638.6233
47.593334,8.311841,35233.504,2639.7385
47.587166,8.301998,35236.965,2638.6487
47.58531,8.307743,35323.58,2642.5054
47.58249,8.31816,35221.67,2641.8748
47.58483,8.314735,35286.445,2643.0293
47.58117,8.313078,35312.87,2644.1167
47.578926,8.313089,35261.74,2644.6965
47.57393,8.315728,35268.598,2647.1584
47.573563,8.315035,35210.703,2646.3782
47.57157,8.314579,35372.91,2647.5989
47.570103,8.309977,35067.625,2648.9924
47.564026,8.314872,35330.465,2649.4363
47.56401,8.314694,35314.324,2650.37
47.56365,8.312368,35219.387,2652.1272
47.55914,8.315249,35259.285,2652.3528
47.55727,8.3144045,35273.016,2652.6726
47.556778,8.316378,35244.55,2653.6873
47.552814,8.31307,35275.44,2654.9272
47.55196,8.316204,35226.156,2656.4314
47.549313,8.315838,35271.098,2655.5725
47.551155,8.314133,35103.133,2658.0403
47.544567,8.311113,35290.457,2659.4807
47.540863,8.315488,35227.562,2659.4355
47.54306,8.315446,35207.367,2660.099
47.54128,8.314336,35208.582,2660.921
47.53645,8.316547,35219.457,2662.0518
47.535255,8.315774,35228.8,2662.5574
47.5336,8.316154,35222.176,2664.111
47.531822,8.315122,35256.457,2665.1323
47.52851,8.318231,35159.805,2665.547
47.526756,8.315437,35288.234,2666.6086
47.522945,8.316497,35337.48,2667.6262
47.52552,8.309669,34910.312,2666.4841
47.51916,8.315465,35333.188,2669.2322
47.518574,8.31544,35245.11,2670.227
47.516888,8.31752,35224.6,2671.2092
47.513508,8.314874,35209.082,2671.5808
47.51296,8.315289,35186.25,2673.1565
47.510197,8.314364,35188.26,2673.4514
47.508484,8.314245,35177.453,2674.145
47.507267,8.316513,35211.867,2675.0754
47.504147,8.31517,35224.836,2675.975
47.502125,8.313495,35096.22,2675.8765
47.499306,8.316797,35251.41,2677.9521
47.497047,8.316506,35225.465,2678.7046
47.495323,8.3170805,35240.75,2679.8713
47.49312,8.316759,35121.914,2680.2168
47.491932,8.318694,35196.816,2681.6626
47.488846,8.31844,35216.05,2682.16
47.485977,8.314477,35265.555,2681.6052
47.48859,8.309042,34982.105,2683.692
47.4836,8.317035,35231.277,2683.8801
47.482742,8.31644,35200.254,2686.1782
47.477074,8.320306,35190.348,2686.2607
47.481453,8.316913,35083.574,2686.6057
47.474266,8.3164215,35208.64,2688.583
47.46959,8.316988,35208.758,2689.7522
47.47214,8.319899,35102.473,2690.3342
47.468964,8.317322,35150.938,2692.327
47.4629,8.320723,35251.562,2691.6929
47.470318,8.310388,34852.52,2690.0732
47.462116,8.315437,35263.11,2696.3408
47.45813,8.316077,35152.875,2694.2014
47.457104,8.319799,35095.227,2694.8
47.457726,8.320693,35013.24,2696.5361
47.450455,8.322556,35138.89,2699.0037
47.450516,8.3214,35165.36,2696.044
47.449898,8.31548,35095.97,2699.9197
47.448345,8.315071,35076.99,2699.5125
47.442722,8.319265,35117.766,2700.6707
47.441593,8.319045,35170.535,2703.0828
47.443386,8.316197,34957.527,2700.832
47.43768,8.320227,35181.17,2703.9158
47.436176,8.319245,35166.473,2704.5212
47.436935,8.318194,35009.46,2705.9355
47.431374,8.319629,35104.883,2705.4053
47.431892,8.318544,35090.062,2708.054
47.42958,8.318974,35140.145,2706.9297
47.429432,8.319054,34975.586,2708.6555
47.423386,8.319788,35120.54,2709.383
47.421383,8.320602,35104.75,2709.8367
47.419476,8.319863,35091.746,2711.6145
47.41948,8.319127,35042.184,2711.6392
47.41738,8.321616,35046.06,2713.0566
47.41235,8.320321,35081.027,2713.871
47.412132,8.320453,35008.695,2714.6643
47.40985,8.317589,34980.875,2716.128
47.40729,8.321241,35092.316,2716.387
47.40531,8.319424,35088.016,2717.836
47.40499,8.31811,34889.6,2717.7532
47.40092,8.323423,35064.117,2718.9165
47.39995,8.320331,35032.18,2719.8926
47.39748,8.321074,35066.023,2720.6733
47.395878,8.320966,34975.32,2721.3623
47.394505,8.319778,34943.17,2722.1606
47.391296,8.322712,35048.418,2723.9106
47.38826,8.320695,35021.66,2724.1638
47.387356,8.321066,35010.95,2725.3398
47.384544,8.321481,34967.99,2725.9268
47.383575,8.320766,34937.105,2726.7153
47.38241,8.321207,34962.797,2727.6802
47.378372,8.322562,34995.395,2728.519
47.37637,8.324521,34988.24,2729.582
47.37585,8.32286,35001.133,2729.823
47.372997,8.3235,34976.613,2731.474
47.3737,8.318508,34865.402,2730.3958
47.36874,8.3243065,34946.867,2732.6523
47.365257,8.321117,34989.406,2733.867
47.366043,8.320311,34854.67,2734.603
47.362144,8.320438,34923.004,2735.2244
47.36073,8.323465,34884.977,2736.1565
47.357735,8.322716,34871.43,2737.2725
47.358032,8.321113,34897.996,2738.0679
47.35347,8.324917,34955.273,2739.7522
47.35331,8.321921,34677.445,2737.7969
47.346985,8.327314,34989.195,2741.732
47.34896,8.323857,34914.562,2741.696
47.347233,8.317494,34639.418,2741.3665
47.343403,8.325344,34933.492,2742.9363
47.339825,8.324844,34899.55,2744.301
47.345707,8.323351,34688.72,2744.273
47.3403,8.322696,34867.76,2745.3892
47.335438,8.321464,34920.137,2746.304
47.335423,8.321647,34875.047,2747.7332
47.32987,8.327757,34865.87,2748.5415
47.331543,8.326692,34864.492,2749.4639
47.329823,8.324761,34816.62,2750.5732
47.325527,8.325601,34805.87,2750.771
47.324337,8.325624,34794.21,2751.8425
47.3194,8.325973,34804.027,2752.0857
47.3222,8.328907,34766.168,2754.5632
47.316216,8.327808,34822.51,2754.7603
47.318626,8.326722,34666.55,2755.693
47.314396,8.327378,34796.926,2756.7437
47.31134,8.32657,34640.906,2757.2349
47.310654,8.326648,34767.41,2758.3665
47.31038,8.325601,34698.855,2757.7234
47.30816,8.323568,34662.42,2760.795
47.300316,8.323939,34722.53,2760.211
47.30143,8.328084,34762.46,2762.027
47.299767,8.325646,34656.99,2762.4883
47.296745,8.329616,34696.566,2763.6873
47.294136,8.32991,34681.19,2764.139
47.295425,8.328299,34690.676,2765.2495
47.293877,8.327104,34580.047,2766.2107
47.289124,8.327534,34625.996,2766.79
47.289223,8.32687,34664.426,2767.5984
47.28814,8.328841,34640.207,2768.407
47.28291,8.331041,34614.477,2769.5388
47.282093,8.33023,34648.562,2770.4663
47.282326,8.333508,34579.84,2770.8303
47.282852,8.326268,34454.406,2770.9695
47.272263,8.330169,34761.027,2773.291
47.275517,8.326752,34351.617,2774.076
47.269375,8.332497,34634.207,2774.6296
47.27013,8.333155,34587.062,2774.6858
47.266285,8.330827,34565.51,2775.6074
47.264664,8.333763,34564.902,2777.8523
47.262627,8.332082,34542.438,2777.9875
47.26163,8.333296,34512.582,2778.613
47.25944,8.333265,34493.316,2779.574
47.258297,8.334008,34498.996,2781.1108
47.25532,8.333304,34465.16,2781.667
47.25342,8.335117,34495.934,2781.8909
47.25179,8.335512,34462.21,2782.8884
47.249287,8.331599,34403.29,2785.2297
47.24537,8.333553,34464.29,2785.3853
47.245728,8.333989,34446.15,2786.7354
47.242237,8.334634,34422.004,2786.7148
47.239594,8.332544,34435.246,2787.5063
47.239002,8.333982,34375.312,2788.8433
47.235413,8.337384,34403.582,2788.9758
47.236565,8.333398,34386.355,2789.6672
47.232513,8.334042,34391.69,2791.038
47.23071,8.335072,34317.5,2791.9822
47.22926,8.338357,34352.06,2792.9133
47.22579,8.336999,34396.156,2793.814
47.224163,8.337856,34361.52,2794.5024
47.22122,8.340628,34340.285,2795.7803
47.220768,8.341154,34284.754,2795.5073
47.21791,8.335336,34318.41,2797.0686
47.217037,8.337047,34302.39,2797.9482
47.21427,8.339098,34297.22,2799.9324
47.212204,8.338637,34305.215,2799.6787
47.20955,8.341528,34320.47,2798.9531
47.20971,8.336394,34183.023,2801.0764
47.206886,8.341078,34220.586,2803.9382
47.20352,8.340728,34269.508,2803.5583
47.20256,8.334626,34264.805,2804.5525
47.197292,8.340613,34258.477,2804.9092
47.19999,8.337179,34025.457,2805.094
47.197865,8.342602,34348.582,2806.6294
47.195415,8.334404,34069.688,2807.8787
47.19004,8.339384,34282.414,2808.2825
47.193348,8.339905,34225.617,2808.1929
47.187626,8.337764,34223.215,2810.9856
47.186123,8.343679,34118.812,2810.4617
47.184917,8.342423,34217.344,2811.7266
47.18427,8.34224,34131.855,2813.9849
47.1785,8.344526,34108.195,2813.0017
47.179085,8.338712,34188.797,2814.636
47.17613,8.34159,34091.934,2816.4077
47.168785,8.340567,34124.73,2817.8025
47.170914,8.345416,34081.867,2815.908
47.169205,8.342771,34144.047,2819.1055
47.164757,8.343397,34095.27,2818.562
47.163525,8.348363,34104.55,2820.3901
47.165367,8.345132,34010.6,2820.844
47.162815,8.346005,34118.152,2821.5005
47.163136,8.341501,33940.867,2823.6475
47.158478,8.342043,34067.99,2821.4949
47.158726,8.341194,34041.887,2825.5928
47.155502,8.34838,34013.75,2824.441
47.14998,8.34763,34071.63,2828.3503
47.151413,8.346904,33958.97,2825.5518
47.15259,8.343184,33863.875,2827.2812
47.14501,8.345845,34065.34,2831.1272
47.141724,8.346813,34013.754,2828.5293
47.14308,8.346711,33901.043,2830.8994
47.13952,8.350131,33956.633,2831.3625
47.13549,8.347464,33936.63,2832.1938
47.133007,8.349233,33965.12,2832.5457
47.133453,8.347236,33992.02,2834.3042
47.133247,8.343833,33663.496,2834.8848
47.12956,8.34828,33966.176,2835.515
47.128487,8.350661,33926.86,2837.1484
47.12543,8.348861,33901.246,2838.102
47.124874,8.349993,33872.684,2838.1553
47.12132,8.350994,33841.027,2838.8813
47.120083,8.350677,33866.062,2840.751
47.117218,8.348869,33808.668,2842.105
47.113945,8.351301,33829.312,2842.606
47.11167,8.353163,33824.266,2842.94
47.112217,8.350649,33835.633,2843.97
47.109528,8.351956,33826.332,2844.8052
47.108383,8.353966,33829.45,2846.0957
47.109913,8.348888,33760.914,2845.5522
47.103825,8.353328,33744.77,2847.4841
47.101116,8.354233,33698.39,2847.5654
47.100452,8.353227,33839.867,2849.5044
47.099907,8.34528,33369.97,2849.5828
47.092583,8.352221,33786.375,2851.6624
47.09238,8.357837,33710.906,2852.9333
47.09275,8.353581,33695.668,2852.1772
47.08763,8.354356,33729.99,2853.9973
47.086037,8.353753,33630.582,2854.573
47.084354,8.356608,33598.87,2853.5383
47.08454,8.35618,33612.49,2857.5015
47.080944,8.354422,33702.77,2857.7437
47.077812,8.354205,33579.125,2858.1482
47.07835,8.355369,33717.965,2858.5886
47.075695,8.351539,33615.484,2860.257
47.07522,8.356727,33409.28,2860.772
47.071175,8.359879,33750.492,2860.6042
47.071156,8.357283,33603.63,2863.043
47.065903,8.352882,33592.336,2862.2837
47.064648,8.35761,33586.594,2864.9778
47.061962,8.360246,33620.5,2864.4082
47.060753,8.357938,33457.16,2866.8916
47.0572,8.362076,33547.703,2866.7
47.05642,8.358057,33524.707,2868.0403
47.055744,8.359346,33596.12,2868.131
47.055283,8.350588,33115.12,2869.749
47.050232,8.362264,33645.336,2870.992
47.047207,8.361996,33509.18,2871.2922
47.044952,8.360574,33496.406,2872.271
47.04656,8.356608,33462.04,2872.2173
47.041916,8.3573885,33379.465,2876.0774
47.04244,8.360667,33442.074,2873.6006
47.039032,8.359352,33402.77,2875.8596
47.035404,8.360857,33405.64,2876.833
47.033787,8.360239,33483.99,2877.601
47.033035,8.355451,33210.68,2877.8623
47.03123,8.361815,33450.426,2879.258
47.02694,8.363054,33420.527,2880.847
47.024586,8.364092,33375.215,2881.607
47.0237,8.360547,33356.758,2882.8599
47.020893,8.362517,33339.9,2883.5745
47.01972,8.36216,33342.46,2884.0552
47.01831,8.361702,33298.645,2884.7349
47.01572,8.358191,33191.434,2885.1777
47.012127,8.364661,33328.625,2886.329
47.01333,8.363696,33292.645,2887.7356
47.00957,8.361831,33304.56,2888.0647
47.009964,8.361407,33114.22,2889.3489
47.006348,8.364685,33289.69,2890.1301
47.003662,8.365258,33363.668,2890.7666
47.00288,8.357722,32862.91,2890.9714
46.99783,8.364871,33297.24,2892.7214
46.99562,8.365608,33166.18,2894.1716
46.994324,8.363672,33153.953,2893.3652
46.991547,8.36472,33151.812,2895.8083
46.99059,8.363811,33156.9,2895.6692
46.989914,8.365887,33150.414,2897.0552
46.98627,8.367627,33150.76,2897.2554
46.98731,8.364953,32961.684,2899.2126
46.980213,8.365404,33176.082,2900.0076
46.981647,8.365895,33126.605,2899.6882
46.978184,8.36923,33157.695,2902.1118
46.975555,8.367158,33147.04,2902.0144
46.975517,8.362508,32891.32,2903.4595
46.971767,8.369321,33156.05,2905.2673
46.970387,8.3690605,33051.79,2904.3794
46.96721,8.36865,33049.76,2906.033
46.965046,8.369058,33024.332,2907.0276
46.963978,8.369769,33016.434,2908.0698
46.96139,8.368174,33008.42,2908.687
46.95944,8.3695755,32966.566,2909.641
46.956894,8.366129,33018.598,2911.5256
46.95598,8.371302,33046.57,2912.2644
46.955727,8.365605,32826.293,2913.0273
46.95046,8.369092,33069.758,2913.2927
46.946632,8.371119,33074.48,2914.2346
46.948788,8.363938,32427.348,2913.78
46.943558,8.375531,33087.79,2916.2092
46.943752,8.374574,32767.66,2916.5193
46.938778,8.371657,32893.996,2918.3586
46.93995,8.3681345,32836.574,2919.01
46.93537,8.370993,32761.271,2920.179
46.93357,8.37485,32820.227,2919.0322
46.933014,8.371241,32653.781,2920.2861
46.932114,8.370457,32812.79,2920.7983
46.93274,8.363761,32578.2,2922.6055
46.925423,8.363994,32890.78,2922.7249
46.92536,8.370141,32756.93,2924.239
46.917946,8.376949,32827.527,2926.89
46.92035,8.374123,32856.69,2925.642
46.919586,8.373609,32807.945,2927.388
46.917023,8.375974,32823.984,2927.8506
46.915306,8.374539,32642.785,2929.1016
46.911373,8.379211,32789.406,2929.8933
46.912727,8.375277,32742.947,2931.1912
46.907562,8.375443,32710.5,2933.3438
46.905407,8.377051,32755.299,2933.1865
46.903553,8.37531,32679.924,2933.3467
46.90441,8.372544,32302.754,2934.524
46.897602,8.376297,32853.062,2936.0342
46.898987,8.375821,32443.564,2935.977
46.895164,8.375349,32679.707,2936.4622
46.890976,8.376225,32719.94,2938.0652
46.88882,8.380196,32787.77,2938.9197
46.89303,8.370947,32137.713,2938.5007
46.88744,8.380365,32660.287,2940.9067
46.88387,8.37731,32535.307,2941.1538
46.884552,8.381934,32508.543,2944.538
46.87863,8.376215,32501.205,2943.1274
46.87765,8.379199,32539.781,2943.6301
46.879597,8.378106,32164.885,2943.5454
46.87254,8.380664,32688.955,2944.2153
46.872032,8.376682,32286.9,2946.0894
46.870266,8.377903,32361.55,2948.1099
46.86764,8.381499,32467.83,2948.0454
46.865578,8.380839,32427.244,2949.8308
46.864094,8.38106,32471.604,2949.68
46.86295,8.380513,32137.727,2952.0654
46.85689,8.379037,32452.654,2951.8901
46.85758,8.3820095,32362.63,2954.094
46.856018,8.381464,32162.36,2954.2217
46.8558,8.382511,32422.674,2955.5227
46.847656,8.379953,32277.248,2956.0703
46.84787,8.3867235,32286.094,2955.574
46.847523,8.382322,32322.04,2957.354
46.85025,8.377502,31644.592,2958.337
46.843994,8.3860445,32286.96,2959.8806
46.83902,8.383438,32173.31,2957.848
46.834896,8.381726,32118.26,2960.7358
46.835453,8.384657,32135.625,2960.97
46.83538,8.383611,32095.756,2963.2046
46.82944,8.3814535,32094.332,2964.5393
46.827347,8.384808,32192.373,2965.4106
46.830864,8.382204,31720.67,2965.027
46.823296,8.380641,32182.477,2965.5522
46.823418,8.38837,32043.555,2967.7893
46.822273,8.3845,31988.545,2967.145
46.819637,8.384669,31989.703,2968.0476
46.816517,8.384268,31943.166,2969.4429
46.81523,8.384168,31881.037,2969.253
46.814007,8.38713,31820.201,2972.5115
46.81165,8.387133,31865.67,2972.0376
46.811245,8.380913,32031.432,2970.5657
46.813896,8.375175,31180.766,2973.6016
46.801937,8.394403,32036.768,2973.4941
46.805775,8.387273,31689.69,2975.1023
46.798935,8.387586,31817.225,2976.4023
46.797832,8.38708,31802.98,2977.0469
46.79496,8.392694,31624.354,2979.521
46.790375,8.386436,31783.896,2979.15
46.792847,8.395982,31648.285,2981.7488
46.788723,8.388687,31628.752,2979.6912
46.786137,8.38613,31764.61,2983.2078
46.785366,8.387334,31405.197,2984.065
46.780964,8.389719,31507.346,2984.4019
46.78076,8.390031,31486.049,2985.1963
46.783524,8.386276,31434.32,2984.3127
46.7788,8.389416,31370.998,2987.4836
46.771606,8.387709,31704.346,2988.7612
46.77856,8.38574,30826.783,2986.5332
46.76283,8.393488,31543.002,2986.476
46.768078,8.39248,31400.758,2989.151
46.76653,8.392592,31304.578,2988.853
46.76354,8.393489,31360.654,2991.432
46.760277,8.396075,31409.854,2991.5996
46.755962,8.392586,31236.645,2992.1233
46.758537,8.389635,30917.447,2992.3787
46.7519,8.396087,31235.623,2996.7546
46.755703,8.393499,31229.29,2995.755
46.749153,8.391123,31224.773,2996.241
46.752655,8.390247,30839.621,2995.1362
46.74793,8.391513,31102.59,2997.5188
46.747524,8.389742,31095.701,2997.328
46.74298,8.393394,31089.324,2999.5986
46.743305,8.396484,30760.805,2999.0977
46.739815,8.395165,31010.752,3000.949
46.739613,8.393735,31001.879,3001.7598
46.735157,8.39433,30908.328,3003.4146
46.73351,8.396444,30902.42,3002.8496
46.73146,8.397361,30942.955,3003.123
46.73021,8.395924,30487.264,3008.1882
46.725574,8.396605,31047.482,3005.47
46.73616,8.3959465,30386.98,3003.2441
46.7242,8.394404,30862.297,3008.5764
46.71735,8.402319,31036.082,3008.3257
46.725025,8.392049,30155.764,3008.6892
46.71706,8.402555,30926.742,3009.229
46.71418,8.397915,30511.184,3010.1023
46.71635,8.40051,30656.625,3010.4407
46.70902,8.402749,30565.855,3012.1296
46.704983,8.3948,30437.164,3013.8123
46.707302,8.401566,30438.062,3013.95
46.70408,8.400224,30371.67,3014.0085
46.701084,8.40309,30568.922,3015.9758
46.706097,8.40103,30191.033,3016.0657
46.70584,8.399138,29870.826,3017.0398
46.695377,8.403953,30535.717,3017.5908
46.694767,8.402665,30288.225,3019.012
46.692825,8.401064,30199.309,3019.927
46.689354,8.399975,30188.729,3020.4084
46.689674,8.403573,30198.84,3021.8086
46.68567,8.404246,30070.95,3021.731
46.683834,8.406989,30122.412,3025.1753
46.680878,8.40528,30072.14,3023.4001
46.68154,8.406045,30025.99,3024.4324
46.678204,8.408236,30110.342,3026.7878
46.680595,8.404421,29726.123,3024.952
46.673733,8.411136,30093.096,3027.48
46.674053,8.405499,29905.688,3026.9734
46.67456,8.405194,29537.908,3028.2595
46.666855,8.409317,30042.756,3028.7556
46.665993,8.406245,29902.771,3030.432
46.66756,8.4053135,29593.701,3033.8118
46.665108,8.407581,29597.396,3032.5498
46.657345,8.417351,29864.158,3036.3677
46.65744,8.415943,29692.477,3032.4636
46.65915,8.40734,29461.61,3036.4282
46.651917,8.412404,29893.223,3035.4932
46.659172,8.40582,28883.62,3038.14
46.64897,8.412852,29680.291,3038.318
46.648735,8.412951,29477.904,3037.0215
46.648304,8.411968,29384.828,3039.2883
46.645584,8.411592,29332.895,3039.3281
46.644104,8.410736,29321.168,3043.3193
46.641457,8.411049,29323.096,3040.1465
46.639565,8.41348,29321.656,3041.2466
46.639484,8.412018,29112.08,3044.1736
46.63559,8.414839,29238.586,3044.1294
46.633,8.414369,29138.88,3045.459
46.63196,8.41611,29117.38,3045.4148
46.6309,8.418324,29133.79,3047.3208
46.62618,8.418153,29053.105,3046.8855
46.626293,8.416464,29008.467,3048.681
46.62517,8.416267,28857.002,3050.7063
46.620842,8.417433,28869.842,3048.762
46.62071,8.417777,28861.209,3050.8728
46.618618,8.416601,28835.34,3050.878
46.61584,8.417611,28778.662,3053.2864
46.61419,8.419763,28741.967,3055.253
46.613564,8.419664,28749.023,3053.9402
46.611454,8.41757,28670.164,3055.605
46.610416,8.418379,28435.934,3056.478
46.605373,8.420402,28649.936,3056.541
46.60304,8.420747,28529.533,3057.2383
46.601643,8.421354,28518.068,3058.5786
46.600925,8.422372,28529.285,3060.057
46.599514,8.423511,28535.744,3060.0571
46.595695,8.424497,28630.066,3060.732
46.601997,8.418565,27995.828,3062.339
46.59327,8.424407,28489.283,3063.9873
46.591908,8.423149,28400.58,3063.389
46.59234,8.423961,28159.986,3065.6987
46.59148,8.421536,27987.883,3066.723
46.585995,8.425969,28289.217,3065.5576
46.582348,8.426013,28124.305,3067.8113
46.581284,8.427372,28089.127,3068.6958
46.57957,8.427572,28037.654,3070.14
46.578724,8.428631,28004.43,3071.1326
46.57768,8.427297,27937.49,3071.7107
46.575203,8.428793,27923.354,3071.575
46.57381,8.428762,27901.752,3073.6284
46.57047,8.430154,27859.076,3072.9717
46.569523,8.428708,27841.012,3073.28
46.568226,8.431008,27788.838,3074.967
46.565838,8.429283,27722.895,3075.5728
46.564533,8.431134,27648.1,3077.4514
46.563683,8.427889,27626.096,3078.5034
46.56037,8.429858,27631.371,3078.7932
46.557354,8.433443,27552.488,3079.608
46.557484,8.43215,27550.508,3081.5312
46.55487,8.435654,27526.195,3079.4595
46.55302,8.434052,27520.262,3082.3625
46.551517,8.434168,27474.031,3084.8875
46.555294,8.429102,27173.803,3083.5642
46.54821,8.43781,27310.326,3084.2715
46.54687,8.440358,27263.844,3085.1702
46.548405,8.433612,27254.797,3086.3875
46.540478,8.431485,27166.754,3088.1997
46.540333,8.435433,27197.074,3088.907
46.539055,8.437837,27158.78,3089.3516
46.53752,8.437862,27060.676,3089.4197
46.53259,8.439293,27162.998,3091.7898
46.53608,8.438906,26906.771,3092.3982
46.53282,8.438813,27008.139,3091.892
46.528984,8.437301,26926.357,3094.61
46.528774,8.4411125,26926.875,3093.9263
46.529068,8.440896,26720.053,3095.6685
46.525726,8.440524,26856.566,3095.47
46.521503,8.441656,26850.082,3097.4915
46.525146,8.438396,26480.312,3098.4324
46.5204,8.441538,26758.037,3098.28
46.51645,8.44304,26816.205,3100.263
46.519787,8.43774,26176.03,3102.586
46.515774,8.444904,26684.111,3101.516
46.51426,8.443189,26580.576,3101.0952
46.512432,8.439253,26405.58,3102.6152
46.50852,8.443217,26460.48,3104.5889
46.508373,8.442871,26417.574,3104.4163
46.508465,8.443498,26244.64,3106.8457
46.505287,8.445013,26203.46,3108.578
46.502743,8.447838,26311.953,3108.125
46.504265,8.44306,26014.826,3108.8093
46.497917,8.447696,26302.475,3109.3936
46.495533,8.448381,26220.668,3110.942
46.49722,8.446443,26003.271,3112.283
46.493397,8.449128,26097.748,3111.914
46.490936,8.448602,26051.982,3113.3413
46.49088,8.448914,25963.123,3113.583
46.488964,8.450173,25947.99,3114.4646
46.486523,8.449638,25987.53,3115.2683
46.488567,8.447515,25765.57,3117.906
46.484013,8.45122,25918.012,3118.1243
46.48266,8.451186,25825.049,3118.2314
46.48036,8.451737,25740.621,3119.2888
46.477707,8.453823,25768.67,3120.1892
46.48013,8.446878,25467.104,3122.1843
46.476856,8.453525,25668.531,3122.5112
46.473793,8.456646,25606.865,3123.4485
46.4722,8.454127,25631.008,3123.461
46.47192,8.452111,25394.928,3126.0283
46.46861,8.454844,25557.885,3125.6616
46.467903,8.452108,25407.688,3127.2625
46.466667,8.453746,25337.254,3128.2756
46.465435,8.454825,25300.291,3129.6936
46.463696,8.4533825,25210.688,3129.779
46.458675,8.458553,25321.213,3130.9722
46.457996,8.456961,25278.98,3131.554
46.458755,8.456493,25067.78,3132.494
46.454254,8.455761,25182.338,3133.1936
46.452877,8.458091,25078.717,3135.5496
46.452766,8.458817,25084.492,3135.3997
46.45097,8.458972,24999.623,3134.6445
46.449825,8.459318,24982.986,3138.1133
46.446754,8.458292,24956.615,3138.467
46.443295,8.460017,24927.545,3140.9116
46.442673,8.46238,24786.285,3144.9897
46.441135,8.465575,24877.305,3138.86
46.440723,8.459081,24767.94,3144.036
46.438843,8.458466,24608.24,3143.7026
46.437164,8.458406,24697.049,3145.9854
46.43297,8.460007,24506.91,3146.7192
46.434933,8.465737,24673.803,3143.4976
46.434586,8.465546,24501.71,3146.7798
46.429142,8.456881,24554.955,3146.1204
46.427227,8.460852,24483.373,3148.5151
46.427303,8.463817,24373.104,3148.7512
46.42485,8.46621,24461.45,3149.8887
46.425255,8.463473,24340.87,3150.7266
46.422695,8.465513,24348.29,3151.5554
46.418644,8.467156,24279.186,3154.4011
46.41708,8.467283,24272.174,3154.0308
46.418297,8.46476,24109.047,3154.689
46.414104,8.468712,24250.457,3156.2837
46.413956,8.469173,24184.268,3156.8528
46.412487,8.467328,24103.736,3158.607
46.409107,8.46836,24018.596,3158.531
46.40918,8.46763,24001.754,3158.5413
46.405964,8.4687805,23968.168,3161.5889
46.404392,8.469139,23980.66,3162.1753
46.403557,8.466848,23813.479,3162.4075
46.40167,8.470538,23841.092,3164.0432
46.399796,8.469342,23753.916,3163.8362
46.39789,8.470619,23799.559,3165.1333
46.397,8.469114,23735.266,3167.3706
46.39378,8.471156,23638.17,3168.276
46.3929,8.47314,23673.879,3167.0562
46.39184,8.472806,23636.076,3169.1426
46.38885,8.471457,23588.703,3170.4255
46.388145,8.472812,23577.78,3170.886
46.38696,8.473731,23565.61,3171.8071
46.38478,8.473451,23565.332,3173.3357
46.382385,8.47359,23461.28,3172.5266
46.382072,8.475308,23435.639,3175.057
46.379467,8.4740715,23358.422,3175.5154
46.377235,8.47266,23289.941,3176.7444
46.376602,8.475391,23282.42,3178.01
46.375046,8.475792,23240.875,3177.6575
46.37271,8.473948,23202.982,3179.6062
46.371563,8.475932,23181.84,3179.5415
46.369663,8.476158,23163.266,3180.9512
46.3678,8.4766445,23082.92,3182.4429
46.366207,8.477154,23051.945,3182.1147
46.364643,8.477441,23010.744,3184.3613
46.36248,8.4773445,23008.22,3184.7039
46.361336,8.476726,22934.004,3185.462
46.359386,8.480263,22973.566,3186.7324
46.3569,8.477213,22932.447,3187.6582
46.355217,8.478549,22855.232,3187.824
46.353516,8.478293,22807.162,3189.2405
46.352863,8.478808,22772.87,3190.8123
46.35022,8.481009,22780.295,3189.5715
46.349625,8.479564,22739.084,3191.9443
46.348457,8.478911,22681.201,3193.9543
46.346207,8.478675,22624.545,3192.4023
46.344887,8.482088,22621.553,3195.2056
46.342346,8.483996,22622.1,3192.64
46.34275,8.481462,22505.252,3197.15
46.338882,8.481521,22548.19,3197.315
46.336723,8.480671,22483.258,3198.3403
46.335815,8.481945,22472.672,3199.8525
46.33494,8.478973,22314.666,3201.4512
46.332687,8.485166,22380.338,3201.406
46.33094,8.483658,22440.934,3201.4844
46.32941,8.482448,22398.14,3205.7112
46.327335,8.482118,22369.918,3202.741
46.324757,8.484243,22271.031,3206.1565
46.32526,8.48593,22253.414,3205.064
46.321625,8.485565,22246.893,3206.984
46.321842,8.487144,22246.418,3206.8376
46.318157,8.4846,22144.28,3208.2886
46.318798,8.483359,22052.275,3208.16
46.31569,8.4851465,22002.48,3211.7092
46.31352,8.487778,22027.646,3211.7932
46.31189,8.487268,22014.002,3211.9263
46.31054,8.488143,21988.717,3212.989
46.309464,8.486474,21968.264,3214.946
46.30735,8.487452,22019.992,3214.148
46.306145,8.485918,21874.867,3216.141
46.304123,8.488111,21837.068,3216.2942
46.30172,8.489808,21799.338,3216.874
46.300716,8.488713,21785.686,3217.7493
46.30107,8.48693,21756.604,3219.2769
46.296665,8.485636,21721.943,3220.2578
46.295242,8.489123,21817.496,3221.378
46.294823,8.489544,21759.295,3221.9988
46.292583,8.491263,21754.139,3222.7798
46.291203,8.489697,21715.441,3226.1804
46.290382,8.490212,21653.326,3224.2317
46.288967,8.488234,21552.254,3226.0254
46.28573,8.490769,21565.662,3227.1936
46.28527,8.492381,21522.941,3227.7458
46.282566,8.491162,21500.516,3229.2046
46.28106,8.492179,21437.148,3229.2034
46.279747,8.491685,21398.443,3230.6086
46.278477,8.49263,21422.47,3231.9275
46.276787,8.493683,21398.3,3232.207
46.275604,8.490313,21254.225,3232.1208
46.27322,8.494841,21334.375,3233.736
46.272427,8.493781,21299.062,3235.0154
46.27009,8.495059,21262.982,3236.043
46.26866,8.495339,21247.498,3236.9512
46.269714,8.491716,21075.191,3237.0044
46.265877,8.49689,21207.812,3237.1494
46.264225,8.495702,21184.098,3239.8157
46.26141,8.496711,21138.686,3240.0796
46.26062,8.494271,21063.049,3239.634
46.25843,8.497131,21093.262,3242.288
46.25839,8.496539,21052.023,3241.5164
46.255836,8.496659,20989.662,3243.3564
46.25492,8.497173,21002.795,3244.832
46.254005,8.496771,20982.283,3243.5747
46.25122,8.496263,20956.941,3244.7295
46.249126,8.499056,20956.02,3246.0396
46.24816,8.498133,20921.021,3248.1404
46.246956,8.497102,20884.756,3249.0146
46.245598,8.501394,20849.535,3249.8733
46.24358,8.499635,20796.494,3250.3845
46.241005,8.50095,20821.143,3251.2378
46.241035,8.500809,20746.133,3250.1958
46.237747,8.501229,20752.727,3254.6934
46.236515,8.504073,20767.033,3254.5098
46.236633,8.501592,20750.535,3254.233
46.23427,8.500224,20693.926,3253.9746
46.23368,8.499796,20658.305,3255.4724
46.23091,8.501012,20670.188,3255.87
46.229126,8.50235,20678.152,3257.9846
46.22729,8.508093,20589.398,3260.6433
46.228302,8.506192,20691.57,3257.6
46.225513,8.505255,20582.148,3261.0127
46.222874,8.503266,20509.066,3260.868
46.22101,8.505377,20516.178,3263.2349
46.2179,8.503816,20486.584,3262.3774
46.219788,8.50948,20486.3,3265.1345
46.216118,8.506118,20448.691,3265.5735
46.21627,8.507731,20456.41,3265.3428
46.214214,8.505434,20312.09,3266.93
46.211166,8.507079,20464.484,3268.2363
46.20941,8.509863,20443.63,3268.9094
46.208946,8.507548,20378.328,3268.1953
46.207706,8.507519,20340.41,3270.5908
46.204308,8.506815,20323.629,3271.2942
46.20423,8.507764,20313.447,3271.6196
46.20146,8.508442,20285.943,3272.008
46.20023,8.508776,20266.352,3274.2078
46.19901,8.508583,20249.066,3273.1704
46.198402,8.510155,20265.158,3275.0115
46.1958,8.509387,20220.025,3276.414
46.193993,8.508148,20201.748,3278.0266
46.193115,8.512328,20233.28,3277.5894
46.19142,8.511326,20162.822,3277.7742
46.189575,8.513975,20180.994,3280.022
46.18685,8.513196,20145.234,3279.8032
46.186684,8.513531,20120.477,3281.328
46.18369,8.513874,20105.38,3281.6243
46.184063,8.51295,20016.865,3282.7092
46.1814,8.514971,20074.21,3283.2588
46.17931,8.515117,20042.363,3285.0078
46.177788,8.515603,20059.475,3285.6182
46.176434,8.512705,19964.35,3285.9404
46.1753,8.516205,19984.857,3288.1108
46.173737,8.517593,19982.805,3288.3982
46.1721,8.516613,19966.947,3289.0288
46.170105,8.517311,19941.844,3289.9097
46.169235,8.51928,19942.635,3290.775
46.166447,8.518167,19867.354,3291.432
46.165604,8.516001,19809.822,3291.51
46.16458,8.519848,19885.982,3293.1377
46.16175,8.518926,19823.977,3293.5996
46.160706,8.520574,19819.85,3294.2515
46.15992,8.519033,19810.4,3295.4536
46.157623,8.521715,19818.994,3296.268
46.15641,8.520015,19737.979,3297.535
46.15468,8.524237,19780.545,3297.9797
46.152256,8.522557,19725.99,3298.6914
46.152103,8.523216,19721.318,3299.9414
46.14921,8.522629,19712.742,3299.9521
46.14863,8.52545,19680.834,3301.153
46.146236,8.524759,19664.777,3301.6765
46.14601,8.527737,19714.17,3302.763
46.14381,8.526444,19607.607,3304.1355
46.14221,8.522243,19614.504,3304.039
46.139862,8.526,19651.182,3307.5232
46.13928,8.529313,19562.441,3304.6294
46.13772,8.528197,19566.656,3308.7888
46.135647,8.529354,19528.844,3307.6372
46.13454,8.529281,19539.316,3308.8801
46.131382,8.530107,19537.824,3310.6726
46.13086,8.5302,19496.55,3311.23
46.128784,8.532574,19421.893,3311.0374
46.127537,8.531218,19421.77,3313.7686
46.125896,8.533378,19424.373,3312.3528
46.12402,8.533786,19488.854,3312.5632
46.122097,8.5324955,19496.365,3317.4753
46.12032,8.533641,19448.79,3316.2676
46.119884,8.53759,19443.076,3316.619
46.118027,8.535478,19330.246,3318.5796
46.115646,8.537012,19299.955,3321.1975
46.11576,8.536746,19259.967,3318.5786
46.113964,8.5355,19200.934,3320.6306
46.112682,8.537239,19192.93,3321.6987
46.109886,8.538777,19195.854,3323.4268
46.108482,8.539953,19195.287,3324.2117
46.107983,8.539822,19141.031,3323.7598
46.10593,8.541396,19162.629,3326.4734
46.105225,8.541319,19103.48,3326.9524
46.103394,8.542675,19091.51,3327.1655
46.1008,8.542885,19071.299,3329.0315
46.10094,8.542942,19013.754,3330.0002
46.09864,8.544246,19051.354,3328.8457
46.09772,8.544412,19036.213,3331.5847
46.095604,8.5446005,18944.893,3331.7507
46.093445,8.54508,18935.275,3332.3142
46.092354,8.546059,18885.195,3333.4717
46.09107,8.547015,18911.076,3335.1248
46.089558,8.547185,18842.717,3335.4944
46.088207,8.5481615,18826.506,3336.0117
46.086143,8.549698,18810.336,3337.751
46.0836,8.550341,18793.514,3339.075
46.082634,8.550413,18764.582,3338.9836
46.08147,8.552012,18739.777,3339.8096
46.079697,8.551866,18725.799,3341.2156
46.078396,8.552893,18699.832,3341.7917
46.07708,8.552077,18592.576,3342.3477
46.07494,8.554264,18652.643,3345.2966
46.07363,8.555548,18627.902,3344.2236
46.07241,8.555716,18623.213,3345.758
46.07055,8.555356,18581.895,3346.7573
46.06895,8.55548,18538.271,3347.1426
46.068054,8.560851,18557.729,3348.323
46.066433,8.556733,18449.494,3349.3997
46.064457,8.558498,18432.645,3351.5576
46.062626,8.559746,18420.082,3350.2827
46.060886,8.559653,18382.834,3350.6387
46.06054,8.562333,18394.541,3353.179
46.058674,8.5616045,18328.67,3353.7966
46.0575,8.562443,18317.387,3354.1255
46.055332,8.5629835,18336.533,3354.6387
46.053436,8.565085,18329.936,3356.514
46.05217,8.564892,18256.877,3357.388
46.051273,8.565045,18204.754,3358.6575
46.049038,8.566961,18190.498,3360.0024
46.047462,8.567472,18132.457,3360.6313
46.045227,8.569074,18139.24,3361.616
46.044476,8.567921,18116.797,3362.5457
46.042667,8.569096,18083.637,3363.9744
46.04091,8.571372,18053.398,3364.6838
46.03909,8.572593,18025.682,3365.803
46.037678,8.572377,18038.139,3366.5374
46.037197,8.571747,17997.393,3365.592
46.035793,8.572689,17951.574,3368.1277
46.033356,8.574747,17954.9,3368.886
46.031048,8.576448,17907.828,3370.7568
46.029663,8.575583,17827.848,3371.645
46.029606,8.578232,17782.85,3370.3054
46.02717,8.5775585,17746.684,3374.1746
46.026115,8.577499,17666.602,3373.0771
46.023285,8.579929,17636.373,3373.4863
46.02355,8.579776,17598.164,3375.6729
46.021694,8.580111,17606.752,3375.5762
46.020294,8.580497,17571.398,3377.7275
46.019676,8.579431,17562.764,3377.5554
46.01622,8.578551,17589.912,3378.283
46.01555,8.584177,17512.613,3380.3792
46.012825,8.585761,17520.307,3381.6802
46.013275,8.585391,17516.436,3380.4124
46.01111,8.584394,17445.158,3381.2395
46.008907,8.5872345,17393.523,3384.6921
46.007545,8.587638,17311.246,3383.9512
46.006382,8.587599,17295.97,3383.983
46.006023,8.587741,17234.955,3385.872
46.003323,8.589436,17229.105,3386.4727
46.0014,8.590596,17166.102,3387.0447
46.00059,8.590609,17146.764,3388.8262
45.998924,8.591493,17114.582,3389.5557
45.99746,8.592626,17101.217,3390.9841
45.996197,8.593456,17095.963,3391.515
45.99396,8.595487,17077.967,3391.6597
45.993008,8.5949955,17084.45,3393.8884
45.99089,8.595423,17021.72,3394.776
45.989788,8.596262,16954.375,3395.0066
45.988136,8.5968895,16875.734,3396.322
45.986298,8.5975275,16837.355,3397.043
45.984707,8.597887,16803.82,3398.2183
45.983265,8.598785,16811.824,3398.6978
45.981873,8.601122,16783.18,3399.7488
45.980125,8.601268,16823.818,3400.6948
45.97849,8.601275,16818.531,3400.481
45.977486,8.602397,16779.262,3403.3132
45.97654,8.602539,16744.057,3404.3484
45.97488,8.603725,16708.057,3403.6453
45.973335,8.604887,16636.684,3405.6875
45.97132,8.605803,16602.873,3407.1396
45.97161,8.605347,16584.012,3406.2407
45.968765,8.607763,16491.035,3409.2986
45.9672,8.607473,16413.36,3409.0723
45.966244,8.608235,16363.521,3410.6223
45.96525,8.60902,16326.413,3411.9993
45.962948,8.609722,16301.977,3412.1106
45.961407,8.609712,16333.213,3412.1545
45.959366,8.611464,16343.295,3412.9968
45.95849,8.612482,16330.332,3414.686
45.957104,8.613214,16307.367,3415.247
45.95531,8.614973,16248.171,3416.3633
45.95354,8.614725,16174.236,3417.0762
45.95199,8.615999,16111.53,3418.3816
45.950214,8.616506,16086.25,3419.236
45.947895,8.617659,16067.65,3419.599
45.947437,8.618365,16049.843,3421.034
45.946274,8.619093,16016.023,3420.791
45.94407,8.620597,15971.245,3424.1506
45.942886,8.620646,15917.996,3424.3958
45.941914,8.621825,15866.179,3425.5962
45.93982,8.622479,15847.416,3425.662
45.938282,8.622975,15813.657,3426.8643
45.936733,8.624756,15751.618,3426.582
45.936085,8.626022,15724.974,3428.5286
45.93486,8.62611,15722.637,3428.711
45.93231,8.625995,15687.55,3429.815
45.931362,8.627038,15673.404,3431.8193
45.92991,8.62892,15628.203,3431.7158
45.92821,8.630579,15613.26,3431.8687
45.926285,8.631745,15598.16,3431.105
45.926346,8.630962,15588.143,3434.7083
45.923637,8.63137,15526.541,3434.1655
45.92039,8.634828,15442.782,3437.7483
45.92053,8.6390085,15372.211,3438.128
45.91889,8.637039,15352.409,3435.511
45.918327,8.635772,15359.387,3439.8792
45.915054,8.637445,15268.146,3439.3923
45.9145,8.63862,15275.579,3440.0134
45.913273,8.63971,15290.693,3441.4558
45.91266,8.640627,15205.956,3441.8694
45.911865,8.640992,15171.872,3442.8433
45.909492,8.641339,15132.868,3443.6704
45.908646,8.641908,15161.1045,3443.4658
45.907066,8.643996,15100.008,3444.3066
45.905647,8.645101,15014.368,3446.6558
45.903957,8.646281,14999.175,3446.8943
45.902752,8.646929,14989.272,3448.6814
45.90085,8.6481285,14981.589,3449.0818
45.899025,8.649052,14899.23,3450.438
45.89849,8.649885,14892.132,3450.0183
45.896698,8.65161,14797.755,3450.8347
45.89515,8.652616,14790.46,3452.0315
45.893425,8.653121,14800.224,3452.4631
45.89241,8.653349,14790.384,3454.3447
45.890926,8.654923,14765.059,3454.5032
45.889584,8.656008,14755.115,3455.7922
45.888016,8.657443,14673.254,3456.9082
45.88696,8.658074,14645.945,3457.4316
45.885593,8.659336,14566.616,3458.56
45.884293,8.659562,14513.293,3458.9167
45.8829,8.6609745,14512.46,3460.198
45.881187,8.662357,14486.206,3461.3162
45.87962,8.6645775,14456.236,3462.23
45.878544,8.664806,14445.087,3462.601
45.87737,8.666135,14342.088,3463.4287
45.875896,8.666663,14295.318,3464.034
45.874844,8.667722,14265.031,3464.978
45.87383,8.668611,14228.938,3466.1565
45.872257,8.669525,14217.729,3467.3755
45.87085,8.670602,14231.73,3467.974
45.8692,8.671988,14193.814,3468.698
45.868065,8.672939,14211.64,3469.3816
45.867035,8.673527,14173.94,3470.3015
45.865463,8.675251,14087.223,3471.2158
45.864075,8.676629,14036.832,3472.858
45.86249,8.67794,14047.712,3473.0186
45.861217,8.678283,13981.369,3474.6462
45.860374,8.679164,13911.983,3475.2021
45.858917,8.680999,13883.7705,3476.6494
45.857174,8.682796,13849.594,3478.1418
45.856342,8.68225,13845.782,3477.7114
45.854942,8.683765,13784.21,3478.6172
45.85381,8.685246,13747.291,3480.4092
45.85266,8.685618,13690.546,3480.266
45.850594,8.686884,13665.384,3480.8726
45.849747,8.688813,13621.22,3481.4202
45.848576,8.689521,13596.409,3482.695
45.847534,8.690058,13557.93,3483.6558
45.846504,8.691311,13532.294,3484.3828
45.844894,8.69338,13497.67,3485.9626
45.84266,8.693199,13497.088,3486.31
45.841873,8.694943,13463.042,3488.0925
45.840763,8.696409,13426.92,3487.1245
45.83931,8.6960535,13410.221,3490.851
45.83771,8.696595,13363.158,3489.2546
45.83702,8.700282,13316.292,3490.4243
45.835957,8.700267,13296.757,3491.221
45.834244,8.700017,13259.485,3492.519
45.83251,8.701846,13244.818,3492.411
45.831898,8.70316,13196.582,3493.1055
45.830738,8.704846,13171.71,3494.8145
45.828957,8.705505,13155.988,3494.4119
45.82737,8.706955,13102.461,3496.9006
45.826237,8.707137,13084.845,3497.4456
45.82504,8.709097,13041.587,3499.294
45.823925,8.709275,13018.236,3499.1763
45.822506,8.710547,13017.134,3499.4038
45.821476,8.7112665,13005.825,3500.2764
45.819973,8.712712,13003.163,3502.1174
45.818195,8.715185,12946.141,3501.8147
45.817516,8.7140875,12934.986,3503.5461
45.8168,8.715563,12872.78,3504.6875
45.814194,8.716931,12808.094,3504.983
45.81318,8.718198,12787.543,3506.6833
45.812416,8.719296,12798.733,3506.119
45.811523,8.720538,12787.581,3508.3933
45.80936,8.721243,12730.736,3508.1433
45.808514,8.721492,12721.811,3508.7473
45.807266,8.723402,12661.009,3510.657
45.80583,8.723856,12644.892,3511.6895
45.80384,8.725063,12643.968,3511.4226
45.80312,8.726159,12601.452,3512.006
45.80232,8.727214,12565.826,3514.0896
45.80074,8.727197,12576.701,3513.2793
45.799175,8.729584,12549.394,3515.489
45.797993,8.729587,12536.455,3515.705
45.7966,8.73164,12462.806,3516.992
45.795303,8.731877,12441.552,3517.881
45.794056,8.733337,12407.936,3518.8257
45.792923,8.734282,12386.766,3519.6157
45.790936,8.735304,12335.923,3520.9458
45.790016,8.736273,12364.183,3521.6697
45.78883,8.737009,12284.608,3522.5674
45.788155,8.738621,12403.146,3523.507
45.78667,8.738925,12249.392,3525.117
45.784885,8.739654,12303.079,3524.5886
45.78372,8.740763,12227.392,3525.2197
45.782215,8.7416115,12214.011,3526.7356
45.780773,8.743083,12172.393,3527.6794
45.77969,8.743975,12126.22,3528.6548
45.778076,8.744507,12095.569,3529.1826
45.77692,8.745903,12057.026,3530.045
45.77611,8.7466345,12036.684,3530.646
45.77484,8.747262,11989.169,3531.366
45.7727,8.748242,11981.497,3532.2332
45.77116,8.749438,12005.475,3532.7954
45.77065,8.750718,11935.043,3534.2437
45.769245,8.75071,11972.648,3534.9082
45.76823,8.751721,11904.585,3535.6807
45.766426,8.753469,11906.198,3537.9053
45.765186,8.754175,11831.2705,3538.416
45.764225,8.75506,11842.25,3537.7927
45.76293,8.755496,11831.635,3538.814
45.762188,8.756278,11809.707,3538.5828
45.75979,8.756702,11749.699,3541.109
45.75851,8.758323,11707.687,3541.4858
45.75703,8.759923,11650.79,3543.9
45.756615,8.759905,11745.373,3543.6487
45.75484,8.761368,11651.288,3544.332
45.753353,8.762654,11622.894,3546.4163
45.751648,8.76266,11625.347,3546.3447
45.749912,8.765171,11602.479,3547.5232
45.749336,8.766513,11545.849,3547.8586
45.748676,8.765396,11506.336,3549.3574
45.747517,8.7654705,11492.355,3548.3076
45.74499,8.767062,11426.7705,3550.0989
45.744034,8.768024,11441.126,3551.022
45.742893,8.768959,11412.165,3551.1733
45.742397,8.76914,11343.5205,3552.8438
45.740967,8.770031,11324.429,3553.8984
45.73872,8.771034,11378.863,3554.9734
45.738304,8.772187,11343.315,3555.171
45.737,8.772581,11323.083,3556.1187
45.73558,8.7740345,11309.355,3557.4548
45.733643,8.7746725,11325.441,3557.951
45.73279,8.775355,11270.124,3558.6213
45.731243,8.775909,11249.619,3559.3518
45.729977,8.776839,11226.812,3560.8113
45.72875,8.777714,11188.616,3561.2534
45.72813,8.77885,11226.958,3561.7942
45.72589,8.779696,11119.548,3563.4763
45.724598,8.780351,11017.601,3564.137
45.72403,8.781371,11015.913,3564.5117
45.722008,8.782542,10988.577,3566.7097
45.720776,8.782249,10986.548,3566.8726
45.71929,8.783678,10913.568,3568.363
45.718513,8.784527,10903.036,3568.9355
45.717014,8.785206,10882.243,3570.0432
45.715496,8.786056,10914.919,3570.647
45.71479,8.786667,10899.795,3571.2002
45.71297,8.787709,10808.428,3572.8425
45.711933,8.788041,10804.742,3572.841
45.710903,8.789024,10767.59,3574.328
45.70993,8.789849,10723.338,3574.7402
45.708263,8.790705,10661.796,3576.079
45.707165,8.791737,10708.247,3576.9668
45.70593,8.792545,10677.774,3578.13
45.704414,8.793082,10663.272,3579.3604
45.70317,8.793656,10617.027,3579.9136
45.702015,8.794715,10566.841,3579.6655
45.700657,8.795321,10520.649,3581.4292
45.699097,8.796237,10524.314,3582.2988
45.698643,8.796878,10488.136,3582.5874
45.696625,8.797535,10469.767,3583.4468
45.695442,8.79882,10473.684,3585.3438
45.694576,8.799197,10490.037,3585.9707
45.693047,8.799933,10400.335,3587.5784
45.692688,8.799904,10367.799,3587.1697
45.690807,8.800521,10332.58,3587.7034
45.689922,8.802123,10314.69,3589.9795
45.68802,8.803397,10276.944,3591.3757
45.687325,8.804077,10264.127,3590.18
45.685616,8.803157,10272.732,3592.7737
45.68453,8.804597,10206.992,3593.1284
45.683914,8.8057,10208.944,3594.1733
45.681126,8.80634,10156.505,3595.4204
45.68117,8.80748,10196.924,3595.889
45.680317,8.807816,10156.178,3596.191
45.678555,8.808571,10153.154,3597.1165
45.677395,8.809428,10081.063,3599.1584
45.676224,8.809288,10040.339,3597.1738
45.675083,8.810523,9987.256,3601.3525
45.67348,8.812507,9974.107,3600.7195
45.67258,8.813008,9979.401,3600.7524
45.67112,8.813028,9956.199,3602.921
45.6699,8.81353,9893.083,3602.734
45.669163,8.8131895,9874.721,3603.1052
45.667572,8.814659,9885.601,3608.5093
45.665638,8.817781,9849.928,3606.6516
45.665836,8.817066,9870.172,3607.8657
45.664265,8.817415,9802.977,3609.3142
45.662655,8.81827,9744.935,3608.7825
45.66158,8.819117,9762.028,3611.307
45.66032,8.819364,9708.066,3610.6697
45.659214,8.819924,9705.158,3612.1797
45.657944,8.820778,9655.947,3614.4604
45.65691,8.821916,9599.407,3614.3308
45.6552,8.822171,9568.826,3615.3767
45.654198,8.822992,9571.818,3617.2268
45.652683,8.823819,9575.018,3617.1716
45.652275,8.824575,9554.456,3616.8125
45.64976,8.826572,9499.668,3620.8474
45.649834,8.825269,9512.618,3620.8225
45.648212,8.826543,9450.797,3619.8293
45.646755,8.827003,9389.229,3621.9866
45.64601,8.8275795,9355.572,3623.1362
45.644413,8.828217,9328.395,3624.6543
45.642944,8.828725,9340.136,3624.901
45.642338,8.829126,9328.397,3625.684
45.640823,8.829934,9300.016,3626.9644
45.639553,8.830831,9297.192,3626.5193
45.63855,8.831319,9274.737,3627.883
45.637253,8.832115,9231.027,3629.5178
45.63629,8.832978,9191.947,3630.0952
45.63516,8.833672,9163.731,3630.9224
45.63348,8.833749,9148.013,3632.3674
45.632347,8.834566,9108.028,3633.2798
45.631165,8.8353405,9130.899,3634.106
45.63039,8.835978,9074.324,3634.5806
45.629356,8.835663,9014.83,3636.1396
45.628017,8.836721,8976.126,3636.3706
45.62698,8.837329,8950.384,3638.0989
45.625813,8.838228,8959.337,3637.886
45.624508,8.838927,8946.838,3639.166
45.623474,8.839568,8918.566,3640.3574
45.622257,8.839824,8910.592,3639.7969
45.62159,8.84053,8886.998,3642.2559
45.620506,8.841005,8843.87,3641.5918
45.618805,8.840931,8784.212,3643.9507
45.61792,8.841581,8745.691,3644.093
45.617176,8.841581,8744.037,3646.676
45.61628,8.842761,8700.708,3646.5151
45.61438,8.843103,8668.8,3647.9507
45.61384,8.843018,8657.557,3648.301
45.612755,8.84328,8636.107,3647.405
45.611523,8.843443,8667.078,3651.931
45.61058,8.844893,8674.196,3650.0396
45.60933,8.845619,8664.9795,3651.4575
45.607735,8.845604,8596.03,3652.3074
45.607494,8.845988,8546.435,3652.9307
45.605938,8.846807,8497.8955,3655.7515
45.60396,8.847147,8452.986,3656.5547
45.604023,8.848313,8385.997,3657.1135
45.602848,8.848863,8329.23,3654.3125
45.60136,8.848354,8378.758,3658.698
45.600506,8.848539,8338.638,3657.7024
45.59888,8.849283,8280.815,3659.8472
45.59772,8.850086,8247.026,3661.517
45.597958,8.85052,8201.497,3659.6863
45.597336,8.851607,8169.8057,3661.9683
45.594833,8.849797,8207.14,3662.518
45.593864,8.851074,8130.795,3663.7922
45.59283,8.851443,8110.576,3665.42
45.590916,8.852011,8113.8896,3666.058
45.59101,8.8529005,8062.226,3665.9846
45.58925,8.852922,8081.095,3665.6345
45.58814,8.853506,8037.2354,3669.3696
45.587307,8.853992,8001.0303,3668.385
45.586403,8.854125,7928.7007,3669.2124
45.58538,8.85419,7914.4775,3671.5776
45.583576,8.85486,7901.7017,3671.5789
45.58346,8.854902,7891.218,3671.2546
45.581455,8.855834,7878.9,3673.9492
45.58095,8.856162,7791.979,3673.3403
45.579433,8.856083,7761.0933,3674.882
45.578907,8.856841,7755.109,3675.331
45.57744,8.856425,7683.6943,3678.0425
45.575966,8.856755,7641.6025,3677.7954
45.575073,8.857236,7590.2163,3678.6326
45.57396,8.857731,7562.738,3678.3318
45.572563,8.858017,7545.0996,3680.7651
45.57228,8.858593,7503.233,3679.9375
45.569733,8.858658,7549.268,3680.7195
45.570286,8.859198,7519.081,3682.7466
45.568554,8.859015,7505.13,3683.3665
45.567528,8.85952,7457.873,3683.5925
45.566635,8.860185,7439.864,3685.474
45.565105,8.85967,7366.912,3685.074
45.564034,8.860576,7365.996,3686.7944
45.56373,8.860838,7323.7466,3687.5737
45.562138,8.860963,7318.1963,3688.0205
45.561016,8.860997,7292.4688,3688.604
45.560413,8.861334,7256.0854,3689.7734
45.558884,8.861611,7247.848,3691.2249
45.55802,8.862357,7203.712,3692.6736
45.55676,8.862519,7157.9956,3693.5706
45.556244,8.862761,7087.519,3693.577
45.555264,8.863371,7128.0493,3694.5364
45.554043,8.863498,7102.179,3695.7114
45.552773,8.863868,7037.44,3695.6533
45.551563,8.864181,6997.5146,3697.3975
45.55032,8.864086,6961.5107,3698.2664
45.549274,8.864529,6963.4463,3699.3472
45.54881,8.865007,6906.5903,3700.065
45.54768,8.864639,6885.635,3701.5781
45.546066,8.864674,6839.2534,3702.3362
45.544678,8.8653145,6871.6094,3702.7283
45.54481,8.865764,6813.6343,3703.8447
45.54318,8.865149,6756.9087,3704.233
45.54225,8.865471,6695.123,3705.9246
45.541397,8.865796,6629.7495,3705.9656
45.540207,8.866572,6613.704,3708.11
45.53939,8.866921,6614.8154,3706.5422
45.537743,8.867387,6548.3755,3708.2742
45.537323,8.867345,6550.8223,3710.158
45.534912,8.867563,6487.0674,3710.3086
45.535275,8.867777,6445.069,3712.0996
45.53373,8.868402,6419.7324,3711.7988
45.532845,8.868019,6412.1196,3712.6074
45.53242,8.86821,6411.484,3713.045
45.530315,8.868471,6373.1147,3715.1553
45.5304,8.8684225,6350.8604,3714.8389
45.52812,8.869487,6273.763,3715.4697
45.52847,8.869776,6252.251,3716.5447
45.527782,8.868856,6225.73,3716.3604
45.525455,8.868504,6243.105,3718.567
45.525085,8.86961,6155.4683,3719.5962
45.52337,8.869777,6128.8994,3719.0095
45.522934,8.869931,6159.7676,3721.201
45.521534,8.870498,6071.715,3719.5918
45.520874,8.870343,6052.9106,3721.23
45.519535,8.870613,6079.3037,3722.3057
45.51859,8.871264,6015.25,3722.3728
45.51799,8.8709,5976.2637,3724.3594
45.516575,8.871521,5997.314,3724.76
45.51602,8.871465,5943.9795,3724.8792
45.514908,8.870817,5944.251,3725.232
45.51345,8.871414,5937.53,3727.5461
45.51316,8.871556,5860.8965,3728.5552
45.512123,8.871579,5794.17,3730.1033
45.510696,8.871902,5764.5107,3728.7236
45.510277,8.871498,5731.7256,3730.572
45.50867,8.871728,5697.8315,3731.8542
45.508476,8.8718815,5703.422,3731.2866
45.50726,8.871875,5689.1587,3733.1829
45.50601,8.871537,5665.776,3734.7166
45.50499,8.872064,5595.567,3735.996
45.504616,8.872635,5573.595,3735.723
45.503693,8.872047,5592.748,3735.4626
45.502148,8.872559,5549.1055,3737.2693
45.501663,8.872881,5542.4546,3738.0747
45.50042,8.872612,5505.4995,3739.9805
45.499645,8.87272,5461.6294,3739.8772
45.498978,8.872704,5413.166,3739.5674
45.49799,8.872688,5431.131,3742.196
45.49612,8.872575,5443.8506,3741.7566
45.495674,8.872796,5407.697,3742.9612
45.49501,8.872997,5352.215,3743.4563
45.494335,8.873084,5313.0312,3743.1953
45.493286,8.872944,5333.8877,3745.0945
45.49239,8.872851,5344.181,3746.271
45.491474,8.872658,5289.664,3747.6108
45.490448,8.872462,5246.5664,3747.9001
45.48951,8.872991,5234.6953,3748.675
45.48853,8.872199,5256.7983,3750.5752
45.487587,8.872554,5190.394,3750.3638
45.486897,8.872465,5122.7876,3751.1926
45.486423,8.872529,5085.9517,3751.8438
45.48545,8.872206,5042.364,3752.353
45.48495,8.871561,4967.119,3754.6099
45.483467,8.872021,4966.807,3754.3286
45.482903,8.872296,4948.9043,3756.8833
45.481995,8.871458,4941.5205,3756.7817
45.4813,8.871135,4959.4355,3757.555
45.480385,8.870935,4918.9473,3757.9055
45.479527,8.871594,4905.039,3761.715
45.478973,8.870461,4865.3203,3760.952
45.47812,8.870342,4814.119,3762.514
45.4771,8.869244,4782.1685,3760.8176
45.476814,8.869743,4836.904,3763.8914
45.475513,8.869597,4834.836,3765.0347
45.47457,8.869387,4864.3867,3765.1199
45.474464,8.868531,4842.4663,3767.1028
45.474102,8.867236,4772.133,3767.2498
45.472385,8.867259,4690.2905,3769.0757
45.472015,8.867506,4687.0015,3768.1978
45.47178,8.866487,4701.938,3770.439
45.470596,8.865572,4682.5015,3771.185
45.469727,8.865243,4665.4946,3772.408
45.469677,8.865208,4628.8447,3772.7158
45.46852,8.864626,4602.4736,3775.2065
45.468212,8.864134,4645.4263,3776.7268
45.467743,8.863228,4669.4194,3776.5522
45.467102,8.862719,4596.8438,3777.9905
45.46625,8.8621645,4510.7407,3778.522
45.465874,8.860945,4429.6987,3778.828
45.465588,8.860563,4384.042,3780.4575
45.464314,8.859814,4382.726,3781.6128
45.46403,8.858889,4393.2246,3783.3594
45.463722,8.858548,4397.235,3783.6282
45.46318,8.857515,4383.3735,3784.4026
45.46235,8.857178,4363.5117,3785.7424
45.46253,8.855999,4365.1465,3786.963
45.462067,8.855268,4320.023,3787.7087
45.461376,8.854645,4297.773,3789.4463
45.461113,8.85319,4285.3105,3791.3337
45.460487,8.852725,4252.103,3790.85
45.460194,8.851735,4194.0054,3791.8164
45.45947,8.85119,4196.807,3793.5286
45.458996,8.850086,4212.9014,3794.559
45.45887,8.849744,4259.9033,3794.6404
45.45867,8.848476,4274.35,3795.604
45.458134,8.847664,4247.7197,3796.3914
45.45781,8.846758,4189.8003,3796.5784
45.45745,8.845677,4210.0864,3797.8918
45.457504,8.844813,4203.3447,3799.6636
45.45701,8.843978,4173.6167,3800.1992
45.45692,8.843364,4147.616,3799.9595
45.4564,8.842304,4139.8667,3801.9526
45.45621,8.841402,4090.3572,3802.5732
45.455894,8.840158,4074.9915,3802.2412
45.45577,8.839307,4059.174,3804.2883
45.45562,8.83829,4000.2332,3804.191
45.45582,8.837337,3933.391,3806.295
45.45577,8.836336,3928.819,3806.632
45.455173,8.835333,3909.8057,3806.6729
45.455177,8.834034,3914.7668,3809.1743
45.45497,8.833501,3905.9644,3808.403
45.45458,8.832473,3878.157,3809.7817
45.454937,8.831462,3848.955,3810.8438
45.454792,8.83069,3823.8782,3811.5093
45.45448,8.829754,3842.072,3811.8733
45.4547,8.828408,3835.7412,3812.7744
45.454517,8.827617,3850.3704,3814.1404
45.454433,8.826783,3815.7673,3814.906
45.454475,8.825504,3776.4473,3816.557
45.45464,8.824581,3749.5264,3816.3518
45.455032,8.8235855,3703.2488,3817.0637
45.454723,8.822591,3719.1636,3818.156
45.454536,8.821813,3694.5344,3818.3618
45.454693,8.820637,3687.06,3820.1252
45.454792,8.819885,3727.184,3822.023
45.45471,8.818847,3733.7534,3820.6687
45.454964,8.817904,3714.3423,3820.7927
45.454987,8.81725,3692.9521,3823.1797
45.455482,8.815917,3674.5164,3822.8467
45.455418,8.815232,3640.4739,3824.1067
45.455303,8.81466,3625.9253,3824.4634
45.455948,8.813826,3601.1887,3824.6187
45.45623,8.812726,3566.4492,3825.981
45.45604,8.811782,3565.8594,3826.5645
45.456566,8.811038,3540.3022,3827.7446
45.456596,8.810273,3525.3972,3829.1936
45.457024,8.809302,3501.319,3831.2847
45.457333,8.808638,3526.1333,3830.9238
45.457397,8.807407,3542.1187,3831.4392
45.457737,8.806952,3503.6426,3832.2944
45.45798,8.805835,3450.6555,3833.002
45.4581,8.805087,3446.07,3833.718
45.458786,8.804087,3459.793,3833.599
45.459034,8.8032875,3454.99,3835.5627
45.459312,8.802607,3444.7686,3836.0298
45.459686,8.801832,3416.5195,3836.058
45.460022,8.801009,3421.3523,3838.2908
45.460003,8.800178,3411.638,3838.198
45.46054,8.799523,3406.7864,3838.8635
45.46116,8.798675,3378.0757,3838.9998
45.461483,8.797954,3343.19,3840.4307
45.46194,8.797279,3306.284,3841.0388
45.46236,8.796356,3294.2993,3842.7322
45.462963,8.795821,3268.352,3842.823
45.463276,8.795159,3272.4412,3842.3176
45.463764,8.794074,3267.7844,3844.7617
45.463806,8.793526,3260.926,3845.2708
45.464443,8.792744,3250.0195,3845.4153
45.465054,8.7920685,3224.331,3846.479
45.465633,8.791369,3160.3809,3846.7236
45.46607,8.790716,3153.2358,3847.9124
45.4664,8.790109,3223.133,3848.881
45.467,8.789257,3265.0989,3848.3867
45.46744,8.788712,3212.7139,3850.4346
45.46778,8.787873,3157.503,3851.8528
45.468292,8.7873745,3162.55,3851.6726
45.46867,8.786799,3147.1262,3852.368
45.469448,8.786162,3141.3354,3853.9038
45.47,8.785504,3120.7012,3853.6912
45.470303,8.784885,3133.8477,3855.1382
45.470936,8.784187,3197.2947,3855.5334
45.471054,8.783819,3211.8557,3856.435
45.471794,8.78339,3225.8333,3855.6904
45.47294,8.782685,3203.5027,3857.4585
45.473255,8.78193,3187.3071,3858.4272
45.47361,8.781351,3206.3735,3857.943
45.47444,8.780811,3174.9543,3859.885
45.47496,8.780248,3106.294,3861.4026
45.475353,8.779581,3080.8545,3863.0955
45.47628,8.778898,3024.8906,3863.7007
45.47663,8.778181,2981.2769,3864.36
45.47716,8.777967,2982.8289,3865.3079
45.47776,8.777617,3018.8516,3865.8123
45.47877,8.7770405,3080.5293,3867.6077
45.479156,8.776497,3044.6482,3868.0332
45.47961,8.775894,2999.6138,3868.908
45.480457,8.775284,2969.1863,3869.4526
45.48113,8.774795,2963.4011,3872.38
45.481766,8.774321,2927.6057,3871.893
45.48276,8.773861,2896.3604,3873.0835
45.482563,8.77353,2902.408,3874.5776
45.483368,8.772678,2938.853,3875.867
45.483963,8.772496,2906.649,3875.4524
45.484615,8.772071,2890.5796,3876.1755
45.485355,8.771464,2883.7063,3878.2842
45.485893,8.770919,2872.8203,3876.8267
45.486256,8.770742,2915.253,3878.4392
45.486744,8.770542,2899.4978,3879.804
45.487732,8.769822,2888.4673,3881.0852
45.488274,8.769446,2905.8289,3881.5852
45.48903,8.769094,2951.6633,3882.448
45.489693,8.768679,2970.749,3883.7776
45.49044,8.768259,2936.5938,3884.447
45.490967,8.767917,2947.012,3885.5186
45.49176,8.767515,2945.0369,3887.9683
45.492374,8.766992,2895.2454,3887.8335
45.493126,8.766656,2840.1826,3888.0244
45.493824,8.7662325,2793.4946,3889.17
45.494774,8.765845,2805.2104,3889.6028
45.495197,8.765673,2833.1187,3891.539
45.495823,8.765413,2869.2256,3891.3845
45.496284,8.765189,2922.3503,3891.9976
45.497105,8.764828,2944.6628,3893.622
45.49774,8.764475,2973.1577,3893.3926
45.49835,8.764332,2969.323,3894.3765
45.49934,8.764029,2921.7964,3895.6538
45.49986,8.763709,2883.825,3895.5342
45.500595,8.763277,2832.2336,3897.7961
45.501347,8.763115,2875.0735,3899.2258
45.50193,8.76275,2817.6475,3900.2454
45.502857,8.762409,2741.1726,3901.2122
45.50365,8.762072,2655.756,3902.5613
45.504204,8.761808,2665.7395,3904.5276
45.504967,8.761602,2671.509,3904.5376
45.505707,8.761204,2699.333,3905.3425
45.50627,8.761124,2727.081,3906.7686
45.506985,8.760693,2716.1716,3906.2104
45.507732,8.760592,2729.8584,3907.165
45.508385,8.76032,2714.1875,3907.659
45.508827,8.760099,2713.3796,3908.0662
45.50948,8.759904,2627.7131,3908.1736
45.5104,8.75966,2624.18,3909.7043
45.511208,8.759413,2624.8457,3911.0522
45.511963,8.758992,2614.4512,3911.8037
45.5127,8.759008,2616.2278,3914.5112
45.513496,8.75888,2602.5244,3914.174
45.51417,8.758524,2571.2117,3916.0144
45.514977,8.758321,2548.2007,3917.2756
45.51529,8.758167,2529.5098,3917.3855
45.5158,8.757917,2548.8792,3918.5955
45.516823,8.757629,2536.5017,3918.6282
45.517296,8.757476,2533.974,3919.8486
45.51786,8.757256,2526.715,3920.8599
45.518814,8.756979,2482.853,3922.5078
45.519436,8.756845,2476.3977,3923.349
45.52023,8.75657,2435.0828,3924.4158
45.52048,8.7564125,2394.8384,3924.457
45.521297,8.756169,2362.8057,3925.3513
45.521996,8.756084,2356.83,3926.1
45.522762,8.755653,2374.4548,3927.0496
45.523502,8.75546,2434.5715,3928.3906
45.524197,8.755269,2435.6199,3927.1157
45.524994,8.755105,2382.9988,3928.4507
45.52556,8.755034,2372.1855,3928.5757
45.52639,8.754663,2405.982,3929.7537
45.526913,8.754457,2411.4448,3930.7456
45.527325,8.754486,2358.6055,3931.0217
45.527985,8.754496,2305.7722,3932.584
45.528934,8.754257,2304.106,3933.834
45.529587,8.753873,2292.8186,3936.0537
45.53036,8.753615,2299.497,3937.4143
45.5312,8.753409,2287.0564,3936.5767
45.531982,8.753147,2308.4216,3940.7139
45.532806,8.752825,2298.3228,3941.3958
45.53341,8.752673,2251.482,3942.2686
45.53399,8.752571,2180.2693,3942.8955
45.535065,8.752322,2137.4111,3942.603
45.53548,8.752113,2123.9133,3945.5303
45.536213,8.751987,2123.425,3944.563
45.53658,8.752038,2137.5,3946.0637
45.53709,8.751831,2106.2366,3945.3982
45.537975,8.751733,2055.2556,3947.2078
45.538456,8.751732,2006.8317,3946.5137
45.539288,8.751735,1985.5139,3947.7703
45.540043,8.750949,1939.5284,3947.7932
45.540638,8.751049,1904.4683,3949.3718
45.540962,8.750895,1902.7393,3949.9023
45.5418,8.750619,1935.9579,3952.3804
45.542526,8.75043,1895.3967,3952.4053
45.543133,8.75025,1889.6259,3952.2917
45.54372,8.750038,1871.6826,3953.4717
45.54443,8.749903,1894.9078,3953.7344
45.544994,8.7497635,1909.3833,3955.203
45.54541,8.7495985,1937.8146,3955.8325
45.545918,8.749538,1966.1262,3956.1387
45.5465,8.749434,1970.0314,3953.8774
45.546925,8.749227,1924.1394,3957.566
45.547688,8.749035,1899.8564,3957.1177
45.5482,8.748877,1874.8312,3959.3176
45.54892,8.748815,1851.6514,3959.9795
45.549305,8.748608,1936.1473,3959.8782
45.550297,8.748378,2011.0879,3961.495
45.550365,8.748373,2030.5585,3961.3965
45.551044,8.748157,2001.4604,3961.5527
45.551468,8.748123,1971.139,3962.7017
45.552002,8.747906,1953.6028,3963.499
45.552834,8.747699,1947.945,3964.9902
45.5535,8.747604,2008.7689,3966.7368
45.554024,8.747409,2058.86,3965.84
45.554752,8.74727,2046.7451,3967.3835
45.55533,8.747106,1991.6898,3969.772
45.5561,8.746862,1924.3281,3969.6692
45.556534,8.746521,1842.1085,3970.1558
45.557564,8.746644,1845.2892,3971.3635
45.558285,8.746263,1848.0781,3973.9216
45.558582,8.746061,1921.842,3974.3147
45.558987,8.745849,1910.2946,3974.0383
45.559486,8.745838,1896.6332,3975.092
45.56026,8.745711,1890.2944,3976.3613
45.56085,8.745556,1884.737,3977.1292
45.5611,8.745353,1869.9003,3979.148
45.561703,8.745359,1860.6871,3980.6572
45.56273,8.744867,1867.8572,3981.927
45.56301,8.745409,1876.8523,3983.9004
45.563557,8.7453575,1848.0195,3983.925
45.564556,8.7442465,1823.4485,3984.4126
45.56488,8.744327,1767.1581,3983.5996
45.56543,8.7441225,1714.0876,3983.1528
45.566257,8.743938,1745.4094,3984.9688
45.566555,8.743826,1791.3065,3986.352
45.567154,8.743582,1775.6461,3987.9993
45.568012,8.744023,1795.8994,3989.6802
45.567608,8.743912,1865.4535,3991.0137
45.568974,8.743118,1892.3496,3990.3218
45.56908,8.743157,1989.4115,3991.9324
45.56988,8.743087,2041.7482,3991.4375
45.570248,8.743177,2011.7618,3992.886
45.57086,8.743053,1905.5236,3994.5476
45.571278,8.742638,1840.9701,3993.7222
45.571552,8.742419,1830.0337,3994.4553
45.57215,8.742374,1887.4624,3995.2957
45.57258,8.742567,1957.581,3994.8206
45.572895,8.742033,2029.2869,3995.9695
45.573315,8.742117,2104.374,3996.0107
45.573784,8.742094,2107.8347,3997.1392
45.574287,8.741906,2199.5295,3999.5725
45.57482,8.741724,2205.3738,4000.5818
45.57537,8.74155,2196.2036,4002.422
45.57566,8.74151,2138.3716,4001.746
45.57648,8.741364,2104.1377,4004.6772
45.57696,8.741143,2141.1099,4004.245
45.57783,8.740753,2054.744,4005.987
45.578236,8.741244,1955.9835,4007.8003
45.579056,8.741019,1836.3883,4009.7368
45.57937,8.740183,1686.4784,4008.9458
45.580048,8.740284,1655.5667,4009.3513
45.58034,8.740269,1655.9124,4011.6262
45.580784,8.740146,1732.755,4012.3809
45.58142,8.739893,1756.4353,4013.7373
45.581898,8.739483,1767.8795,4014.185
45.58284,8.740424,1714.542,4017.3806
45.583286,8.739837,1713.5072,4017.7922
45.583965,8.739511,1738.1213,4018.2585
45.58449,8.739371,1728.1638,4018.4248
45.58524,8.739145,1888.3698,4018.7827
45.58605,8.738874,1839.076,4019.693
45.58657,8.738639,1842.8307,4021.442
45.587196,8.738396,1763.6799,4022.9976
45.587914,8.738208,1726.1648,4024.2673
45.588425,8.73801,1807.2485,4025.348
45.588787,8.73785,1889.782,4024.7397
45.58952,8.737778,1901.8853,4025.6965
45.58988,8.737634,1880.6372,4027.1697
45.59031,8.737551,1864.121,4027.8738
45.59081,8.737485,1960.7771,4028.491
45.590935,8.737037,1976.8589,4028.8438
45.591587,8.736931,1840.7063,4030.4526
45.59226,8.736841,1687.1174,4030.886
45.592983,8.737108,1598.535,4032.6743
45.59311,8.736055,1634.8372,4033.0413
45.593758,8.736147,1644.9379,4033.8994
45.59403,8.7361145,1651.9618,4035.248
45.594383,8.736056,1679.6542,4036.5461
45.594845,8.735917,1687.4885,4035.996
45.59508,8.735851,1761.9001,4035.289
45.59574,8.735751,1736.8972,4037.0437
45.596275,8.736163,1637.628,4038.1523
45.5964,8.735073,1505.8469,4037.0356
45.596813,8.735434,1442.9385,4037.3818
45.597275,8.735349,1381.5114,4038.7148
45.597816,8.735286,1409.8055,4039.3174
45.598183,8.735116,1403.3961,4040.506
45.598904,8.73502,1405.3785,4040.0063
45.599445,8.73482,1400.7587,4041.3115
45.59996,8.734674,1413.695,4042.182
45.600384,8.734627,1402.8938,4042.1086
45.60099,8.734415,1270.2273,4044.9395
45.60185,8.734236,1189.1067,4043.896
45.60221,8.7341385,1179.01,4046.3264
45.60284,8.733979,1267.7812,4046.8752
45.603767,8.733774,1386.0345,4049.033
45.60417,8.733512,1467.26,4048.8337
45.605057,8.733352,1475.6179,4050.742
45.60555,8.733267,1357.1603,4051.6392
45.606102,8.733045,1169.0024,4052.608
45.60668,8.73273,1052.6884,4053.7178
45.607468,8.73289,1027.05,4054.478
45.60791,8.732616,1057.0836,4055.4346
45.608505,8.732452,1161.1819,4055.6873
45.608913,8.732269,1176.7006,4057.277
45.60964,8.732233,1215.5548,4059.631
45.61019,8.7321205,1130.768,4059.0173
45.610767,8.73189,1093.5518,4058.989
45.61115,8.731839,1027.0934,4061.2852
45.611702,8.731761,1017.5369,4062.1206
45.61222,8.731337,931.87714,4061.7407
45.612804,8.731282,829.5581,4062.8154
45.61338,8.731127,697.7474,4063.6423
45.614162,8.731037,703.3852,4064.4956
45.614857,8.73078,702.4847,4066.149
45.61561,8.730619,741.57495,4066.9026
45.616314,8.7304325,841.265,4067.6277
45.616745,8.730265,824.0437,4069.292
45.617176,8.730177,760.5112,4071.2378
45.617844,8.729996,704.70447,4071.1462
45.61815,8.729909,759.0645,4072.9946
45.618534,8.72981,777.3282,4073.9216
45.619118,8.729649,775.9083,4074.9617
45.61994,8.729425,661.4681,4076.237
45.620663,8.729225,594.8052,4077.2688
45.620968,8.729092,594.5172,4077.8464
45.621395,8.729009,672.6402,4078.8142
45.62161,8.728856,744.832,4078.9436
45.62194,8.728759,764.8868,4079.8882
45.62215,8.728705,791.3472,4080.6943
45.622566,8.728637,874.1367,4080.3022
45.62292,8.728584,915.55066,4081.1865
