lat,lon,alt,time
52.341167,4.7131195,0.0,0.0
52.342125,4.7115955,0.0,0.9995662
52.342266,4.7118764,0.0,1.9895077
52.34284,4.712121,0.0,2.9745831
52.343975,4.7131433,0.0,3.903182
52.344666,4.713283,0.0,4.729108
52.345654,4.7126684,0.0,5.525888
52.346466,4.7126813,0.0,6.3621025
52.347286,4.7125454,0.0,7.257376
52.348198,4.712598,0.0,8.179617
52.34923,4.710773,0.0,9.172223
52.349903,4.7109833,0.0,10.145387
52.350296,4.7116656,0.0,11.059853
52.351784,4.713127,0.0,12.002876
52.352325,4.711176,0.0,12.926659
52.352726,4.7101984,0.0,13.878692
52.35419,4.7121167,0.0,14.717472
52.35476,4.7122884,0.0,15.704355
52.355553,4.712311,0.0,16.534992
52.355873,4.7126207,0.0,17.485243
52.356415,4.7136307,0.0,18.406002
52.357246,4.7130995,0.0,19.299507
52.35833,4.713133,0.0,20.214779
52.358727,4.712411,0.0,21.128992
52.35919,4.712924,0.0,22.041355
52.360634,4.714357,0.0,22.935125
52.361397,4.71352,0.0,23.783722
52.361576,4.7146044,0.0,24.73365
52.362335,4.714013,0.0,25.604431
52.36311,4.714452,0.0,26.609354
52.363758,4.714592,0.0,27.618462
52.364277,4.7136197,0.0,28.560751
52.36475,4.7147856,0.0,29.404863
52.36588,4.714842,77.525276,30.186487
52.36648,4.7144046,106.53183,31.157465
52.36711,4.71458,200.12053,31.938122
52.367397,4.7154355,237.851,32.82954
52.36953,4.716942,321.3421,33.675087
52.370014,4.714021,363.0923,34.71459
52.37073,4.712882,346.49472,35.633286
52.371544,4.7146616,362.69937,36.571865
52.37245,4.7158127,295.89172,37.580956
52.373486,4.7153745,370.34277,38.431335
52.374123,4.7154436,439.6245,39.35158
52.374382,4.7157135,502.05792,40.238575
52.375534,4.7162933,585.8683,41.18544
52.37645,4.715747,631.3542,41.981003
52.377422,4.714332,599.2304,42.91159
52.377655,4.7170568,618.85004,43.921726
52.37907,4.7180552,627.57855,44.823986
52.380394,4.717719,728.9165,45.55111
52.380642,4.717259,755.0023,46.49693
52.38176,4.718377,769.6414,47.349937
52.38257,4.717394,760.0181,48.243214
52.383015,4.7183137,777.9801,49.121593
52.38384,4.719966,836.58563,49.914318
52.384697,4.7193103,839.90857,50.73837
52.385723,4.719122,935.25,51.658737
52.3864,4.719193,938.6066,52.7018
52.387535,4.718963,981.4834,53.59074
52.388813,4.718855,1038.7567,54.434883
52.38965,4.7190886,1020.962,55.24655
52.390865,4.719603,1010.7693,56.237217
52.391808,4.720171,954.89417,56.978428
52.39212,4.7202077,989.8297,57.759464
52.3937,4.71898,1088.6521,58.73841
52.39444,4.7195253,1142.4645,59.609062
52.395866,4.7191744,1190.9509,60.328354
52.39588,4.7206016,1228.0,61.091373
52.397526,4.7208476,1241.8256,61.82488
52.398563,4.719875,1243.1425,62.823288
52.39894,4.718855,1291.8976,63.708305
52.400124,4.7201037,1302.1102,64.687195
52.401382,4.720374,1396.8055,65.69799
52.402283,4.720537,1415.0852,66.554955
52.403538,4.71995,1572.1195,67.46667
52.403904,4.7210917,1532.9656,68.37262
52.405903,4.7208385,1571.5903,69.22912
52.406723,4.721023,1596.3596,70.19459
52.407375,4.720103,1636.9352,71.00287
52.409164,4.7213335,1681.6353,72.08909
52.409725,4.7242117,1633.9178,72.72376
52.41056,4.723022,1708.7874,73.78579
52.4122,4.7235622,1709.7189,74.343346
52.41391,4.722799,1781.8585,75.66643
52.41265,4.724748,1793.8429,76.43412
52.414055,4.724444,1898.1743,77.271866
52.415543,4.7291393,1819.7097,78.30662
52.416058,4.7266006,1946.0604,79.19091
52.41758,4.725609,2038.787,80.24397
52.418293,4.726899,2045.8828,81.19588
52.419373,4.725991,2175.8613,82.27744
52.420338,4.728007,2175.8096,83.10839
52.421402,4.7287846,2247.5273,84.00528
52.42272,4.7295904,2287.9192,84.88788
52.4233,4.7289133,2296.7244,85.82838
52.424522,4.7298017,2263.6963,86.83679
52.42513,4.729466,2352.4368,87.60517
52.42646,4.7311826,2440.4324,88.60916
52.42733,4.7303123,2506.3625,89.58006
52.427742,4.7321115,2484.0945,90.47332
52.429638,4.733025,2501.9043,91.17651
52.430782,4.733137,2532.4404,92.35639
52.431454,4.7332373,2613.826,93.25073
52.432636,4.7339535,2661.0095,93.9834
52.43336,4.7344437,2736.3413,94.99452
52.434544,4.736587,2792.2874,95.89429
52.435715,4.737142,2879.606,96.65625
52.436657,4.737114,2928.2761,97.7831
52.4376,4.73787,2951.765,98.52242
52.438538,4.7395024,2964.0696,99.6173
52.439762,4.739841,3039.8982,100.59431
52.440315,4.7410536,3132.9294,101.21548
52.4413,4.7407193,3192.0793,102.5355
52.442196,4.7413716,3259.129,103.30206
52.443596,4.7416763,3285.1885,104.732994
52.444187,4.743032,3360.7979,105.300354
52.44563,4.744482,3451.0623,106.26975
52.44701,4.745339,3540.6138,106.9479
52.447987,4.744126,3652.4204,107.75365
52.44884,4.745398,3716.5842,109.095474
52.44994,4.7486415,3786.1445,109.604065
52.451584,4.7482905,3845.1477,110.64487
52.452564,4.7481833,3897.3677,111.59252
52.452774,4.7505813,3886.5706,112.1207
52.454243,4.7513986,3889.6082,112.87964
52.455475,4.753005,3927.1724,113.70137
52.455666,4.7522507,4011.8108,114.579285
52.45696,4.753824,4111.7153,115.38804
52.457855,4.7540994,4179.163,116.01108
52.45863,4.7559166,4241.274,117.01143
52.459396,4.7587442,4292.6826,117.8801
52.46051,4.758887,4340.5654,118.92518
52.461082,4.7596006,4392.3696,119.74581
52.461754,4.760761,4480.505,120.55744
52.462585,4.7625747,4550.77,121.33048
52.46379,4.763524,4620.708,122.27371
52.46457,4.76498,4643.0034,123.29693
52.46486,4.766084,4776.7754,123.96437
52.46563,4.7675657,4831.9844,124.70756
52.466255,4.7684145,4901.0405,125.97457
52.46694,4.768622,4961.968,126.79834
52.467316,4.7698836,5046.347,127.67872
52.46834,4.773149,5054.2754,128.60756
52.46889,4.77469,5106.82,129.36176
52.469658,4.7739444,5199.3135,130.407
52.469864,4.7753887,5265.5093,130.99431
52.470535,4.777188,5355.98,131.92932
52.47132,4.780709,5401.9404,132.87192
52.471977,4.779995,5507.434,133.57458
52.472294,4.7817664,5570.694,134.41815
52.47242,4.785496,5567.09,135.39668
52.473682,4.7865973,5656.7783,135.90247
52.473965,4.7870154,5682.306,136.99559
52.474434,4.788534,5665.0825,137.58995
52.474792,4.791992,5744.7476,138.59152
52.47584,4.7933035,5799.8027,139.33636
52.476475,4.793753,5852.2354,140.37016
52.475906,4.795709,5872.1826,141.31126
52.476566,4.800543,5952.8364,142.10217
52.476936,4.801274,6052.0674,142.75056
52.476807,4.8024874,6106.879,144.32156
52.476612,4.8030343,6199.7954,144.81721
52.477375,4.807217,6226.597,145.72266
52.478752,4.808724,6336.348,146.73393
52.478275,4.8108635,6460.3633,147.63858
52.477753,4.81232,6551.0933,148.47852
52.478863,4.8134527,6591.239,149.3771
52.479397,4.814902,6616.881,150.5907
52.47932,4.8186746,6656.0386,151.0375
52.479893,4.8205066,6708.4663,152.12334
52.480442,4.822412,6782.3535,152.97353
52.480312,4.8243666,6839.461,153.76967
52.48042,4.825985,6908.87,154.39308
52.48091,4.8285427,7001.5474,155.38022
52.48073,4.8311563,7067.706,156.06618
52.481766,4.8332286,7200.6904,156.99199
52.481762,4.835517,7268.2217,157.9565
52.48194,4.837153,7289.772,158.78218
52.482002,4.839893,7334.275,159.6311
52.48228,4.841591,7392.0513,160.35947
52.482365,4.843093,7454.183,161.36784
52.48195,4.8437567,7556.7534,162.06631
52.482517,4.846628,7656.836,163.05943
52.48249,4.8483586,7711.1855,163.9572
52.48266,4.850779,7796.3438,164.83556
52.48277,4.8543396,7865.185,165.74815
52.482662,4.8556,7946.8364,166.65472
52.482704,4.856694,8003.479,167.35031
52.482853,4.858128,8053.225,168.21294
52.482685,4.8608975,8129.223,169.11528
52.483315,4.8624077,8158.046,170.08731
52.483067,4.8649654,8161.198,170.99141
52.482864,4.866981,8192.598,171.92386
52.483135,4.868787,8235.911,172.89355
52.483196,4.8703,8269.508,174.02315
52.483192,4.872559,8329.3,174.89523
52.48298,4.874809,8361.124,175.72377
52.48316,4.8762712,8404.052,176.54694
52.482426,4.8786416,8481.118,177.17702
52.48267,4.8812118,8539.086,178.06236
52.482346,4.8835707,8603.222,178.92996
52.481976,4.8858514,8623.51,180.04924
52.482018,4.8881536,8710.009,180.53514
52.48185,4.8903627,8750.453,181.50185
52.48185,4.89141,8813.219,182.45184
52.481064,4.893533,8846.586,183.26147
52.48088,4.89505,8891.585,184.21211
52.480625,4.8966904,8948.254,185.04042
52.479485,4.8988137,9021.582,185.95723
52.47934,4.900664,9135.184,186.98438
52.478672,4.902939,9156.422,187.69685
52.47813,4.9040318,9142.001,188.63994
52.477566,4.9054484,9125.411,189.75963
52.47705,4.907788,9146.557,190.51242
52.4761,4.9087167,9176.303,191.49594
52.475506,4.9106956,9264.125,192.38252
52.47491,4.913318,9305.029,193.094
52.474113,4.9148583,9318.214,194.11958
52.473446,4.9165845,9352.296,194.94969
52.472565,4.9190993,9361.406,195.77411
52.47187,4.919894,9421.515,197.02867
52.470917,4.9220467,9459.344,197.91646
52.470085,4.9231553,9456.598,198.74597
52.469666,4.9251795,9477.762,199.95674
52.46892,4.9256783,9520.21,200.99976
52.46801,4.9274287,9585.738,201.90688
52.467003,4.9296308,9684.565,202.71289
52.46558,4.9303665,9737.3545,203.75842
52.465202,4.930422,9835.185,204.39238
52.46339,4.9319844,9789.895,205.25601
52.463097,4.933996,9806.952,206.36371
52.461796,4.9360666,9834.524,207.05737
52.460743,4.9373507,9879.129,208.21313
52.45948,4.9379272,9992.882,209.1393
52.458473,4.9399586,10047.539,209.91296
52.457657,4.9417186,10138.505,210.91092
52.456512,4.9431367,10157.915,211.96924
52.455547,4.9448023,10225.159,212.85756
52.454567,4.9451227,10290.471,213.66478
52.453335,4.9481807,10371.887,214.74434
52.452503,4.9492917,10444.55,215.81877
52.4515,4.9505506,10491.506,216.67932
52.45058,4.9522076,10586.864,217.70221
52.448986,4.9543757,10661.19,218.68242
52.448135,4.955585,10720.118,219.47777
52.447136,4.957276,10767.7295,220.41696
52.446278,4.9588213,10798.06,221.39069
52.445023,4.9597616,10798.524,222.20776
52.443813,4.9605975,10836.171,223.01328
52.443035,4.9616094,10871.626,223.98285
52.441647,4.9625707,10897.971,224.81535
52.440742,4.9638324,10972.943,225.70563
52.438705,4.9666624,10960.244,226.51912
52.43805,4.967691,11034.734,227.45859
52.43715,4.9684057,11077.428,228.36777
52.43544,4.9691024,11107.288,229.16978
52.434677,4.9710913,11172.37,230.1297
52.433167,4.9728436,11202.985,230.98099
52.43197,4.97483,11217.746,231.8785
52.43052,4.9765005,11290.905,232.7299
52.429634,4.9765415,11386.528,233.80699
52.427906,4.9781756,11415.62,234.7147
52.426743,4.979784,11484.179,235.75977
52.42607,4.9810867,11501.985,236.57036
52.42426,4.983017,11541.361,237.39821
52.423553,4.9846153,11585.924,238.7732
52.422417,4.9846964,11663.831,239.36273
52.421112,4.985492,11733.662,240.55801
52.4195,4.9890666,11751.491,241.28973
52.419186,4.989462,11820.257,242.04521
52.41801,4.9913316,11821.521,243.04785
52.41622,4.993604,11878.811,243.97691
52.415733,4.9949517,11940.8,244.96022
52.41401,4.996499,11971.056,245.85406
52.412624,4.9980783,12048.957,246.91412
52.411236,4.998796,12065.523,247.86241
52.409874,4.999969,12077.154,248.55884
52.408817,5.0025268,12126.986,249.64731
52.407795,5.003404,12193.529,250.49298
52.40685,5.0050774,12206.48,251.34012
52.405617,5.0059614,12239.166,252.51984
52.40484,5.0087876,12291.924,253.74393
52.403397,5.0098057,12341.006,254.62247
52.402035,5.010875,12333.19,255.55688
52.401093,5.013282,12373.898,256.57184
52.39965,5.015578,12416.925,257.30585
52.39859,5.01651,12461.191,258.47363
52.39734,5.017883,12507.998,259.41928
52.396408,5.020279,12514.493,260.1126
52.395386,5.021738,12543.256,260.88934
52.394337,5.023918,12603.988,261.9308
52.392876,5.024966,12646.523,262.89496
52.39219,5.026807,12755.198,263.80957
52.390713,5.027968,12798.998,264.98718
52.389668,5.029117,12809.42,266.17456
52.388844,5.0294642,12846.415,266.69077
52.38763,5.031357,12876.7705,268.06113
52.386578,5.032724,12928.91,268.55035
52.385258,5.034929,12960.177,269.44815
52.38395,5.0364356,13011.779,270.38373
52.382748,5.03976,13142.937,271.06296
52.38132,5.040087,13197.386,271.91345
52.380253,5.042466,13171.504,273.02484
52.379326,5.0434556,13193.81,273.74686
52.378143,5.045289,13230.987,274.85684
52.37653,5.0472016,13297.951,275.91708
52.375523,5.04862,13362.521,276.79132
52.374207,5.0506554,13413.625,277.7408
52.372787,5.0527916,13450.379,278.5911
52.37165,5.053685,13418.78,279.49603
52.370964,5.054652,13434.253,280.39688
52.369778,5.057036,13478.918,281.17297
52.3686,5.058049,13554.244,282.14124
52.3675,5.0599446,13633.789,283.01813
52.36611,5.0617404,13721.965,283.78662
52.365032,5.0633,13798.236,285.06448
52.36347,5.065934,13857.803,285.84845
52.362465,5.0658917,13910.871,286.52078
52.36184,5.068286,13899.2,287.5088
52.360256,5.06997,13909.103,288.34802
52.35889,5.0721474,13966.126,289.1918
52.357834,5.074647,14014.751,290.1147
52.356667,5.0762906,14050.064,291.01266
52.35614,5.0777965,14063.371,292.03528
52.354378,5.079317,14117.352,292.70172
52.35347,5.081268,14154.369,293.90054
52.3522,5.0831857,14205.422,294.47275
52.351143,5.084481,14264.992,295.3972
52.350006,5.08635,14336.712,296.53543
52.349136,5.0893865,14371.187,297.19226
52.347893,5.090548,14448.833,297.93793
52.346355,5.0920095,14494.294,299.15802
52.34534,5.092774,14553.828,299.87814
52.344345,5.095621,14579.729,300.921
52.343063,5.0977077,14585.388,301.98163
52.342083,5.100592,14623.836,302.84293
52.34118,5.101446,14627.05,303.8686
52.34023,5.103152,14629.966,305.14178
52.339092,5.10489,14647.081,306.0224
52.338078,5.105428,14711.016,306.7204
52.336685,5.107286,14784.33,307.52222
52.33552,5.110099,14813.933,308.48032
52.334763,5.111063,14844.553,309.3058
52.33331,5.112763,14928.767,310.216
52.332085,5.115131,14970.924,311.13364
52.33151,5.1167655,15023.951,312.21707
52.33026,5.118862,15039.231,313.3632
52.32921,5.12116,15109.272,314.03424
52.32794,5.122914,15145.264,315.16354
52.326942,5.1253147,15198.416,316.00037
52.325367,5.1266475,15224.026,317.12756
52.324444,5.129303,15264.839,318.0077
52.323513,5.1316214,15300.938,318.8664
52.322,5.132407,15357.361,320.0344
52.321594,5.133755,15396.264,320.67352
52.320126,5.1360784,15433.875,321.72192
52.31898,5.138582,15455.962,322.51407
52.318,5.139819,15533.548,323.4687
52.3168,5.1421337,15620.388,324.3214
52.31586,5.1440787,15707.756,325.10516
52.31463,5.145377,15794.902,325.83353
52.313797,5.1471033,15840.098,326.93442
52.312443,5.14876,15840.369,327.6207
52.3115,5.1509404,15859.708,328.64914
52.31038,5.153607,15898.142,329.49515
52.30958,5.154947,15955.104,330.18567
52.308414,5.1576605,15986.626,331.33884
52.307106,5.1599054,16042.87,332.0113
52.306053,5.1623898,16063.814,332.87024
52.304916,5.1632786,16121.873,333.73572
52.303802,5.1656666,16124.086,334.69647
52.30298,5.1680427,16162.27,335.7137
52.302387,5.169097,16209.221,336.62466
52.301163,5.171259,16263.747,337.41876
52.299885,5.173457,16336.463,338.20145
52.299152,5.1752763,16406.44,339.03375
52.297974,5.1776524,16451.584,339.8475
52.29674,5.179048,16469.363,340.95087
52.295673,5.181172,16553.008,341.63947
52.29462,5.1825986,16551.059,342.61575
52.293552,5.185718,16601.35,343.49326
52.29277,5.186946,16643.89,344.59946
52.291702,5.1898785,16736.744,345.8221
52.290726,5.1913266,16803.365,346.81714
52.28977,5.193885,16842.36,347.71603
52.288933,5.1950607,16831.697,348.25858
52.28755,5.1972404,16946.709,348.95337
52.286373,5.2002606,16976.81,349.75406
52.28544,5.20243,16979.588,350.7511
52.28409,5.204154,16946.521,351.47363
52.28334,5.2063985,16988.45,352.50906
52.28221,5.2081294,17038.8,353.5096
52.28132,5.210482,17015.512,354.3383
52.280388,5.212782,17117.688,355.2358
52.27949,5.214271,17116.031,356.14966
52.27824,5.2171764,17167.938,356.97928
52.277176,5.2183414,17161.994,358.06253
52.27657,5.2204094,17240.076,359.05566
52.2748,5.2223897,17258.205,359.91504
52.27391,5.224897,17329.72,360.59006
52.273098,5.2263455,17361.709,361.313
52.271263,5.2280874,17461.99,362.32846
52.2707,5.230071,17516.518,363.0358
52.269924,5.2323456,17578.145,363.77347
52.26868,5.234604,17605.355,364.78055
52.267918,5.237049,17643.053,365.8003
52.26668,5.2388654,17682.473,366.941
52.265255,5.240926,17672.736,367.6579
52.264328,5.243755,17700.086,368.46823
52.263542,5.2459006,17726.219,369.47464
52.26264,5.2466316,17774.117,370.4414
52.261223,5.249947,17815.793,371.3666
52.260143,5.2522283,17870.762,372.0142
52.259228,5.2538414,17927.293,373.07782
52.2579,5.2553368,17982.707,373.69174
52.256844,5.257522,18015.312,374.59497
52.255913,5.2601314,18068.832,375.60397
52.254185,5.2629232,17963.924,376.59674
52.253006,5.2641315,18147.531,377.51797
52.252197,5.2669363,18222.395,378.35913
52.25161,5.269119,18269.566,379.39825
52.2501,5.2712345,18219.648,380.36475
52.248817,5.2724657,18357.818,381.02936
52.248226,5.2742105,18404.86,382.04495
52.246853,5.2775903,18450.0,382.7263
52.245583,5.279318,18458.348,383.35614
52.24485,5.2805142,18508.578,384.6304
52.243744,5.2817173,18536.299,385.71878
52.242752,5.2849684,18605.996,386.92578
52.240677,5.286865,18591.791,387.6257
52.241154,5.290327,18688.73,388.66388
52.239857,5.291716,18710.645,390.01813
52.238453,5.292792,18763.865,390.86383
52.238056,5.2964315,18774.404,391.96487
52.236454,5.298839,18796.348,392.60803
52.235607,5.3012457,18831.068,393.99643
52.234295,5.3033857,18900.107,394.5642
52.232914,5.3060956,18968.41,395.4968
52.23237,5.3085513,19024.096,396.32327
52.23092,5.3108344,19054.697,397.2119
52.230255,5.31272,19117.99,398.1982
52.22918,5.3149457,19206.367,398.97604
52.22762,5.317067,19155.477,400.1837
52.2268,5.319619,19268.646,400.93445
52.225945,5.321889,19259.428,401.6415
52.22472,5.32457,19288.621,402.48148
52.223495,5.32606,19358.227,403.47327
52.222298,5.3291273,19426.836,404.41702
52.221382,5.3313785,19432.113,405.28653
52.22046,5.333973,19421.447,405.99
52.21874,5.3359337,19311.445,406.6991
52.218254,5.3376236,19468.512,407.8578
52.216656,5.3394823,19485.977,408.83698
52.21559,5.341012,19468.682,409.736
52.214447,5.344808,19501.572,410.48752
52.213547,5.3460817,19668.656,411.32422
52.212452,5.348586,19693.643,412.11517
52.211292,5.3508368,19532.137,413.30682
52.21036,5.352375,19781.92,413.97116
52.20937,5.355971,19912.658,414.70468
52.20777,5.357304,19744.81,415.69073
52.2065,5.359423,19983.033,416.50256
52.20608,5.3616686,20072.455,417.49936
52.204723,5.3631864,20114.01,418.15625
52.203636,5.366167,20236.086,419.00504
52.202904,5.367886,20214.873,420.10812
52.201466,5.3719807,20245.453,420.69415
52.200775,5.3743896,20296.662,421.92767
52.19909,5.3767533,20324.418,422.66415
52.198444,5.379824,20341.363,423.625
52.19701,5.3807197,20363.191,424.46536
52.19538,5.383398,20389.98,425.34583
52.194668,5.385672,20437.473,426.33127
52.193565,5.388412,20498.521,426.67044
52.192654,5.389058,20528.516,428.1047
52.191593,5.391447,20569.098,428.77148
52.190475,5.3933234,20607.625,429.9983
52.189205,5.3962674,20631.38,430.35352
52.188305,5.398516,20572.154,431.36932
52.187557,5.4008126,20516.535,432.09045
52.18656,5.400603,20745.246,432.756
52.184723,5.403751,20706.336,434.4111
52.18361,5.40793,20726.896,434.91153
52.18266,5.4103503,20773.893,436.0222
52.18206,5.412208,20818.707,436.97858
52.180885,5.4142766,20889.416,437.65814
52.179058,5.4167,20916.652,438.63452
52.178535,5.4187565,20904.873,439.5046
52.17691,5.4220023,20879.912,440.40594
52.17632,5.422559,20935.832,441.22815
52.175045,5.4251423,21146.672,442.04306
52.17348,5.4279814,21124.23,442.87912
52.172325,5.4316354,21121.965,443.4552
52.1725,5.4321294,21158.799,444.72223
52.17067,5.4355702,21216.79,445.89423
52.16875,5.4364123,21377.434,446.87225
52.16811,5.440067,21174.963,447.90118
52.166782,5.4413743,21198.379,448.5739
52.16632,5.4442363,21473.477,449.33963
52.16476,5.4461613,21420.586,450.27155
52.163467,5.447395,21418.158,451.1368
52.162018,5.4507008,21452.297,452.12778
52.161095,5.4536867,21469.596,452.92984
52.160755,5.4554796,21503.174,453.72397
52.15921,5.456922,21559.729,454.5863
52.158627,5.4609127,21623.73,455.5104
52.157314,5.462572,21599.736,456.54053
52.156826,5.46511,21642.152,457.30594
52.155228,5.467048,21680.637,458.162
52.15388,5.4693403,21683.889,459.27457
52.152668,5.4708333,21746.797,459.6725
52.15159,5.474506,21750.305,461.03827
52.15038,5.4772325,21780.443,461.9184
52.14933,5.479541,21822.615,462.70154
52.148502,5.48126,21825.963,463.66074
52.146633,5.4847717,21891.496,464.4605
52.146244,5.4858036,21965.44,464.93655
52.14515,5.486718,21767.887,466.05423
52.144077,5.491143,22102.594,466.94827
52.142757,5.493103,22090.088,467.7924
52.142136,5.4950175,22129.701,468.79736
52.14038,5.4970436,22247.377,469.4441
52.13903,5.498579,22044.072,470.53876
52.138058,5.5011888,22027.771,471.10126
52.13732,5.504698,22371.135,472.59164
52.135548,5.507389,22296.705,473.18976
52.134315,5.509845,22353.7,473.96173
52.133465,5.5111237,22148.158,475.1157
52.132435,5.5135026,22276.518,475.85434
52.131176,5.517219,22340.121,476.84213
52.12993,5.518819,22481.887,477.6712
52.129227,5.5209303,22439.469,478.85202
52.127834,5.5235896,22505.21,479.5186
52.127056,5.5258274,22562.81,480.53275
52.125828,5.527959,22443.613,481.32278
52.124477,5.5305543,22623.54,482.198
52.123314,5.533263,22641.69,483.09384
52.122578,5.5345225,22676.621,484.02728
52.120686,5.537414,22678.252,484.82834
52.11983,5.5399246,22737.834,485.98404
52.118538,5.542099,22851.1,486.1545
52.11775,5.5437813,22770.588,487.3097
52.116245,5.5473075,22798.354,488.42294
52.114895,5.5477204,22876.672,489.1301
52.113136,5.5522175,22920.625,490.5191
52.112404,5.55491,23029.975,490.33252
52.111244,5.556087,22790.047,492.44836
52.11042,5.5574937,22991.709,492.55435
52.10881,5.560689,23047.809,493.66638
52.108315,5.5631475,23106.203,494.59238
52.10749,5.564945,22953.844,495.60336
52.105568,5.56661,22958.41,496.68802
52.1047,5.568644,23294.293,496.9374
52.103413,5.5701013,23035.04,498.57248
52.101982,5.5730534,23321.803,498.6794
52.101078,5.575354,23200.467,500.14386
52.09975,5.579291,23227.4,500.7273
52.09841,5.58054,23340.016,501.66986
52.098125,5.5826416,23288.48,502.89856
52.09613,5.584164,23390.588,503.3099
52.09508,5.5880723,23413.426,504.3559
52.0943,5.59006,23380.727,505.04025
52.09274,5.592128,23455.787,506.077
52.09218,5.593325,23488.209,506.97873
52.090527,5.5967574,23531.79,507.97565
52.089962,5.5987873,23542.455,508.791
52.08819,5.601607,23591.238,509.52618
52.086533,5.603157,23639.5,510.39926
52.08566,5.6042514,23719.361,511.24115
52.08431,5.6073647,23421.756,512.36017
52.083267,5.608476,23785.824,512.9485
52.081543,5.612037,23760.887,514.1276
52.080692,5.613904,23766.822,514.92584
52.07937,5.615848,23816.414,515.75684
52.077904,5.6187882,23850.729,516.7471
52.07707,5.622102,23891.27,517.7966
52.075867,5.624143,23935.035,518.39606
52.07434,5.625651,23918.277,519.66595
52.07335,5.628548,24062.797,520.6532
52.072136,5.6310115,24050.348,521.75256
52.071224,5.6346955,24083.48,522.02203
52.069576,5.6361175,24116.592,523.18243
52.068848,5.6380324,24148.75,523.97546
52.067646,5.6408944,24127.914,524.9692
52.06655,5.6432796,24155.197,526.04535
52.065495,5.6449876,24201.785,526.6048
52.06372,5.64796,24124.104,527.5042
52.063507,5.650914,24281.133,528.3941
52.06204,5.652524,24279.531,529.1635
52.060703,5.6558027,24318.777,530.0595
52.060196,5.658439,24358.584,531.13544
52.058346,5.6593156,24387.375,531.7597
52.057186,5.6616344,24437.475,532.7936
52.05644,5.664637,24377.605,533.7016
52.05501,5.6671944,24507.756,534.6612
52.05389,5.6690903,24509.914,535.54395
52.052734,5.671286,24537.34,536.56885
52.05106,5.6736193,24688.344,537.24896
52.049976,5.6771407,24342.918,538.45435
52.04964,5.6778774,24780.932,539.13513
52.04808,5.68143,24733.379,539.60815
52.04655,5.682202,24811.777,540.5727
52.045845,5.6846933,24527.893,542.0395
52.044674,5.6882796,24894.883,542.38104
52.043133,5.690558,24895.738,543.45856
52.040913,5.694678,24928.5,544.4566
52.04154,5.693837,25046.473,545.2631
52.038784,5.6967835,24700.508,546.29926
52.038357,5.699798,25123.693,547.1085
52.036987,5.703813,25134.223,548.2173
52.035587,5.704765,24684.414,549.04553
52.034737,5.707102,25175.277,549.90216
52.032734,5.709808,25121.363,550.9431
52.031994,5.7125173,25030.395,551.75586
52.031387,5.7137594,25151.777,552.809
52.029823,5.715728,25173.922,553.4953
52.0291,5.7179904,25219.588,554.1212
52.027893,5.719441,25257.215,555.3136
52.02581,5.723451,25356.65,556.26843
52.024715,5.725723,25186.117,557.2434
52.023228,5.727894,25443.137,557.7028
52.02254,5.7302184,25245.838,559.26166
52.0201,5.730831,25479.463,559.54395
52.01968,5.7336845,25464.379,560.3747
52.019478,5.7360916,25436.574,561.58136
52.01735,5.7389297,25469.283,562.4158
52.016796,5.7421002,25502.732,563.3409
52.01548,5.7439184,25522.098,564.2718
52.014076,5.7468266,25569.016,564.997
52.01284,5.7493796,25630.918,566.03296
52.0119,5.750772,25689.6,566.85254
52.010193,5.7546,25678.514,567.9774
52.009018,5.756199,25670.127,568.5666
52.00745,5.7582655,25776.314,569.6
52.005795,5.760434,25771.918,570.14215
52.005367,5.763792,25785.87,571.7327
52.00446,5.7658973,25812.434,572.26697
52.002865,5.769894,25837.512,573.6365
52.002052,5.772146,25865.348,574.41785
52.00045,5.7737164,25866.254,575.27606
51.999187,5.775369,25866.385,576.08374
51.99843,5.7765903,25900.248,576.783
51.997173,5.77918,25917.08,577.9806
51.995438,5.781752,25974.674,578.539
51.99427,5.7844157,26028.428,580.0372
51.99344,5.7867837,26150.928,580.5
51.991123,5.788586,25725.92,581.7098
51.99076,5.7910147,26224.28,582.0155
51.98932,5.793335,26172.602,583.451
51.988445,5.795626,26126.701,584.20514
51.986973,5.7987957,26168.592,585.5738
51.985706,5.8008165,26222.742,585.7025
51.98448,5.8031516,26320.229,586.9885
51.98209,5.805208,25991.225,588.1952
51.981747,5.80618,26418.152,588.88245
51.980564,5.8103094,26347.486,590.1463
51.97917,5.811106,26375.414,590.6718
51.978546,5.8153906,26518.055,591.50586
51.976307,5.8163548,26049.377,592.4669
51.975273,5.8179283,26557.96,593.4343
51.973976,5.8199787,26497.768,594.08154
51.973907,5.822066,26503.69,595.34814
51.97169,5.8250422,26628.564,596.1178
51.97079,5.8278456,26409.402,596.8821
51.969208,5.829906,26598.514,597.6733
51.967743,5.82981,26592.127,598.4336
51.965874,5.8340983,26663.117,599.43634
51.96454,5.8378224,26526.0,600.5026
51.964535,5.8393545,26705.104,601.48883
51.96291,5.8411083,26685.848,602.2401
51.962276,5.8422637,26799.863,603.31165
51.960403,5.846168,26317.504,604.4014
51.95988,5.847927,26866.422,605.0009
51.958485,5.8482947,26775.979,605.89026
51.957188,5.8528843,26710.84,607.11554
51.9563,5.8547125,26825.695,607.7757
51.954865,5.857067,26825.295,609.0562
51.953568,5.8593206,26843.438,609.75226
51.951206,5.861911,26843.367,610.6909
51.95092,5.863967,26996.832,611.0567
51.94936,5.8659306,26991.654,612.4959
51.9479,5.8686666,26987.617,613.1756
51.946392,5.869935,27110.39,614.0759
51.944714,5.8745837,26836.975,614.9233
51.943455,5.8758316,27163.186,615.55536
51.94228,5.877709,27189.807,616.91754
51.941235,5.880012,27070.066,617.6275
51.938953,5.882487,27134.912,618.54834
51.93803,5.884603,27181.719,619.18835
51.936825,5.886147,27258.17,619.76843
51.935184,5.8887076,27245.04,621.2434
51.934128,5.8916664,27220.008,621.977
51.933228,5.894303,27347.5,623.3687
51.931217,5.8956704,27326.594,624.03925
51.929783,5.899611,27372.512,624.76483
51.928017,5.900613,27360.38,626.2391
51.92768,5.9019737,27372.016,626.94525
51.92625,5.906635,27399.111,627.7554
51.924328,5.9080777,27472.402,628.8276
51.923756,5.911018,27446.727,629.2468
51.921898,5.9123473,27532.887,630.26855
51.91967,5.914599,27232.086,631.2269
51.919136,5.915768,27635.846,632.27374
51.918213,5.9196434,27572.35,633.211
51.916363,5.9208355,27592.88,634.2446
51.915474,5.92501,27592.752,635.10767
51.91443,5.926711,27575.805,635.4869
51.913055,5.92873,27682.023,636.616
51.911343,5.930778,27651.877,637.4153
51.909718,5.9333477,27664.334,638.37573
51.909203,5.9348373,27742.27,639.2383
51.907177,5.9379196,27705.848,640.48505
51.90531,5.938623,27804.256,640.96436
51.90374,5.9418864,27756.361,642.15607
51.902836,5.94556,27837.74,642.42584
51.90136,5.9456325,27874.377,643.7338
51.900093,5.94852,27880.54,644.43787
51.89852,5.9513793,27926.494,645.01556
51.897884,5.9550877,27978.607,646.5042
51.896305,5.955207,27840.213,647.25464
51.89528,5.9580097,27897.627,647.94763
51.893223,5.9597783,27994.914,649.051
51.892334,5.9620395,28030.344,650.31195
51.890934,5.96492,28041.832,650.9826
51.889496,5.9662232,28064.902,651.9464
51.887478,5.9693813,28109.92,652.8222
51.8854,5.970766,27988.367,653.7771
51.885105,5.973658,28148.803,654.60583
51.88293,5.9759893,28159.432,655.0628
51.882427,5.978283,28170.303,656.33307
51.881073,5.978943,28208.676,657.11127
51.879776,5.983335,28260.46,657.9908
51.87654,5.9864874,28062.98,658.99243
51.876762,5.9881597,28353.992,659.94794
51.874382,5.989224,28328.793,660.881
51.87267,5.99225,28329.309,661.49786
51.871727,5.996818,28370.887,662.72406
51.87019,5.9962096,28369.715,663.5533
51.86878,5.998945,28366.496,664.52014
51.867577,6.0011563,28383.879,665.24976
51.866337,6.0041294,28423.748,666.42206
51.863873,6.0054197,28507.678,667.01385
51.86317,6.0073037,28315.271,668.0404
51.861187,6.0087085,28385.07,668.69403
51.86089,6.011996,28532.197,669.9276
51.859818,6.012205,28407.645,671.3062
51.85752,6.015185,28475.83,672.025
51.856102,6.018245,28502.61,672.79944
51.8555,6.021342,28532.172,673.69836
51.85364,6.021546,28565.17,674.6241
51.85145,6.0262527,28598.154,675.25055
51.850452,6.0275135,28600.422,676.5618
51.848946,6.029452,28606.756,677.4044
51.847424,6.032049,28616.678,678.1316
51.84672,6.03517,28647.63,679.14777
51.845673,6.035512,28699.234,680.5718
51.8425,6.0372415,28696.152,681.0204
51.84129,6.0410504,28698.258,681.99
51.840633,6.0433083,28715.602,682.54333
51.839153,6.0448318,28766.158,683.67957
51.835228,6.045399,28602.06,684.3714
51.83474,6.049821,28864.506,685.27484
51.83429,6.0513687,28745.016,686.28986
51.832775,6.0538673,28847.01,687.13983
51.83173,6.055414,28835.375,688.37573
51.829796,6.059973,28851.688,689.2141
51.82878,6.058524,28896.977,689.7917
51.82704,6.0627937,28874.674,691.15295
51.826115,6.0633063,28918.463,691.6201
51.823795,6.066974,28857.791,692.642
51.822605,6.06727,28962.223,693.378
51.8216,6.071699,28932.646,694.51514
51.82004,6.0725455,28952.383,695.19745
51.818424,6.075337,28974.389,696.53864
51.81635,6.0786967,28999.154,697.4271
51.81539,6.079539,29035.213,698.0914
51.813297,6.082643,29056.98,699.3805
51.811897,6.0850315,29086.508,700.039
51.81074,6.0875087,29138.47,701.0937
51.80891,6.088495,29061.32,701.5481
51.80709,6.0909204,29172.223,702.81616
51.806133,6.093056,29178.371,703.38385
51.804993,6.094914,29106.193,704.5479
51.803467,6.098019,29150.678,705.5333
51.80157,6.1007347,29189.549,706.12823
51.8004,6.102945,29199.682,707.2375
51.798504,6.1056395,29247.451,707.924
51.796165,6.108945,29264.195,708.84106
51.795834,6.1096997,29313.637,709.4887
51.79425,6.1118593,29311.07,710.66504
51.7927,6.1137915,29327.895,711.6826
51.790684,6.1165204,29348.564,712.6485
51.790447,6.119897,29342.209,713.6237
51.78869,6.120451,29362.574,714.2471
51.78639,6.122355,29387.72,715.3742
51.784966,6.124505,29398.22,716.44476
51.783054,6.126867,29434.668,716.87427
51.781532,6.1288095,29416.725,718.17584
51.78033,6.1329546,29432.07,719.36444
51.778904,6.135232,29460.346,720.15393
51.777702,6.136058,29470.207,720.6796
51.77651,6.1389003,29506.326,721.1644
51.773407,6.1395154,29493.473,722.1121
51.77338,6.143002,29549.28,723.443
51.771408,6.145514,29539.2,724.1722
51.770016,6.148076,29566.496,725.61835
51.76719,6.150898,29565.535,726.0846
51.76732,6.15045,29609.246,726.782
51.76459,6.153764,29602.96,727.4759
51.763916,6.15647,29619.205,728.4753
51.762394,6.1590962,29567.096,729.6792
51.76164,6.158201,29637.957,730.7275
51.76123,6.1613455,29633.969,732.37744
51.759377,6.1644535,29673.215,733.6639
51.758686,6.165863,29656.924,734.5244
51.75672,6.167946,29661.807,734.8563
51.755024,6.171945,29687.797,736.01227
51.753605,6.1716094,29724.3,736.73517
51.751854,6.174377,29727.102,737.9551
51.74971,6.1760564,29744.938,738.81415
51.749203,6.18086,29749.87,739.99316
51.747875,6.1818247,29759.438,740.414
51.745518,6.1841207,29750.61,741.03436
51.74474,6.185585,29799.719,742.15826
51.74346,6.189981,29803.42,742.5861
51.741573,6.190583,29823.768,743.6465
51.74021,6.1915855,29848.008,744.81445
51.738796,6.1960225,29861.113,745.8462
51.736958,6.1968913,29887.105,746.90826
51.735977,6.1986485,29872.564,747.5371
51.73341,6.203384,29888.701,748.1484
51.73286,6.2046413,29886.023,748.525
51.730385,6.2059317,29896.773,749.7342
51.730324,6.206144,29898.295,750.8309
51.728294,6.2110877,29921.396,751.94385
51.72535,6.212997,29982.59,752.38257
51.724957,6.214096,29987.268,753.9239
51.72322,6.216615,30025.283,754.47455
51.721596,6.218705,30021.955,755.41956
51.720215,6.223042,30024.213,756.3586
51.718433,6.224962,30028.607,757.1446
51.716866,6.2277136,30045.66,758.15845
51.71569,6.2286143,30069.527,759.0441
51.714413,6.230286,30114.072,760.15454
51.712925,6.2340426,30127.271,760.31976
51.711384,6.235258,30127.582,761.1708
51.708553,6.238185,30170.982,762.20605
51.707474,6.2395434,30135.162,763.72107
51.706375,6.2417197,30155.104,764.03784
51.70497,6.2443867,30188.957,765.20734
51.703533,6.245585,30219.37,765.7965
51.70171,6.248116,30239.35,766.7295
51.699764,6.2491007,30225.912,768.36743
51.698082,6.2535458,30260.314,769.0785
51.697964,6.252299,30284.74,769.49536
51.695377,6.2565513,30295.61,770.3316
51.693348,6.258502,30361.357,771.4917
51.692116,6.2619157,30302.871,771.94666
51.69033,6.2647843,30378.156,773.5148
51.68992,6.266102,30357.3,773.44366
51.687263,6.266841,30389.459,774.4417
51.685917,6.2683554,30386.852,775.6493
51.68384,6.2724724,30413.254,776.3058
51.682346,6.274269,30415.871,778.19977
51.682354,6.276912,30463.35,778.83545
51.67949,6.2800417,30478.762,779.89343
51.678288,6.279529,30501.463,780.1959
51.677086,6.284484,30464.906,781.2519
51.674477,6.285359,30475.348,782.2135
51.6737,6.2865753,30527.979,782.9203
51.671864,6.289633,30555.352,783.77576
51.66969,6.2906747,30580.885,784.55457
51.668118,6.29349,30620.705,785.3157
51.667385,6.2960978,30619.492,786.4077
51.665226,6.299345,30590.975,786.7181
51.663555,6.3014135,30622.96,787.77856
51.662037,6.3022757,30677.38,789.21387
51.659836,6.304092,30704.984,789.7017
51.65856,6.3070297,30685.322,791.18896
51.658016,6.308931,30705.129,791.9641
51.65553,6.311633,30740.373,792.5038
51.654293,6.313752,30757.36,793.4448
51.653145,6.314818,30821.791,794.0699
51.650887,6.317512,30783.623,795.1632
51.64937,6.318835,30808.855,796.3938
51.6488,6.3227925,30825.295,797.14624
51.646442,6.3243313,30872.59,797.7779
51.644207,6.327216,30859.92,798.7741
51.643097,6.3288083,30872.037,799.1199
51.642014,6.331124,30881.305,800.6692
51.640198,6.333606,30909.637,801.41235
51.637897,6.3351555,30941.682,802.46075
51.6365,6.3376503,30927.242,803.11505
51.635185,6.340494,30917.521,804.33923
51.633377,6.342055,31024.414,804.80634
51.632103,6.3439198,30956.744,806.0407
51.63054,6.3450456,31020.645,806.58966
51.629017,6.3485417,31117.7,807.60016
51.627525,6.3499985,31047.447,808.59406
51.625484,6.3511763,31079.773,809.1992
51.62445,6.3550653,31075.676,810.4213
51.621582,6.3570995,31147.639,810.92804
51.62139,6.357755,31041.945,811.8331
51.61885,6.3612204,31148.982,812.94806
51.617313,6.3625154,31183.564,813.8527
51.616825,6.364228,31110.445,814.58
51.61428,6.3673987,31164.71,815.6378
51.613712,6.368054,31206.203,816.909
51.611877,6.37085,31173.191,817.5671
51.61019,6.3731146,31190.547,818.61053
51.60896,6.375429,31196.941,819.2485
51.60652,6.379211,31226.088,820.43066
51.60568,6.380046,31249.396,821.11194
51.603302,6.3821797,31312.412,822.32806
51.60221,6.385287,31307.363,823.1343
51.60056,6.386862,31361.268,823.90936
51.59881,6.389761,31325.47,824.9948
51.597507,6.3903203,31390.418,825.6046
51.59596,6.3937354,31406.445,826.61444
51.594242,6.394406,31395.492,827.53467
51.59294,6.396363,31406.627,828.23065
51.59031,6.3979206,31424.727,829.20026
51.58899,6.4003773,31442.426,830.21356
51.58788,6.4037924,31436.873,831.0783
51.58641,6.4060216,31460.586,831.6525
51.584766,6.4068303,31529.281,832.33844
51.583004,6.4099555,31465.357,833.5862
51.581223,6.411524,31571.791,834.52405
51.57941,6.4140863,31527.799,835.60535
51.57808,6.415842,31571.45,836.1545
51.57676,6.417852,31602.025,837.1774
51.574905,6.4204454,31619.07,837.958
51.57314,6.420796,31594.953,838.6965
51.57118,6.424258,31609.896,839.7213
51.56957,6.4270487,31670.686,840.4689
51.567978,6.428546,31676.24,841.294
51.56688,6.4300294,31685.354,842.30334
51.56469,6.4328156,31677.488,843.00195
51.563076,6.4348974,31671.463,844.18756
51.561665,6.436715,31659.508,844.7811
51.55949,6.4396944,31889.602,845.99274
51.558647,6.440482,31734.523,846.7247
51.556488,6.442639,31774.625,847.5981
51.555325,6.4431224,31816.658,848.3461
51.552628,6.4468646,31778.84,849.08276
51.552536,6.449999,31792.639,850.2331
51.550182,6.4492993,31803.451,850.7939
51.548088,6.4528055,31818.514,851.7645
51.546432,6.4538674,31846.887,852.9817
51.545433,6.4580956,31858.414,854.11816
51.54293,6.458343,31877.287,854.8593
51.541576,6.4627833,31938.77,855.54755
51.54036,6.4649086,31933.49,856.1837
51.538242,6.464868,31952.088,857.08105
51.537415,6.470422,31951.31,858.46405
51.53502,6.4700565,31943.486,859.01733
51.533382,6.4736,31924.838,860.6551
51.532715,6.4749007,31954.92,860.8425
51.53071,6.475104,32008.96,862.0945
51.528263,6.478004,32018.066,862.75934
51.52781,6.479948,32016.85,863.6836
51.525448,6.4828296,32022.953,864.4218
51.523937,6.484059,32006.488,865.60376
51.52189,6.4879103,32160.498,866.13904
51.520237,6.4902916,32058.754,866.88196
51.519176,6.490445,32113.805,867.7156
51.51712,6.493035,32126.17,868.78064
51.5156,6.4951777,32191.027,869.60376
51.51404,6.498118,32154.352,870.5176
51.512398,6.498664,32199.309,871.8042
51.511013,6.5031147,32214.434,872.16943
51.50936,6.5034094,32213.732,873.431
51.507416,6.505738,32216.834,874.3024
51.505077,6.5072365,32246.682,875.09576
51.504265,6.50967,32251.664,876.31165
51.502525,6.51275,32267.578,876.9958
51.500637,6.514625,32262.234,877.86145
51.499607,6.5165405,32291.635,878.8196
51.497643,6.51864,32284.498,879.3586
51.496006,6.5200706,32286.361,880.21765
51.49455,6.5221815,32279.85,881.4132
51.493046,6.5258656,32321.582,882.1206
51.49102,6.528269,32391.783,883.3433
51.48923,6.5291996,32384.965,883.4691
51.488403,6.5304327,32418.83,884.93
51.485794,6.532808,32406.691,885.8831
51.484455,6.5348144,32398.955,887.08624
51.48299,6.5381827,32349.205,887.9732
51.481342,6.5406704,32598.096,887.79584
51.48006,6.5404572,32426.893,889.0262
51.47774,6.5440593,32502.963,890.345
51.476665,6.545531,32489.957,891.1037
51.475063,6.5481224,32517.36,892.1127
51.473053,6.550486,32519.418,893.1922
51.471222,6.552501,32535.56,893.7744
51.469894,6.55243,32579.234,894.24506
51.468105,6.5551443,32573.541,895.491
51.465755,6.558571,32577.129,896.6953
51.464664,6.5597153,32597.594,897.31885
51.46322,6.562532,32618.387,898.3711
51.462257,6.562932,32645.396,899.19916
51.45943,6.5663123,32632.115,900.2122
51.45818,6.567683,32643.408,901.5344
51.455887,6.5702844,32641.008,901.92456
51.455017,6.5736194,32653.984,902.42444
51.45267,6.5762095,32659.328,904.0362
51.451294,6.5761294,32688.607,904.4634
51.450447,6.576786,32714.244,905.56384
51.44851,6.580338,32704.748,906.1168
51.446346,6.583877,32815.38,907.33795
51.44497,6.585389,32696.12,908.04083
51.44348,6.586934,32774.387,908.7022
51.44252,6.5905914,32784.492,909.88525
51.440014,6.591928,32805.707,910.7636
51.43814,6.594694,32827.223,911.7245
51.43767,6.596522,32828.254,912.32776
51.434883,6.5972786,32851.69,913.42706
51.433487,6.5990114,32836.31,914.31244
51.432106,6.6019225,32893.473,914.895
51.42928,6.604107,32902.42,915.5616
51.428856,6.6061788,32881.434,916.8469
51.427284,6.6093397,32886.117,917.89856
51.426224,6.6112823,32882.273,918.68756
51.423504,6.6120048,32922.316,919.2823
51.42251,6.615003,32940.844,920.59045
51.420307,6.616815,32954.168,921.3903
51.41797,6.6187863,32967.06,922.15576
51.417225,6.6213536,32933.004,923.5607
51.415745,6.6244407,33016.68,924.16766
51.41356,6.624955,32973.39,924.1851
51.41259,6.6278014,32989.56,925.7213
51.41067,6.630308,33032.375,926.4454
51.408962,6.630952,33086.883,927.8944
51.407707,6.6322737,33086.59,928.6968
51.406258,6.636676,33114.32,929.22516
51.404163,6.6387925,33108.027,930.2944
51.40231,6.64039,33108.137,930.87616
51.40104,6.6415677,33101.14,932.3906
51.39857,6.6446233,33122.477,932.78784
51.398117,6.6452045,33129.855,933.6711
51.396614,6.6489635,33099.723,934.6597
51.395103,6.6517086,33274.367,935.79156
51.39347,6.6520815,33145.996,936.512
51.39177,6.652635,33235.082,937.23315
51.390472,6.655865,33255.438,938.35016
51.38945,6.6560025,33271.01,938.70544
51.387604,6.661339,33240.918,940.2435
51.38432,6.6618886,33237.473,940.9893
51.383614,6.665615,33203.914,941.5942
51.381218,6.6660585,33219.277,942.6263
51.380707,6.6681805,33224.52,943.5725
51.37869,6.6720347,33317.75,944.62646
51.376427,6.672596,33264.43,945.1451
51.375626,6.6755023,33325.734,946.1386
51.372665,6.6765404,33357.66,947.2285
51.37295,6.678859,33388.07,949.01953
51.37016,6.6822476,33393.203,948.88464
51.368587,6.6844597,33393.277,950.3128
51.36838,6.68627,33374.316,950.75824
51.365562,6.68493,33356.95,950.99365
51.364307,6.6894236,33498.285,952.85474
51.36295,6.6908813,33378.676,952.9539
51.359634,6.6955886,33421.39,954.46704
51.358624,6.6973877,33479.418,955.16394
51.35808,6.697715,33510.055,956.1083
51.35519,6.700874,33514.42,956.7101
51.353107,6.7025495,33528.758,957.73395
51.352142,6.70441,33497.918,959.0339
51.3512,6.708163,33530.59,959.4777
51.348495,6.7106557,33547.086,960.9651
51.347076,6.7113323,33587.664,961.4771
51.345837,6.7139955,33603.21,962.2945
51.343853,6.715739,33596.258,963.11224
51.341305,6.7186904,33603.324,964.2387
51.340305,6.719333,33624.094,965.0159
51.338654,6.721587,33627.01,966.45325
51.337524,6.725555,33624.055,966.7539
51.33545,6.7251234,33632.414,967.7245
51.334938,6.7271724,33620.277,968.3502
51.333023,6.729577,33645.223,969.4107
51.330894,6.732003,33751.445,970.27545
51.32958,6.7363925,33653.164,971.15967
51.32808,6.7354536,33664.4,971.8561
51.326416,6.737091,33610.01,972.86786
51.324055,6.7393513,33625.195,973.87445
51.321423,6.7430177,33665.918,975.1818
51.3209,6.7441273,33691.062,975.6529
51.31851,6.747884,33808.34,976.53394
51.31745,6.748109,33722.23,977.6596
51.315437,6.7496786,33771.133,978.50696
51.31289,6.7510653,33803.11,979.1291
51.312164,6.7540936,33786.777,980.1913
51.310535,6.7560616,33775.043,981.1728
51.308643,6.7583785,33803.03,982.17786
51.307495,6.7602096,33828.48,982.62933
51.30582,6.7620897,33809.965,983.3889
51.304478,6.7645082,33846.438,984.511
51.30288,6.7674055,33904.305,985.4728
51.299618,6.768703,33875.926,986.3612
51.29922,6.7710123,33880.562,987.5028
51.298252,6.772011,33895.953,988.269
51.29548,6.775799,33901.246,988.98663
51.294064,6.7782454,33917.73,989.9575
51.292007,6.7783375,33933.223,991.3046
51.29053,6.7822623,33926.27,991.7168
51.288864,6.7834554,33932.938,992.51544
51.287983,6.7851167,33941.168,993.541
51.285748,6.78719,33984.996,994.2091
51.28418,6.7901464,33993.906,995.0296
51.283073,6.7914104,34004.26,996.1321
51.281197,6.793902,34008.664,997.0628
51.279446,6.7975073,34044.777,997.7847
51.277412,6.7982993,34033.1,998.7255
51.27585,6.799536,34065.25,999.67914
51.27363,6.802657,34040.26,1000.52484
51.272804,6.802271,34043.223,1001.3415
51.27052,6.8066664,34125.277,1002.26276
51.26928,6.8083572,34075.31,1003.1785
51.26763,6.8106112,34100.797,1003.7372
51.266052,6.811749,34097.133,1004.9335
51.26425,6.81456,34138.227,1006.0997
51.262085,6.8162084,34111.87,1006.54443
51.261738,6.818629,34138.883,1008.0165
51.259808,6.8207617,34141.062,1008.3975
51.257538,6.822921,34181.406,1009.5461
51.256683,6.823918,34204.176,1010.37555
51.25361,6.826909,34181.72,1011.20056
51.253113,6.8278885,34211.42,1012.24664
51.250397,6.830677,34203.613,1013.2483
51.25052,6.831117,34233.098,1013.9538
51.2464,6.834456,34220.754,1014.7169
51.24579,6.8352637,34243.59,1015.7616
51.244926,6.838334,34218.03,1017.02954
51.242695,6.84147,34227.996,1017.65894
51.241783,6.842843,34253.742,1018.83295
51.23933,6.844275,34270.105,1019.58966
51.23865,6.846264,34306.297,1020.43207
51.236366,6.8483925,34321.266,1021.3619
51.235188,6.8508034,34316.75,1022.1793
51.232883,6.852871,34313.918,1022.8449
51.231544,6.854005,34314.574,1023.84546
51.229843,6.856042,34337.645,1025.0659
51.228455,6.8584123,34341.16,1025.7778
51.22613,6.860072,34364.113,1026.7145
51.223995,6.8639016,34383.883,1027.6057
51.223404,6.865219,34381.04,1028.3394
51.22215,6.8680816,34400.49,1029.414
51.220387,6.8700333,34425.19,1030.2831
51.217983,6.8711987,34399.4,1030.8184
51.2171,6.873424,34400.87,1032.0543
51.215492,6.874835,34462.95,1033.0529
51.213013,6.8772087,34432.92,1033.7853
51.21238,6.8786373,34461.734,1034.5957
51.21016,6.881181,34458.5,1035.2677
51.209084,6.8838615,34446.93,1036.4285
51.2073,6.8849063,34471.8,1037.0657
51.204254,6.889247,34464.207,1038.3674
51.20385,6.890633,34476.46,1039.0607
51.201763,6.8908834,34484.75,1039.6512
51.200153,6.892756,34488.652,1040.8982
51.198227,6.8969507,34494.12,1041.4946
51.19736,6.8974576,34502.793,1042.6475
51.1946,6.8989525,34513.156,1043.4662
51.193584,6.9013643,34504.812,1044.3171
51.19254,6.904528,34580.7,1045.4408
51.19025,6.905914,34538.598,1046.0675
51.18905,6.907095,34546.242,1047.086
51.18784,6.9107785,34553.336,1047.7147
51.18484,6.912981,34560.9,1048.8365
51.18463,6.914358,34558.29,1049.9287
51.181763,6.915844,34579.156,1050.693
51.179993,6.918447,34588.93,1051.8412
51.1788,6.920232,34586.145,1052.5264
51.176376,6.921329,34603.863,1053.0933
51.174927,6.9236197,34575.42,1054.4539
51.173645,6.9265957,34586.35,1055.2267
51.172348,6.9269905,34588.98,1055.8768
51.171303,6.9295373,34558.727,1056.9966
51.168392,6.932244,34586.727,1057.7593
51.16732,6.9327846,34589.066,1058.6447
51.165775,6.935861,34620.453,1059.6826
51.163643,6.938281,34676.004,1060.2651
51.16225,6.9374084,34648.72,1061.3094
51.160164,6.9421034,34642.68,1062.3573
51.158527,6.9437847,34620.367,1062.5491
51.158,6.945935,34632.94,1064.2667
51.155373,6.946567,34626.777,1065.2715
51.153717,6.949699,34645.773,1065.997
51.152363,6.9504457,34679.777,1066.641
51.15118,6.9525633,34702.688,1067.2867
51.148346,6.9537344,34693.652,1068.8514
51.146347,6.957108,34707.523,1069.224
51.146214,6.959064,34693.11,1070.7135
51.144066,6.9600773,34728.777,1071.1426
51.14264,6.963208,34730.17,1072.0894
51.140656,6.96395,34736.36,1072.7961
51.1401,6.9667006,34750.375,1073.7844
51.136536,6.966284,34750.406,1075.1139
51.13645,6.9701643,34755.5,1075.2664
51.134605,6.97339,34761.24,1076.487
51.1329,6.9739275,34762.57,1077.7823
51.129494,6.9761815,34739.723,1078.1967
51.12931,6.9769707,34776.11,1078.6036
51.128952,6.980415,34749.57,1080.0139
51.12472,6.981377,34782.613,1080.8905
51.12408,6.9844823,34786.02,1081.9766
51.121613,6.9845457,34801.227,1082.8911
51.12032,6.9895287,34774.98,1083.8025
51.119076,6.991084,34776.24,1084.6384
51.116344,6.992677,34787.402,1085.2378
51.115185,6.995084,34805.984,1086.1273
51.114353,6.9959373,34818.24,1087.373
51.113647,6.999066,34837.168,1088.144
51.109444,7.0003524,34813.68,1089.0867
51.108643,7.0015116,34833.72,1089.8882
51.10736,7.0034633,34858.875,1090.4088
51.106018,7.0034237,34856.223,1092.1279
51.10283,7.0072055,34846.12,1092.6561
51.102585,7.009073,34869.41,1093.5211
51.10123,7.0120916,34861.6,1094.469
51.098602,7.012799,34851.81,1095.012
51.097282,7.0145993,34877.67,1096.1239
51.09583,7.016003,34882.164,1096.3112
51.093315,7.0189967,34898.875,1097.6777
51.092434,7.0205703,34902.867,1098.7252
51.090103,7.0238385,34895.133,1099.6936
51.088223,7.025311,34900.895,1100.6376
51.086792,7.0265574,34909.992,1101.4988
51.08537,7.0317044,34888.992,1102.4695
51.083733,7.030838,34890.51,1102.9454
51.082336,7.03219,34920.88,1104.3945
51.07985,7.0346065,34925.49,1104.9401
51.078518,7.036088,34942.258,1106.0355
51.077312,7.0388217,34948.824,1107.0204
51.075504,7.0387754,34943.086,1107.6464
51.073093,7.0422683,34934.83,1108.8372
51.07123,7.045079,34924.22,1109.3176
51.06953,7.044964,34950.625,1109.9718
51.067986,7.047064,34973.457,1111.3948
51.06651,7.049376,34980.473,1111.7915
51.06496,7.051155,34979.23,1112.9877
51.06357,7.054354,34983.82,1114.3431
51.06259,7.05561,34988.79,1114.8059
51.060143,7.0574346,34981.92,1115.6539
51.058956,7.060139,34984.957,1116.8126
51.056873,7.0616627,34968.184,1117.6389
51.05524,7.0617166,34989.574,1118.2759
51.054104,7.064328,34984.938,1118.9196
51.051632,7.0662956,34989.434,1120.6122
51.0504,7.0675883,35002.02,1121.2958
51.04847,7.070697,35027.812,1121.7433
51.047325,7.073323,35023.777,1123.2631
51.046223,7.072561,35022.637,1123.1873
51.043327,7.0756874,35029.805,1125.0741
51.042126,7.0778446,35063.57,1125.1017
51.03921,7.0808806,35021.273,1126.8293
51.039383,7.081029,35075.93,1127.195
51.036854,7.083345,35084.49,1127.8525
51.03468,7.0868964,35050.758,1129.2375
51.03508,7.0883718,35064.348,1129.7471
51.031868,7.088961,35058.766,1131.2596
51.029747,7.092335,35058.17,1131.4651
51.02888,7.093691,35075.008,1133.0372
51.0274,7.0955596,35097.586,1133.3467
51.02545,7.095991,35109.887,1134.439
51.022972,7.0998907,35086.32,1135.3014
51.022125,7.100613,35081.895,1135.9785
51.020958,7.10362,35061.617,1136.8606
51.019062,7.103269,35073.56,1137.7797
51.01733,7.106504,35095.777,1138.9601
51.015057,7.108839,35101.566,1139.81
51.012608,7.111097,35131.97,1141.0507
51.012264,7.112708,35121.23,1141.639
51.01019,7.1137996,35134.95,1142.5364
51.00806,7.1156483,35113.86,1143.7615
51.007927,7.1184673,35161.32,1144.179
51.005146,7.120297,35162.754,1144.8208
51.00374,7.1213884,35162.22,1146.2622
51.002003,7.1246705,35174.086,1146.6447
51.000122,7.125534,35161.754,1147.7821
50.998886,7.1281986,35182.02,1148.9104
50.995842,7.1297545,35197.3,1149.6895
50.99387,7.132107,35183.645,1150.5641
50.993942,7.134209,35192.152,1151.6213
50.99159,7.1354303,35170.48,1152.3157
50.98972,7.136674,35172.61,1153.2869
50.9884,7.1396255,35167.055,1153.8927
50.987087,7.1401777,35192.45,1154.8809
50.98475,7.1418447,35203.367,1156.1007
50.983803,7.1442447,35236.277,1156.8276
50.98077,7.1459904,35210.81,1157.7468
50.980324,7.1499033,35201.258,1158.7979
50.978523,7.150632,35208.6,1159.364
50.97639,7.152052,35235.07,1160.2981
50.974213,7.1542087,35243.656,1161.6863
50.97315,7.1548615,35227.152,1162.4028
50.970615,7.1584196,35166.277,1163.3535
50.969547,7.1590223,35229.105,1164.1323
50.968002,7.159971,35239.008,1164.8135
50.966057,7.1636424,35244.883,1165.8196
50.964973,7.1651,35239.586,1166.7368
50.962887,7.1644955,35256.14,1167.361
50.961365,7.167518,35247.01,1168.8074
50.958923,7.169268,35251.027,1169.4298
50.957283,7.1729016,35224.09,1170.0844
50.956013,7.1743803,35216.12,1171.2183
50.954033,7.175748,35260.227,1172.1528
50.952454,7.1800346,35269.684,1172.9884
50.95003,7.178091,35293.844,1173.9934
50.94917,7.180851,35315.336,1174.8256
50.947437,7.1820164,35328.96,1175.5317
50.94561,7.186015,35355.758,1176.1079
50.94439,7.187957,35364.43,1177.4153
50.941986,7.1900153,35362.79,1178.6656
50.939888,7.1915765,35346.664,1179.4525
50.939087,7.193286,35322.71,1180.3744
50.938198,7.196091,35323.496,1181.021
50.935574,7.195903,35346.13,1181.852
50.93382,7.1980085,35338.293,1182.7804
50.93219,7.198803,35317.246,1183.9844
50.930958,7.2021093,35352.902,1184.4502
50.928314,7.2030005,35357.496,1185.4447
50.927696,7.204499,35383.918,1186.5687
50.92518,7.2071414,35360.926,1187.1812
50.924118,7.209876,35361.582,1187.9531
50.921288,7.2132235,35339.03,1189.3251
50.92056,7.21498,35303.883,1189.5277
50.918118,7.215551,35341.31,1190.7406
50.91593,7.2187443,35393.47,1191.7993
50.915222,7.2189636,35411.29,1192.5247
50.913,7.220025,35397.68,1193.3645
50.911137,7.221167,35379.055,1194.4373
50.909035,7.2234526,35379.125,1195.2955
50.90738,7.2253785,35399.227,1196.2762
50.905823,7.2282577,35369.324,1197.3357
50.904957,7.228818,35474.527,1198.1829
50.90213,7.232757,35382.566,1198.7368
50.902073,7.232191,35470.31,1199.5383
50.898952,7.235245,35444.52,1200.94
50.89707,7.235883,35467.348,1201.9198
50.894554,7.2390914,35472.973,1202.1189
50.8935,7.2386875,35494.47,1203.2349
50.892258,7.2411327,35486.066,1204.7087
50.889057,7.24435,35461.95,1204.9652
50.888298,7.2454886,35480.496,1206.0032
50.88615,7.2479124,35468.332,1207.0981
50.885487,7.2497635,35498.066,1207.844
50.882973,7.2501717,35509.664,1208.701
50.88142,7.2511773,35526.887,1209.822
50.87933,7.253106,35493.984,1210.5133
50.877552,7.254601,35535.938,1211.2819
50.8768,7.25761,35538.445,1212.237
50.8751,7.25888,35537.113,1213.1188
50.87272,7.260363,35535.184,1214.2823
50.87102,7.263065,35541.023,1214.9575
50.86988,7.2649646,35535.773,1216.0807
50.867306,7.266466,35501.508,1216.8884
50.86583,7.266412,35494.027,1217.6608
50.864758,7.2676125,35492.984,1218.972
50.862385,7.2711954,35499.12,1219.2865
50.86258,7.2724996,35522.332,1220.4343
50.858307,7.27409,35558.31,1221.4215
50.857594,7.275578,35625.04,1222.0979
50.855755,7.278863,35568.94,1222.7925
50.853546,7.2804747,35645.25,1223.8943
50.851524,7.2823663,35623.96,1224.9202
50.84837,7.283793,35600.85,1225.5215
50.847557,7.283532,35606.312,1226.6669
50.845654,7.2866836,35626.8,1227.2903
50.843983,7.2887564,35629.223,1228.3657
50.842747,7.2900925,35611.8,1229.478
50.840992,7.2916813,35628.934,1230.3713
50.83998,7.293069,35630.895,1230.8962
50.83728,7.2933035,35636.812,1231.7115
50.835773,7.296276,35643.996,1232.9445
50.833794,7.298118,35624.332,1233.7793
50.832256,7.300504,35622.895,1234.7322
50.830734,7.300983,35641.895,1235.8518
50.828518,7.303699,35676.38,1236.4415
50.827545,7.3061733,35662.137,1237.1764
50.825615,7.3067164,35657.31,1238.2385
50.823418,7.307688,35684.645,1238.6248
50.821262,7.3101,35662.492,1240.292
50.820637,7.3108354,35650.23,1240.648
50.81854,7.313923,35661.004,1242.1149
50.815784,7.3150744,35703.023,1242.6296
50.814705,7.316665,35732.97,1243.411
50.812405,7.317945,35724.47,1244.3105
50.810085,7.3194084,35736.31,1245.512
50.809208,7.322786,35721.28,1246.4015
50.80891,7.3245683,35732.28,1246.3672
50.8051,7.324979,35710.32,1249.031
50.80372,7.3260927,35716.875,1248.7561
50.803158,7.328263,35726.79,1249.5399
50.80132,7.329716,35739.52,1250.8978
50.79831,7.333124,35741.945,1251.8169
50.795834,7.3337145,35739.45,1252.4984
50.794376,7.335692,35725.953,1253.2744
50.793503,7.337528,35725.793,1254.2937
50.792446,7.3381386,35739.62,1255.2505
50.789795,7.340496,35744.09,1255.9454
50.788136,7.342483,35762.17,1257.239
50.7862,7.343697,35780.027,1257.9962
50.78468,7.345735,35789.574,1258.7771
50.782875,7.3470435,35809.504,1259.7139
50.78006,7.3486023,35726.31,1260.2336
50.779446,7.3503733,35696.555,1261.346
50.776875,7.350752,35828.246,1262.041
50.77473,7.35378,35781.484,1263.4667
50.772266,7.3564267,35800.16,1263.4467
50.772846,7.3555746,35798.16,1264.7999
50.770607,7.3587523,35809.45,1266.3345
50.767406,7.357981,35794.28,1266.8405
50.766422,7.364759,35772.117,1268.0983
50.76421,7.365508,35800.582,1268.2183
50.762672,7.364961,35819.547,1269.5763
50.761486,7.366034,35830.055,1270.2354
50.759842,7.3680735,35804.203,1271.3965
50.758595,7.37128,35789.03,1271.9178
50.75631,7.3718586,35804.31,1272.7755
50.75487,7.373681,35816.957,1273.8489
50.752934,7.3750515,35839.992,1274.7842
50.75053,7.37684,35879.582,1275.5076
50.748543,7.379622,35860.355,1276.1388
50.747814,7.3814125,35842.254,1277.6033
50.744194,7.3835154,35845.996,1278.123
50.743702,7.3831205,35868.95,1279.0864
50.742332,7.3872466,35826.812,1280.5275
50.740543,7.3862076,35863.906,1280.808
50.739902,7.3895087,35848.53,1282.0145
50.73615,7.391582,35827.98,1282.7991
50.734615,7.3917046,35862.42,1283.7164
50.733448,7.3932576,35861.438,1284.5134
50.731495,7.395109,35793.72,1285.3728
50.729965,7.3970613,35868.168,1286.4767
50.727844,7.3985376,35876.477,1286.9745
50.725414,7.4016166,35842.758,1288.2974
50.725494,7.401139,35817.2,1289.2888
50.722866,7.403014,35831.44,1289.9215
50.720867,7.4045405,35890.684,1290.7052
50.719566,7.407356,35953.188,1291.7507
50.716385,7.409634,35750.69,1292.9271
50.715214,7.409922,35939.027,1293.5867
50.713093,7.4111385,35901.883,1294.6986
50.711746,7.4151745,35902.77,1295.1638
50.709816,7.4139223,35901.28,1295.9099
50.707806,7.416427,35886.92,1297.2257
50.706654,7.418403,35874.773,1297.6188
50.704,7.420673,35869.004,1299.2218
50.703854,7.4203715,35899.234,1299.8702
50.699886,7.423884,35900.25,1300.5458
50.697983,7.423442,35892.72,1301.2885
50.697514,7.4258513,35910.156,1302.6134
50.694633,7.429385,35895.285,1303.9535
50.69332,7.4301505,35919.316,1303.6062
50.692387,7.4322834,35874.754,1305.9392
50.68999,7.431435,35877.17,1305.8087
50.68695,7.4371123,35837.99,1306.663
50.686825,7.4338837,35887.703,1307.685
50.685364,7.4396496,35910.883,1308.783
50.681572,7.4393663,35910.105,1309.6991
50.6802,7.4422755,35894.42,1310.3153
50.67944,7.44223,35899.957,1311.2286
50.677284,7.4453874,35889.527,1312.3447
50.675514,7.446887,35903.71,1312.891
50.674557,7.4463444,35923.824,1314.2301
50.671555,7.4488034,35925.547,1314.7756
50.669807,7.4508367,35927.797,1315.666
50.670204,7.453568,35932.195,1316.7985
50.666798,7.454178,35919.457,1317.5885
50.663284,7.454113,35928.566,1318.5216
50.6635,7.4566474,35927.805,1319.2148
50.661003,7.4590263,35903.1,1320.9453
50.659676,7.4599376,35921.324,1320.7223
50.656887,7.4614835,35900.7,1321.7571
50.65548,7.4641485,35899.023,1323.0297
50.653095,7.466164,35937.1,1323.7781
50.651726,7.4669385,35924.562,1324.989
50.652775,7.4667926,35901.223,1325.3248
50.64799,7.469835,35925.34,1326.5125
50.647797,7.4718776,35913.69,1327.4263
50.646046,7.470362,35920.94,1328.5479
50.643944,7.473599,35900.387,1329.0708
50.64124,7.4743004,35898.98,1330.1163
50.63998,7.479451,35897.8,1330.9379
50.636368,7.479611,35929.81,1331.9302
50.634705,7.4815946,35928.234,1332.6903
50.63428,7.4830275,35930.176,1333.8379
50.630634,7.4846807,35932.637,1334.4188
50.629932,7.485274,35922.875,1335.3539
50.628193,7.487525,35918.773,1336.3502
50.62694,7.4877815,35926.754,1337.3956
50.625137,7.489899,35903.605,1338.1462
50.62328,7.4909515,35890.133,1339.034
50.621006,7.493412,35904.63,1339.8357
50.62046,7.4939494,35897.215,1340.7954
50.617836,7.4948187,35896.58,1341.6082
50.615788,7.49729,35904.855,1342.6444
50.614113,7.5005465,35916.38,1343.5627
50.61237,7.5010467,35938.215,1344.2786
50.60948,7.5009475,35912.047,1345.3086
50.608643,7.5043874,35886.117,1345.9882
50.60753,7.506387,35891.62,1347.2422
50.60433,7.508024,35893.07,1348.1562
50.60273,7.508794,35903.855,1348.6556
50.60133,7.510754,35888.883,1349.7382
50.599537,7.5104127,35886.32,1350.849
50.59794,7.512787,35873.586,1351.3508
50.596523,7.5147347,35901.008,1352.4001
50.593906,7.515617,35927.824,1353.467
50.592495,7.5167975,35917.926,1354.3856
50.58974,7.5191693,35913.957,1355.1132
50.589386,7.5228415,35916.227,1356.2576
50.586777,7.522675,35942.836,1356.9889
50.58524,7.525079,35959.39,1357.809
50.582455,7.5266485,35954.62,1358.7433
50.581432,7.5283356,35960.16,1359.4816
50.579586,7.5301332,35933.895,1360.5602
50.57621,7.5329294,35945.25,1361.4517
50.575344,7.5343933,35953.496,1362.5402
50.573593,7.5338607,35948.39,1363.0497
50.571915,7.536903,35939.19,1364.0659
50.56989,7.5394425,35926.746,1364.5709
50.569565,7.538372,35950.92,1365.6902
50.564598,7.540229,35928.06,1367.0387
50.5638,7.5431848,35931.46,1367.5535
50.563908,7.5432143,35915.94,1368.702
50.560886,7.547694,35815.31,1369.4731
50.558933,7.545335,35925.453,1370.4257
50.5582,7.5490575,35941.39,1370.9661
50.55509,7.5491004,35965.195,1371.7644
50.553333,7.55108,35928.07,1372.8419
50.552322,7.5503397,35930.062,1373.7777
50.549088,7.553795,35924.59,1375.0028
50.548325,7.5559235,35954.08,1375.9241
50.546364,7.5579534,35959.594,1376.463
50.544205,7.559829,35944.887,1377.5001
50.542145,7.560151,35975.207,1378.449
50.539352,7.5633173,35849.652,1379.228
50.540318,7.5618095,35974.84,1380.1108
50.536785,7.566666,35957.223,1381.3625
50.534843,7.56627,35982.676,1381.8167
50.534595,7.5681806,35989.305,1382.794
50.530922,7.5695043,35751.77,1383.8748
50.53035,7.5711875,35976.26,1384.2338
50.52898,7.5721684,35939.64,1385.5414
50.525826,7.5742984,35937.004,1386.4321
50.52524,7.5765357,35944.926,1387.3667
50.522976,7.576469,35974.523,1387.9944
50.520836,7.5797915,35855.87,1389.0651
50.518826,7.580852,35956.473,1390.194
50.518066,7.5813336,35945.44,1390.5984
50.51594,7.5832043,35939.13,1391.6307
50.512737,7.5846686,35898.54,1392.9918
50.510677,7.5873427,35913.668,1393.1129
50.50976,7.5878615,35933.484,1394.5615
50.508133,7.5887637,35947.277,1395.1318
50.50613,7.590054,35929.57,1395.9681
50.504734,7.5927052,35927.902,1397.0225
50.502018,7.5938573,35931.24,1398.0746
50.50093,7.5949535,35955.77,1398.7722
50.49779,7.597126,35965.34,1399.609
50.496548,7.597974,35930.707,1400.5211
50.495876,7.5995483,35935.023,1401.5519
50.49276,7.602081,35914.96,1402.5769
50.490505,7.603111,35919.438,1403.36
50.488625,7.6045,35891.098,1404.0994
50.487568,7.6061645,35909.83,1404.9193
50.485996,7.607996,35907.45,1405.9928
50.483837,7.609062,35928.445,1406.9418
50.482307,7.6096606,35939.477,1408.0408
50.48061,7.613781,35936.44,1408.6754
50.479877,7.6128955,35966.74,1409.4763
50.478153,7.6156096,35953.117,1410.3318
50.47497,7.6141567,36018.965,1411.2144
50.47288,7.6182785,35869.31,1412.7201
50.471222,7.6198773,35906.453,1413.1245
50.4694,7.621801,35992.016,1413.9181
50.466988,7.6248274,35972.13,1414.7495
50.46647,7.6226354,35976.8,1415.946
50.462597,7.6254196,35982.19,1416.8002
50.46263,7.627322,35912.273,1417.3712
50.46016,7.629897,35945.44,1418.875
50.456314,7.6313667,36000.52,1419.364
50.45709,7.633996,35755.438,1420.3324
50.454384,7.632413,36000.05,1421.3068
50.45381,7.632569,35948.836,1422.4052
50.449547,7.638463,35907.527,1423.2466
50.449436,7.636299,35942.094,1423.8446
50.44973,7.6403694,35877.668,1424.9886
50.444897,7.640857,35927.215,1425.8953
50.443676,7.6411657,35945.652,1426.6249
50.44198,7.644662,35872.62,1427.7676
50.44195,7.6464243,35951.13,1428.7856
50.437405,7.648416,35976.62,1429.681
50.436512,7.648937,36019.668,1430.0656
50.435276,7.6514163,35924.367,1431.0405
50.431877,7.651471,35944.332,1431.9857
50.430233,7.6539793,36011.92,1432.8641
50.42956,7.654905,35953.293,1433.7073
50.426445,7.6571474,35938.77,1435.0465
50.42599,7.657054,35933.35,1435.771
50.422718,7.6602607,35920.914,1436.3074
50.42239,7.6603723,35912.414,1437.5867
50.419205,7.6627336,35949.77,1438.4923
50.41671,7.663272,35978.406,1439.3444
50.41671,7.6659203,35965.926,1440.4502
50.41415,7.6666684,35969.01,1440.8677
50.41214,7.668933,35955.863,1441.9487
50.411613,7.67034,35943.562,1443.0009
50.409115,7.6712728,35965.875,1443.6746
50.407825,7.6725135,35962.875,1444.6067
50.4066,7.674806,35976.52,1445.4102
50.40336,7.6748343,35984.207,1446.4358
50.401066,7.6771197,35978.746,1447.3259
50.40036,7.679948,35964.477,1448.3165
50.397842,7.6785917,35958.004,1449.0399
50.396564,7.680838,35946.38,1450.0178
50.395298,7.6832213,35933.87,1450.7302
50.39261,7.6828113,35968.504,1451.6774
50.390972,7.6859694,35982.062,1452.9496
50.38821,7.6869674,35848.348,1453.656
50.38867,7.689017,35995.008,1454.7798
50.385536,7.690626,35828.57,1455.4878
50.38368,7.69274,35971.66,1456.0938
50.38174,7.69462,35967.832,1457.1727
50.380516,7.6943097,35958.008,1458.1592
50.37861,7.6948204,35963.914,1458.8752
50.376366,7.6994886,35903.453,1459.7966
50.37403,7.7018247,35990.18,1460.804
50.372837,7.702906,35958.168,1461.5166
50.37059,7.7015114,35948.47,1462.5396
50.368217,7.704367,35954.668,1463.1888
50.367672,7.7043986,35946.176,1464.237
50.365097,7.706783,35963.637,1465.2365
50.36316,7.7074623,35989.242,1465.8678
50.361786,7.7096076,35975.508,1467.0764
50.359528,7.712199,35981.348,1468.2386
50.358944,7.712277,35974.81,1468.5481
50.35552,7.713624,35968.59,1470.0334
50.35507,7.7151294,35979.78,1470.6222
50.351593,7.7163696,35958.5,1471.63
50.35095,7.718558,35955.57,1472.4514
50.34874,7.718481,35951.39,1473.1818
50.346596,7.720205,35950.355,1474.1942
50.34442,7.7236485,35979.395,1474.9149
50.344727,7.723585,35942.145,1475.9766
50.34151,7.724506,35925.02,1477.1162
50.339073,7.7272944,35933.1,1477.8362
50.33866,7.729173,35943.367,1478.4453
50.336132,7.7286396,35962.152,1480.2012
50.33405,7.731919,35955.832,1480.6813
50.330597,7.73189,35943.28,1481.0541
50.33221,7.734715,35909.38,1482.4244
50.329037,7.734307,35935.125,1482.8668
50.326378,7.7351236,36003.266,1484.0475
50.325893,7.7362146,36004.633,1484.8752
50.32374,7.7419724,35767.254,1486.0992
50.321404,7.7414846,36005.414,1486.9615
50.31853,7.742939,35968.445,1487.728
50.317818,7.745555,35961.207,1488.407
50.31663,7.745878,35967.46,1489.4811
50.314552,7.747828,35972.305,1490.5785
50.311867,7.7484717,36022.36,1491.0471
50.310726,7.751214,36035.598,1492.2062
50.308643,7.75312,35873.188,1493.2333
50.30624,7.752283,36046.23,1493.7712
50.30591,7.7546325,35979.89,1495.0145
50.302944,7.7558894,35924.453,1495.7515
50.300453,7.758156,35967.2,1496.7625
50.299236,7.7592425,35946.47,1497.6079
50.296715,7.7595825,35967.97,1498.3429
50.296894,7.7620916,35971.84,1499.2645
50.29306,7.7612925,35970.688,1500.3978
50.29204,7.765251,35991.41,1500.9153
50.289627,7.766406,35979.07,1501.9766
50.289513,7.7665234,35981.938,1502.8744
50.286453,7.7669525,35981.133,1503.8555
50.285606,7.770497,35930.17,1504.8329
50.283997,7.7707443,35985.32,1505.9734
50.281372,7.772337,35964.64,1506.4302
50.279396,7.7732263,36026.55,1507.5851
50.277206,7.774079,35990.754,1508.2784
50.276005,7.776659,36007.688,1508.9861
50.273582,7.7787185,35978.535,1509.9098
50.27319,7.780062,35977.19,1511.0972
50.270386,7.781209,35961.402,1511.7524
50.26927,7.782576,35901.125,1512.8976
50.267082,7.7836757,35935.062,1513.6805
50.265408,7.7865596,35979.68,1514.4982
50.263947,7.787123,35913.547,1515.2086
50.259712,7.7891755,36000.48,1516.1675
50.25882,7.7901435,36004.95,1517.2894
50.256203,7.7915835,35958.72,1518.3486
50.25423,7.792328,35978.06,1519.1329
50.25521,7.794376,35959.727,1520.0226
50.252613,7.7961335,35987.94,1521.127
50.250725,7.7946663,35965.54,1521.6204
50.247753,7.7991343,35984.19,1522.5538
50.246784,7.7993345,36008.492,1523.2881
50.244747,7.8028007,35974.09,1524.5726
50.242817,7.8026295,35982.332,1525.1865
50.241825,7.8039846,35981.094,1525.9445
50.238674,7.8026795,35939.688,1527.1106
50.23792,7.8044844,35997.934,1528.1481
50.234863,7.8088193,35948.492,1528.8121
50.23402,7.8092027,35946.242,1529.5878
50.231552,7.810958,35933.117,1530.5023
50.229923,7.8102436,35948.703,1531.4608
50.228703,7.815366,35976.906,1532.2815
50.225883,7.815155,35928.312,1533.6254
50.2248,7.8157506,35947.523,1534.198
50.22251,7.817612,35888.977,1535.2269
50.220615,7.818888,35983.97,1536.24
50.218403,7.8200965,35971.297,1536.9194
50.216984,7.821003,35967.37,1537.9647
50.213123,7.824492,35842.9,1538.6809
50.213768,7.8246617,36059.918,1539.5205
50.21203,7.826196,35889.24,1540.3201
50.20794,7.8274083,35983.99,1541.2202
50.207603,7.8279023,35964.562,1542.4902
50.204742,7.8300834,35974.223,1542.898
50.20289,7.8323026,35983.57,1544.5232
50.200985,7.8343124,35915.918,1545.3386
50.20003,7.8348193,35987.023,1545.7471
50.19802,7.835086,35964.023,1546.8729
50.196476,7.83641,36046.746,1547.6522
50.193596,7.8428164,35854.7,1548.5198
50.19155,7.841035,36042.2,1549.58
50.1896,7.841544,35874.836,1550.3004
50.18929,7.842703,36027.137,1551.1941
50.185974,7.844499,35713.617,1552.297
50.186035,7.8450303,36004.71,1552.9885
50.182648,7.845531,35980.164,1553.838
50.18094,7.847047,35889.055,1554.7175
50.178295,7.8507156,35980.637,1556.021
50.177784,7.8513684,35985.95,1556.6587
50.17603,7.8524113,35985.18,1557.4773
50.173027,7.853933,35993.652,1558.705
50.17183,7.854543,35951.863,1559.492
50.16858,7.857443,35941.816,1560.1115
50.167824,7.8590226,35905.332,1561.5455
50.164467,7.8582706,36023.72,1562.0543
50.162846,7.8621097,35865.223,1563.0354
50.161224,7.860162,36001.945,1563.6163
50.160603,7.863528,35851.03,1564.7427
50.158665,7.86323,35991.457,1565.5608
50.15674,7.8646107,35978.855,1566.3306
50.155785,7.867832,35961.062,1567.6556
50.153255,7.869695,35959.598,1568.0983
50.150234,7.8691154,35960.07,1569.1636
50.148987,7.8695865,35969.266,1569.8848
50.147076,7.871272,35969.99,1571.0447
50.144497,7.872318,35918.477,1572.1959
50.143406,7.8755293,35965.715,1572.9297
50.140614,7.8771815,35966.645,1573.194
50.13968,7.8778133,35898.86,1574.6119
50.135983,7.8785625,35972.61,1575.4202
50.13677,7.878947,35970.34,1576.3363
50.134026,7.881768,36011.797,1577.5834
50.1301,7.8825006,35809.234,1578.1863
50.13038,7.884504,36031.145,1578.6167
50.129726,7.8838587,36001.547,1579.8403
50.1262,7.885911,35916.957,1581.4291
50.122944,7.886627,35879.035,1581.6295
50.12205,7.889547,35944.777,1582.7534
50.121483,7.892317,35924.7,1583.4305
50.11812,7.889901,35902.74,1583.9564
50.116714,7.8915844,35850.625,1585.4996
50.115223,7.8925157,36079.734,1585.7985
50.11443,7.8950915,35847.82,1587.1543
50.111294,7.8960466,35901.047,1588.1788
50.109463,7.8977094,35938.926,1588.814
50.106693,7.8974,35832.86,1590.1238
50.104744,7.8999333,35948.7,1590.8044
50.102932,7.9009085,35930.44,1591.41
50.10216,7.901085,35766.453,1592.3933
50.101986,7.90284,35944.09,1593.5094
50.09783,7.904768,35789.492,1594.3777
50.096146,7.9057236,35928.92,1595.0029
50.095417,7.907192,35926.156,1595.9384
50.092495,7.9084797,35937.34,1596.7886
50.091167,7.9093986,35984.887,1597.8961
50.08825,7.9124203,35855.965,1599.0417
50.08658,7.9129777,35966.816,1599.4747
50.08504,7.9127617,35985.523,1600.6958
50.08217,7.9144993,35927.73,1601.4103
50.08163,7.9152317,35886.445,1602.2349
50.079704,7.9171176,35980.727,1602.989
50.076397,7.92027,35949.69,1604.4214
50.075512,7.920172,35950.906,1604.9474
50.074856,7.9218383,35894.887,1605.892
50.073017,7.921542,35903.523,1606.541
50.069477,7.923995,35955.676,1607.6558
50.068035,7.9242735,35900.363,1608.4309
50.06661,7.9260955,35951.508,1609.4514
50.064472,7.9282675,35863.89,1610.3242
50.060246,7.92865,35767.562,1611.546
50.06115,7.9298816,35937.87,1611.9729
50.05976,7.9313655,35922.375,1612.9641
50.05625,7.9313297,35951.477,1613.7574
50.055042,7.933627,35989.35,1615.1802
50.05192,7.9349346,35842.168,1615.6876
50.05182,7.934369,35930.46,1616.9907
50.04902,7.9365907,35876.72,1617.7618
50.046764,7.936901,35883.355,1618.3734
50.046288,7.9384975,35857.426,1619.1328
50.043224,7.938575,35849.953,1620.1036
50.041992,7.9416666,35916.297,1620.984
50.040024,7.942097,35996.957,1622.0933
50.0355,7.9448895,35735.598,1623.0697
50.036243,7.945833,35935.785,1623.694
50.033535,7.9471025,35895.066,1624.683
50.03229,7.947446,35873.46,1625.5095
50.029514,7.9483504,35881.59,1626.4948
50.028027,7.950175,35904.49,1627.5305
50.02562,7.9500813,35916.64,1628.2153
50.025116,7.952161,35917.812,1629.0273
50.022324,7.9530034,35774.66,1629.8394
50.02058,7.955543,35912.926,1630.8535
50.01811,7.9551015,35889.445,1631.779
50.015842,7.9568505,35905.695,1632.8579
50.01529,7.956186,35947.453,1633.5349
50.011696,7.9583244,35832.438,1634.5573
50.010876,7.959356,35870.582,1635.3949
50.009235,7.96242,35928.83,1636.3772
50.006836,7.9628506,35893.754,1637.4252
50.005257,7.962553,35906.258,1637.9001
50.002674,7.964973,35918.51,1639.0764
50.000816,7.966461,35901.13,1640.1279
49.998085,7.967667,35924.273,1640.7223
49.997074,7.968911,35922.848,1642.1252
49.995155,7.9717293,35936.617,1642.5067
49.99363,7.969516,35825.91,1643.881
49.99293,7.970523,35963.086,1644.2644
49.989307,7.972194,35728.25,1645.4081
49.987705,7.9728265,35935.543,1646.031
49.98572,7.974823,35895.44,1646.9668
49.984985,7.975207,35887.164,1648.0625
49.98279,7.9782786,35920.633,1648.7333
49.9787,7.977534,35731.887,1649.9897
49.978878,7.9790854,35836.81,1650.5575
49.97599,7.979356,35939.426,1651.3545
49.971577,7.983343,35713.86,1652.6354
49.973465,7.981336,35868.87,1653.299
49.971447,7.981996,35878.266,1653.9595
49.96804,7.984036,35654.7,1655.0977
49.966793,7.9859667,35946.54,1656.2335
49.96425,7.986101,35899.89,1656.7981
49.96055,7.988398,35866.566,1657.6666
49.960144,7.989338,35905.098,1658.9541
49.959274,7.989899,35930.234,1659.761
49.95665,7.9910173,35853.03,1660.6166
49.953693,7.993065,35857.59,1661.5247
49.95194,7.99497,35840.04,1662.601
49.951035,7.9949765,35960.844,1663.4827
49.948135,7.995846,35817.55,1664.2339
49.94654,7.995935,35815.59,1665.0
49.94503,7.998464,35925.805,1665.6293
49.94449,7.9978194,35878.938,1666.7294
49.941257,7.9997144,35896.227,1667.9646
49.940205,8.000895,35913.02,1668.5774
49.936478,8.003387,35772.684,1669.5775
49.935703,8.00318,35810.516,1670.5635
49.934372,8.005348,35916.207,1671.3019
49.931465,8.006506,35880.824,1672.1942
49.930714,8.007133,35902.758,1673.1184
49.928684,8.0071125,35816.895,1673.958
49.926353,8.008151,35847.09,1675.1193
49.923355,8.009341,35901.51,1675.8241
49.922417,8.010224,35828.176,1676.6896
49.919952,8.012734,35876.312,1677.213
49.919453,8.013479,35796.867,1678.4763
49.9166,8.013287,35962.867,1679.5277
49.9144,8.014437,35916.4,1679.8927
49.912292,8.01633,35825.97,1681.2028
49.9097,8.018384,35770.23,1682.5283
49.909897,8.016285,35931.594,1682.8622
49.905922,8.018919,35882.07,1683.8518
49.904457,8.018976,35880.42,1685.0869
49.90373,8.022241,35854.66,1685.8356
49.901745,8.020919,35853.086,1686.4796
49.899696,8.022644,35860.496,1687.6943
49.896534,8.023483,35823.12,1688.32
49.89595,8.024647,35954.43,1689.2013
49.8925,8.027951,35826.254,1690.2883
49.892277,8.027466,35948.3,1691.1033
49.888783,8.030115,35772.992,1692.129
49.88781,8.030143,35820.49,1692.6825
49.88621,8.030573,35923.785,1693.7996
49.88389,8.030199,35852.195,1694.3241
49.882202,8.032301,35842.863,1695.3529
49.87754,8.034604,35865.746,1696.2
49.879997,8.033448,35915.098,1697.3433
49.874847,8.032671,35795.387,1698.1101
49.87426,8.034231,35888.066,1699.2776
49.87142,8.039998,35893.324,1700.5076
49.86904,8.039389,35784.816,1700.7189
49.867878,8.03782,35920.17,1702.3555
49.864956,8.040628,35760.23,1702.4725
49.864365,8.040271,35865.344,1703.7145
49.863045,8.0423975,35857.375,1704.6724
49.860935,8.043306,35885.32,1705.3691
49.858875,8.043246,35790.727,1706.192
49.85704,8.043601,35912.74,1707.2068
49.8539,8.045498,35807.957,1708.158
49.85249,8.045653,35885.703,1708.9849
49.851482,8.047253,35929.527,1709.8497
49.846817,8.049377,35649.562,1710.3322
49.84635,8.050882,35909.97,1711.8145
49.845043,8.050839,35816.566,1712.8049
49.841522,8.051723,35883.45,1713.1373
49.841274,8.0520525,35825.613,1714.368
49.839485,8.054426,35800.496,1715.2871
49.836494,8.054886,35807.227,1716.371
49.835747,8.054496,35813.008,1716.9257
49.834305,8.055779,35818.984,1717.9087
49.83129,8.05831,35815.766,1718.8383
49.829334,8.05788,35879.46,1719.6844
49.82731,8.06103,35771.87,1720.511
49.825733,8.060412,35851.71,1721.4495
49.82304,8.0614195,35841.21,1722.661
49.821358,8.0624275,35809.22,1723.2267
49.81899,8.064084,35813.723,1724.3494
49.816677,8.063948,35832.855,1725.1558
49.81608,8.065255,35788.688,1726.3511
49.813225,8.066836,35847.777,1727.1362
49.810284,8.067703,35852.06,1728.0775
49.81086,8.06776,35780.258,1728.7925
49.80679,8.069849,35842.207,1729.6135
49.804794,8.071083,35834.348,1730.6458
49.803043,8.071204,35822.78,1731.5835
49.801983,8.069893,35813.31,1732.7476
49.798862,8.072897,35859.547,1733.1879
49.797024,8.074698,35900.246,1734.312
49.795826,8.075181,35765.098,1734.9486
49.793274,8.076702,35826.883,1735.6633
49.79176,8.076766,35881.293,1736.9696
49.789833,8.077445,35844.348,1737.5371
49.78865,8.07985,35850.203,1738.7859
49.785034,8.080192,35806.184,1739.4851
49.78376,8.08009,35925.258,1740.6552
49.782246,8.082115,35862.766,1741.371
49.77822,8.082464,35809.2,1742.3374
49.777565,8.082513,35889.67,1743.4509
49.77516,8.084789,35767.2,1744.0675
49.772938,8.083508,35861.055,1744.9656
49.771965,8.085816,35903.79,1745.7366
49.768776,8.087026,35737.45,1747.607
49.767258,8.088662,35790.504,1747.8845
49.765896,8.089012,35879.223,1748.8596
49.76413,8.091521,35769.594,1749.4598
49.762405,8.090326,35812.96,1749.7914
49.760815,8.091087,35809.547,1751.5714
49.757824,8.092542,35894.887,1752.0629
49.756065,8.094069,35865.945,1753.2358
49.753555,8.094821,35818.83,1753.5442
49.753345,8.09616,35841.72,1754.7911
49.74968,8.096783,35876.137,1756.3457
49.744743,8.093659,35849.668,1756.6782
49.745712,8.102592,35869.48,1758.3252
49.743275,8.100887,35896.742,1758.1161
49.742596,8.098833,35782.87,1759.6328
49.740482,8.099771,35870.582,1760.3224
49.736687,8.102043,35850.14,1761.1844
49.73671,8.102344,35818.242,1762.6683
49.735146,8.102162,35663.93,1762.8076
49.732296,8.103403,35791.406,1764.0774
49.728233,8.105298,35704.32,1765.1355
49.7287,8.105219,35873.945,1765.9841
49.726574,8.105872,35894.055,1766.9072
49.724205,8.107745,35782.824,1767.8699
49.72207,8.108479,35879.285,1768.5962
49.719624,8.108898,35882.3,1769.1852
49.718803,8.110404,35818.67,1770.4142
49.71564,8.112017,35752.15,1771.0104
49.715088,8.112511,35848.223,1772.0934
49.713512,8.112428,35897.68,1772.7422
49.711647,8.11419,35889.348,1773.5502
49.70674,8.114449,35730.15,1774.7797
49.70614,8.115486,35906.35,1775.7023
49.705673,8.11563,35894.336,1776.461
49.702957,8.117185,35875.473,1777.4061
49.699993,8.117802,35890.332,1778.4009
49.697052,8.118569,35876.15,1779.4431
49.69706,8.118959,35796.016,1780.21
49.695072,8.118899,35819.92,1781.3405
49.692646,8.121059,35778.74,1782.1471
49.68945,8.121736,35865.832,1782.5884
49.688908,8.1234045,35794.996,1783.819
49.687504,8.1238,35858.94,1784.6764
49.683746,8.124926,35922.367,1785.6409
49.682434,8.125703,35874.676,1786.3259
49.680897,8.126813,35887.37,1787.5604
49.677982,8.12777,35761.316,1788.2853
49.676647,8.128395,35938.875,1789.2493
49.675568,8.128284,35870.086,1790.319
49.672302,8.129731,35778.332,1791.1727
49.670345,8.130166,35888.043,1792.0327
49.669106,8.131741,35870.27,1792.9088
49.665577,8.131267,35906.65,1793.7185
49.66414,8.132688,35779.848,1794.6808
49.66292,8.133321,35959.188,1795.5985
49.661716,8.135455,35822.863,1796.729
49.658558,8.135579,35882.324,1797.4542
49.65719,8.136515,35896.68,1798.5631
49.655853,8.135899,35916.02,1799.3073
49.651955,8.136556,35738.555,1800.0756
49.650715,8.138365,35920.61,1801.0704
49.646637,8.141302,35944.36,1802.1626
49.646805,8.1397505,35789.113,1802.8589
49.642807,8.140315,35918.777,1803.837
49.642002,8.14088,35907.816,1804.9421
49.640316,8.142194,35832.832,1805.7656
49.636806,8.143855,35935.367,1806.4952
49.63784,8.144686,35840.18,1807.1868
49.633915,8.144693,35779.934,1807.8525
49.632645,8.143012,35813.0,1809.5177
49.630672,8.146305,35904.062,1809.7688
49.62762,8.14887,35876.254,1811.5173
49.626797,8.147903,35947.79,1811.6962
49.624046,8.149024,35730.094,1812.5923
49.621452,8.149571,35973.387,1813.7538
49.620316,8.1494255,35983.48,1814.9633
49.617794,8.151909,35909.953,1815.6892
49.61715,8.152477,35928.793,1816.0106
49.613876,8.153351,35747.02,1817.3763
49.614456,8.15344,35974.004,1817.8586
49.609222,8.154786,35920.938,1819.2684
49.606796,8.15467,35844.957,1820.1705
49.605446,8.156849,35897.754,1821.144
49.603973,8.15618,35922.438,1821.8378
49.602394,8.157292,35855.12,1822.4835
49.600872,8.157424,35933.62,1823.5972
49.598812,8.158017,35921.402,1824.4541
49.596645,8.159427,35840.36,1825.5146
49.595787,8.160776,36008.652,1826.5215
49.591423,8.160713,35857.94,1826.8329
49.59015,8.161475,35943.082,1828.406
49.589104,8.162931,35935.97,1828.8275
49.58623,8.162781,35850.547,1830.2534
49.58289,8.164404,35952.85,1830.819
49.583584,8.163951,35939.375,1831.4556
49.58153,8.164934,35978.836,1832.7656
49.57911,8.166995,35982.348,1833.7568
49.57582,8.168365,35689.36,1834.5215
49.575768,8.166879,36028.87,1835.768
49.57181,8.1688385,35935.848,1836.2936
49.56933,8.169865,35799.234,1836.9163
49.567516,8.17045,35943.93,1838.3501
49.566677,8.17025,35913.766,1838.93
49.562824,8.1698065,35943.45,1839.4531
49.561127,8.171426,35985.996,1841.1583
49.55908,8.173942,35765.027,1841.6028
49.558052,8.1740465,35924.11,1842.4916
49.556698,8.176183,35966.977,1843.5198
49.555008,8.175004,35982.074,1843.5823
49.55083,8.176731,35848.273,1844.9031
49.550087,8.176414,35902.652,1846.226
49.547924,8.178153,35988.88,1846.9767
49.54606,8.1788225,35945.68,1848.028
49.543064,8.179507,35946.34,1848.8484
49.542175,8.179589,35975.34,1849.812
49.53895,8.179537,35875.953,1850.6631
49.53763,8.181514,35996.34,1851.5627
49.535545,8.180977,35959.12,1852.3507
49.53314,8.182789,35955.727,1853.1256
49.531437,8.182991,35967.7,1854.4929
49.52946,8.18405,35991.934,1854.9426
49.52756,8.184122,36023.98,1855.9574
49.524883,8.18644,35816.926,1856.8981
49.523277,8.185094,36036.777,1857.9292
49.522877,8.186083,35989.19,1858.4419
49.518322,8.188718,35846.8,1859.5594
49.51675,8.187231,35937.82,1860.5778
49.51398,8.187445,35946.703,1861.2767
49.513252,8.190434,36043.453,1862.6034
49.51014,8.191822,35762.25,1863.472
49.51031,8.190938,36079.15,1864.2126
49.507572,8.190655,36000.945,1864.6866
49.505814,8.192193,35990.027,1866.0076
49.502792,8.192541,35999.598,1866.8186
49.500195,8.193556,35998.676,1867.626
49.497646,8.195487,36047.04,1868.6938
49.498062,8.194776,35939.574,1869.1943
49.494965,8.195734,36104.316,1870.6526
49.49139,8.196954,35934.637,1871.2283
49.492294,8.1968775,36028.29,1872.3959
49.489204,8.198146,35987.977,1873.3395
49.487846,8.198032,36041.68,1873.8174
49.48465,8.199046,36025.92,1874.864
49.484226,8.198785,36018.453,1875.4763
49.481747,8.200303,36080.723,1876.903
49.47916,8.201213,36081.016,1877.5631
49.47765,8.201559,35985.21,1878.5858
49.47491,8.203658,36063.5,1879.4756
49.47251,8.203051,36027.09,1880.1189
49.471344,8.20047,36006.16,1880.9851
49.469467,8.201233,36022.617,1882.9136
49.46707,8.204415,36031.145,1882.2097
49.46682,8.206671,35844.75,1883.5244
49.46247,8.205737,36081.742,1884.4816
49.46369,8.205006,36066.566,1885.8483
49.459087,8.207638,35986.168,1886.9803
49.4558,8.206408,36026.336,1888.076
49.45706,8.210811,36033.938,1888.395
49.45327,8.209328,35910.895,1889.5248
49.45044,8.208737,35968.82,1890.4406
49.448242,8.211,36066.156,1890.9805
49.44679,8.210018,36047.363,1892.4397
49.444527,8.211778,36048.46,1893.1504
49.44243,8.213056,36051.15,1893.7228
49.44075,8.213849,36039.195,1894.8126
49.439125,8.214446,36077.504,1895.7186
49.436844,8.214333,36091.11,1896.594
49.4349,8.214766,36006.59,1897.3943
49.4326,8.215683,36108.06,1898.079
49.431095,8.215382,36170.676,1899.8304
49.426174,8.218329,35951.758,1900.0952
49.425846,8.218147,35961.473,1900.512
49.42649,8.219109,36239.49,1901.7878
49.42214,8.219046,35953.68,1902.0442
49.420284,8.219412,36055.383,1903.7847
49.418186,8.218861,36148.023,1904.4958
49.416466,8.220225,36081.797,1905.926
49.41585,8.223385,36073.523,1906.2517
49.414196,8.22164,36072.145,1907.1785
49.40954,8.221567,36103.844,1908.0261
49.406246,8.223318,36023.363,1909.1958
49.40723,8.224224,36049.492,1909.7831
49.403465,8.224012,36112.16,1910.9186
49.402817,8.224534,36089.547,1912.4177
49.39786,8.226126,36122.008,1912.3591
49.39894,8.224448,36101.16,1914.1082
49.395218,8.227371,36089.137,1914.4562
49.39292,8.227993,36114.633,1915.1273
49.392593,8.2282,36077.043,1916.2831
49.387222,8.23071,36158.566,1917.7396
49.38681,8.231642,36150.445,1918.293
49.385685,8.228697,36157.957,1918.7549
49.38356,8.230783,36020.598,1920.2052
49.380703,8.233163,36195.098,1920.49
49.38119,8.231231,36210.918,1921.7784
49.377193,8.233512,36097.445,1922.7579
49.37504,8.232437,36114.78,1923.519
49.373505,8.234519,35872.484,1924.5399
49.369457,8.234075,36233.46,1924.797
49.36844,8.235332,36103.676,1926.867
49.36598,8.23751,36087.773,1926.974
49.366398,8.2351055,36118.67,1928.5208
49.362442,8.236994,36130.2,1928.625
49.36031,8.237862,36136.055,1929.8494
49.3596,8.238795,36189.723,1930.4968
49.356884,8.238165,36076.492,1931.6906
49.354527,8.239171,36158.82,1932.2275
49.35115,8.2402315,36218.29,1933.1718
49.350094,8.241315,36118.055,1934.3596
49.347298,8.241335,36215.395,1935.2045
49.34629,8.241582,36151.957,1936.2914
49.34427,8.244095,36234.426,1937.0151
49.340923,8.2451105,36062.453,1938.1353
49.340202,8.243494,36249.7,1938.542
49.338,8.243959,36210.617,1940.2611
49.335728,8.244768,36230.02,1939.8345
49.33551,8.246441,36007.875,1941.3334
49.33081,8.249309,36281.344,1942.1206
49.32986,8.24812,36235.465,1943.3738
49.32903,8.248964,36210.074,1944.6118
49.323776,8.246882,36118.984,1944.9612
49.320427,8.252183,36278.562,1945.925
49.32293,8.249617,36141.742,1946.5352
49.318752,8.252287,36277.63,1948.097
49.31647,8.251117,36232.004,1948.4409
49.31488,8.252396,36224.758,1949.2985
49.31401,8.252353,36247.168,1950.3939
49.310497,8.253391,36157.12,1951.5183
49.30865,8.255271,36242.83,1951.9437
49.308285,8.254691,36237.22,1952.8911
49.30635,8.256367,36251.566,1953.9729
49.302895,8.255811,36092.656,1954.8829
49.30199,8.256451,36260.164,1955.3138
49.298485,8.255438,36236.066,1957.4119
49.29633,8.257351,36217.402,1957.7189
49.29302,8.257524,36204.25,1957.8157
49.2954,8.259255,36204.79,1959.6371
49.29057,8.259225,36230.723,1959.6326
49.286095,8.259599,36276.137,1961.0298
49.28717,8.259723,36171.363,1962.1995
49.283504,8.259475,36246.074,1962.9734
49.28204,8.263189,36210.12,1963.4226
49.28059,8.261548,36237.984,1964.5903
49.2776,8.263293,36265.63,1965.4515
49.275654,8.262495,36266.984,1966.3563
49.274612,8.264376,36269.688,1967.4187
49.27152,8.263959,36264.902,1968.3369
49.26955,8.265416,36285.65,1968.8174
49.26853,8.265622,36279.707,1969.9403
49.265293,8.265634,36261.74,1970.9232
49.26412,8.265813,36313.805,1971.7936
49.260918,8.267538,36363.82,1972.5619
49.260765,8.269087,36024.152,1973.6086
49.25845,8.268545,36330.82,1974.3081
49.254665,8.27092,36433.07,1975.424
49.2532,8.269971,36103.035,1976.3745
49.251633,8.271504,36497.176,1977.6499
49.249035,8.272585,36119.02,1977.7186
49.248554,8.271744,36297.61,1979.017
49.245373,8.272851,36412.734,1979.8398
49.243023,8.272357,36195.832,1980.7233
49.241486,8.273356,36354.582,1981.7998
49.239468,8.272274,36343.598,1982.3746
49.237377,8.273546,36270.902,1982.9563
49.235287,8.275139,36312.336,1984.3201
49.23289,8.275931,36347.35,1985.5479
49.23034,8.277104,36321.574,1985.8596
49.228657,8.276793,36295.42,1986.7736
49.227448,8.277719,36310.18,1987.8223
49.224678,8.276097,36315.89,1988.8317
49.22151,8.277719,36322.934,1989.4784
49.22024,8.27924,36378.207,1990.3882
49.21802,8.27673,36227.69,1990.7454
49.21448,8.279254,36390.4,1992.4526
49.21494,8.280231,36358.46,1993.4153
49.212837,8.2814245,36370.562,1994.3165
49.208836,8.2821455,36378.688,1995.2617
49.207798,8.281522,36419.246,1995.9062
49.20718,8.280094,36319.805,1996.8969
49.20344,8.281125,36291.43,1997.6615
49.2018,8.282375,36402.42,1998.9993
49.20104,8.2808895,36367.65,1999.3033
49.195484,8.283318,36353.87,2000.5706
49.1945,8.286584,36340.24,2002.2
49.194115,8.285361,36321.973,2002.3271
49.192577,8.2855215,36318.74,2002.7627
49.187725,8.287714,36357.637,2004.1194
49.188416,8.289202,36425.676,2005.7133
49.18424,8.285605,36289.203,2005.6737
49.182693,8.288494,36343.16,2006.8203
49.180824,8.286611,36331.156,2007.5782
49.17968,8.287006,36341.062,2008.3619
49.176624,8.289319,36422.28,2009.6573
49.173115,8.29069,36380.47,2010.6829
49.1726,8.2911005,36270.27,2011.1747
49.17066,8.291084,36414.8,2012.3235
49.16936,8.289804,36295.945,2013.4657
49.166336,8.291398,36386.227,2013.4807
49.16573,8.291583,36425.406,2014.413
49.163177,8.290461,36209.14,2016.1981
49.161633,8.292167,36479.27,2016.5945
49.158695,8.294642,36436.06,2017.3562
49.15697,8.293321,36312.19,2018.687
49.15516,8.294592,36440.16,2019.679
49.152443,8.294785,36437.76,2019.8556
49.150078,8.2949915,36419.598,2020.8838
49.148994,8.294975,36404.08,2022.0621
49.145927,8.296045,36421.723,2022.486
49.144505,8.295847,36401.664,2023.9148
49.14063,8.296368,36433.52,2024.2842
49.139656,8.297996,36314.344,2025.4707
49.138203,8.297666,36442.785,2026.1013
49.135212,8.298581,36406.875,2027.115
49.133533,8.297265,36389.19,2027.643
49.131226,8.300149,36387.54,2029.1735
49.129196,8.298811,36418.016,2029.8749
49.127125,8.2997465,36424.49,2030.8181
49.124058,8.299637,36354.152,2031.8369
49.123768,8.300759,36427.84,2032.4008
49.121395,8.300484,36422.46,2033.9044
49.11886,8.300003,36471.7,2034.5035
49.11671,8.300613,36172.996,2035.5828
49.114376,8.302045,36483.61,2036.1605
49.11234,8.302039,36434.008,2036.6854
49.11022,8.301926,36429.71,2038.227
49.10865,8.300987,36296.133,2038.8032
49.10698,8.303122,36451.977,2039.6454
49.1048,8.302649,36406.57,2040.4492
49.103218,8.305083,36454.473,2041.2052
49.102333,8.303287,36320.906,2042.4478
49.098217,8.304981,36486.1,2042.8843
49.09701,8.305732,36307.28,2044.2611
49.095463,8.305724,36460.758,2045.0302
49.092407,8.30463,36396.965,2046.1642
49.08998,8.306004,36428.89,2046.8398
49.088955,8.306319,36419.87,2047.3722
49.0868,8.306446,36306.96,2048.8926
49.083977,8.306627,36404.465,2049.4666
49.081768,8.307662,36399.086,2050.1038
49.078434,8.30824,36378.145,2051.5657
49.07825,8.308699,36364.355,2052.0476
49.07514,8.306951,36363.195,2053.228
49.07252,8.307531,36353.83,2053.9363
49.071415,8.308404,36336.645,2055.3079
49.06958,8.308234,36380.926,2056.155
49.06643,8.308295,36391.38,2056.6968
49.06284,8.309,36394.188,2057.308
49.064133,8.309007,36384.242,2058.824
49.06039,8.309946,36394.844,2059.4402
49.058186,8.309712,36449.348,2060.122
49.056976,8.308265,36116.516,2061.7563
49.05431,8.311386,36409.516,2062.252
49.052307,8.313322,36359.5,2062.9211
49.050713,8.311264,36346.03,2064.3506
49.04842,8.31187,36353.273,2064.8584
49.04541,8.312004,36386.305,2065.5635
49.0445,8.312345,36436.9,2066.7214
49.042046,8.311715,36220.25,2067.5908
49.038822,8.314629,36415.684,2068.8774
49.037014,8.313828,36376.625,2069.1982
49.036404,8.313886,36343.02,2070.4568
49.035107,8.313772,36352.977,2070.8508
49.031204,8.315429,36346.41,2071.9824
49.031406,8.313656,36348.688,2072.8362
49.028656,8.314217,36308.996,2074.054
49.02418,8.315078,36424.273,2074.867
49.023407,8.315465,36410.76,2075.9502
49.021828,8.3145895,36388.4,2076.083
49.020134,8.314777,36363.777,2077.167
49.017574,8.31558,36315.293,2078.2595
49.015198,8.315031,36364.31,2079.257
49.01238,8.316257,36352.504,2080.2446
49.010277,8.316246,36332.633,2080.9297
49.00902,8.316429,36322.39,2081.5537
49.005737,8.315548,36321.477,2082.8872
49.004642,8.316243,36339.7,2083.6587
49.002716,8.315914,36366.535,2085.1575
49.0003,8.31578,36336.49,2085.4263
48.99911,8.316972,36301.82,2086.3474
48.99768,8.316827,36340.98,2087.4092
48.9945,8.31717,36294.76,2088.653
48.990932,8.318828,36356.21,2089.088
48.990364,8.317633,36345.465,2090.0364
48.989754,8.318401,36345.137,2090.8918
48.987377,8.318815,36363.3,2091.8696
48.98298,8.316855,36145.71,2092.9192
48.982487,8.319496,36403.234,2093.8657
48.980705,8.318798,36333.953,2094.7866
48.977837,8.320016,36305.06,2095.1719
48.97607,8.319508,36275.22,2096.7837
48.97294,8.318475,36297.67,2097.0164
48.97149,8.318271,36329.22,2098.2827
48.970135,8.31986,36324.855,2099.353
48.96707,8.320115,36310.297,2100.067
48.96502,8.322069,36331.387,2100.9104
48.962696,8.31917,36207.38,2101.9224
48.96131,8.32102,36304.77,2103.044
48.95684,8.318854,36320.227,2103.6758
48.95599,8.32475,36299.49,2105.502
48.954056,8.322443,36217.723,2104.7954
48.952812,8.321694,36302.22,2107.1694
48.950962,8.321536,36304.066,2107.555
48.94654,8.321154,36313.355,2107.7173
48.94633,8.322301,36299.61,2109.5374
48.945244,8.322261,36296.79,2109.73
48.941547,8.322514,36283.12,2110.772
48.94216,8.321019,36287.8,2111.4255
48.93859,8.321084,36322.41,2112.3667
48.9376,8.32108,36212.836,2113.5913
48.93484,8.321452,36259.12,2114.3235
48.932392,8.323013,36322.203,2115.6377
48.929317,8.3228,36295.56,2116.165
48.926983,8.320682,36287.39,2117.5286
48.92529,8.323359,36265.23,2117.8638
48.923515,8.323964,36269.652,2119.4907
48.92024,8.323904,36265.21,2119.4226
48.919277,8.322775,36256.52,2120.7302
48.91767,8.323166,36246.36,2121.4324
48.915527,8.322993,36253.668,2121.871
48.914753,8.322229,36253.785,2123.4255
48.911556,8.323318,36278.4,2124.1008
48.909515,8.322882,36282.574,2125.1318
48.907143,8.324437,36316.652,2125.8684
48.904,8.323839,36082.58,2126.872
48.90306,8.324344,36352.395,2127.764
48.90007,8.321802,36230.38,2127.8228
48.898983,8.323501,36271.832,2130.0247
48.89486,8.32588,36263.62,2130.3792
48.895195,8.325057,36236.906,2131.1594
48.894474,8.32297,36229.65,2132.289
48.89056,8.325614,36235.273,2133.2854
48.886932,8.326837,36265.78,2134.0662
48.886242,8.324629,36211.387,2134.8403
48.886257,8.326369,36256.832,2135.6929
48.883015,8.323904,36314.64,2136.4883
48.878456,8.32438,36113.332,2138.3281
48.877056,8.326088,36265.27,2138.4683
48.875954,8.326677,36235.918,2139.678
48.873814,8.326423,36213.55,2140.4548
48.871872,8.326629,36225.246,2141.521
48.869755,8.325092,36227.13,2142.2864
48.86687,8.327076,36244.0,2143.137
48.865612,8.328266,36143.1,2144.3096
48.863754,8.324974,36059.902,2144.828
48.863014,8.327804,36284.242,2145.8013
48.85801,8.326113,36244.445,2146.6445
48.8557,8.327905,36231.152,2147.3342
48.8544,8.328799,36158.99,2148.3982
48.851707,8.32831,36202.953,2149.319
48.85176,8.326683,36183.246,2150.0105
48.84819,8.32662,36198.9,2151.554
48.846924,8.328024,36170.67,2151.8418
48.843105,8.329194,36230.91,2152.4639
48.8446,8.328819,36223.043,2154.1765
48.839672,8.328013,36234.12,2154.3809
48.83868,8.325851,36246.363,2155.4019
48.837,8.328616,36234.617,2156.6792
48.833813,8.329236,36225.66,2157.1646
48.832806,8.3298025,36192.926,2157.4834
48.828876,8.330667,36205.492,2159.0762
48.82923,8.327721,36225.484,2160.2683
48.823956,8.327758,36214.67,2161.2527
48.820972,8.3308525,36220.434,2162.0332
48.822998,8.334822,36214.58,2163.0762
48.818794,8.331237,36153.902,2163.3975
48.81774,8.329234,36255.594,2164.1575
48.81469,8.330091,36214.816,2165.509
48.812378,8.328935,36199.668,2166.1086
48.810734,8.330385,36252.555,2167.0667
48.809807,8.328977,36125.19,2167.593
48.80744,8.329902,36191.082,2168.8184
48.80384,8.328163,36061.668,2170.3196
48.80267,8.329466,36265.746,2170.5205
48.799995,8.331345,36169.723,2171.5835
48.798573,8.331621,36226.008,2172.7104
48.79749,8.330639,36244.6,2173.284
48.794064,8.330012,36092.695,2174.7246
48.793327,8.330362,36136.188,2174.944
48.790817,8.3289585,36185.715,2175.7761
48.787617,8.330069,36179.28,2176.9656
48.78376,8.33083,36195.625,2176.9192
48.78443,8.331616,36146.38,2178.784
48.78106,8.330896,36173.203,2179.7979
48.77854,8.332248,36179.094,2180.3572
48.778896,8.33108,36180.242,2181.36
48.77405,8.332688,36174.19,2181.8616
48.77327,8.332153,36199.25,2183.067
48.769947,8.333381,36207.59,2184.286
48.769585,8.331969,36146.0,2184.3965
48.766243,8.331853,36249.766,2185.9868
48.765114,8.330927,36091.145,2186.634
48.762276,8.33181,36241.58,2187.3325
48.760303,8.3332205,36128.44,2188.2156
48.758717,8.333303,36242.7,2189.1921
48.756565,8.3323145,36094.684,2190.3428
48.75337,8.333721,36057.68,2191.2898
48.753696,8.334099,36191.734,2192.0286
48.75021,8.333177,36148.8,2192.9116
48.74824,8.333286,36156.242,2193.481
48.74601,8.332516,36150.523,2194.938
48.743706,8.334383,36119.918,2195.4604
48.74132,8.33496,36176.695,2196.6406
48.739532,8.333573,36154.918,2197.113
48.73812,8.334287,36143.504,2198.0193
48.735783,8.333537,36160.41,2199.7332
48.73357,8.332747,36197.953,2199.509
48.73159,8.334606,35993.55,2201.209
48.72846,8.335424,36208.87,2201.6519
48.727417,8.334712,36200.383,2203.0066
48.72425,8.33368,36096.066,2203.1277
48.722626,8.335028,36220.668,2205.0884
48.720913,8.336624,36017.13,2206.012
48.71658,8.335749,36137.28,2205.6045
48.71579,8.334899,36230.79,2208.0403
48.714523,8.3343,36100.703,2207.7297
48.71383,8.333793,36124.99,2209.4011
48.708153,8.338121,36181.08,2210.1416
48.709217,8.338452,36041.977,2211.014
48.707832,8.337519,36151.363,2211.2559
48.704266,8.333285,36148.82,2211.9138
48.701168,8.334957,36145.176,2214.3591
48.699894,8.336812,36016.99,2213.1074
48.698532,8.337167,36113.957,2216.3384
48.694954,8.337091,36102.36,2215.0798
48.69459,8.337822,36079.324,2217.1033
48.689964,8.336389,36110.4,2218.168
48.68931,8.337305,36079.23,2218.7637
48.689503,8.332552,36122.75,2218.7954
48.68542,8.336151,36103.312,2221.46
48.68269,8.339728,36029.785,2221.2546
48.68195,8.339252,36135.945,2222.009
48.67982,8.338224,36128.64,2223.7043
48.676624,8.336624,36116.27,2223.6118
48.674496,8.339707,36147.562,2225.6382
48.674255,8.338062,35991.72,2225.1995
48.67013,8.338647,35940.273,2227.05
48.66664,8.3391075,36178.195,2227.8738
48.665737,8.339796,36057.805,2228.595
48.66382,8.338636,36048.367,2229.2146
48.66182,8.340896,36050.32,2230.5942
48.65887,8.340479,36023.082,2231.4817
48.656395,8.340397,36071.08,2231.8613
48.655968,8.34214,36041.445,2232.6926
48.653114,8.338129,36075.652,2233.4507
48.6525,8.337193,35890.438,2235.1982
48.65109,8.341956,36118.01,2235.5105
48.646954,8.341626,36140.785,2236.939
48.64545,8.339802,35828.832,2237.6562
48.64177,8.342102,36220.656,2237.811
48.6416,8.340657,35782.594,2239.6775
48.63785,8.340553,36117.746,2240.0776
48.637817,8.343241,36075.91,2240.708
48.63594,8.34166,36003.746,2241.7512
48.63323,8.342238,35847.793,2242.5427
48.62963,8.341361,36022.973,2243.944
48.629097,8.34181,36005.73,2244.5898
48.625813,8.343203,36034.625,2245.84
48.624012,8.3423815,35981.973,2246.7676
48.622295,8.343999,35963.36,2247.5537
48.61956,8.343432,35926.246,2248.2065
48.620567,8.342252,35918.152,2249.3313
48.616344,8.34414,35974.285,2249.6558
48.614582,8.343583,35961.375,2250.4795
48.610737,8.346751,35961.582,2251.613
48.608845,8.34324,35969.453,2252.665
48.607895,8.344225,35869.234,2253.5881
48.604343,8.343321,35905.715,2253.836
48.60309,8.3466,36008.938,2255.4438
48.60239,8.347217,35992.902,2256.0989
48.599297,8.3427925,35855.004,2257.479
48.597797,8.343145,35752.965,2258.1643
48.59431,8.346492,35943.41,2259.305
48.593716,8.346178,35928.855,2259.1604
48.59006,8.347395,35903.47,2260.6948
48.588776,8.345807,35901.508,2261.5874
48.586433,8.347014,35882.02,2262.2908
48.584614,8.345296,35887.56,2263.2478
48.581448,8.347841,35889.727,2264.2307
48.579803,8.3449955,35945.21,2265.0127
48.57773,8.344591,35770.598,2266.8955
48.57535,8.346743,35837.652,2267.125
48.574802,8.346268,35863.867,2267.562
48.571438,8.348331,35881.508,2268.9912
48.568447,8.347893,35845.465,2270.6814
48.56631,8.351501,35839.246,2269.5657
48.563496,8.348375,35848.31,2272.3516
48.56152,8.346919,35879.824,2272.507
48.560863,8.346613,35607.832,2273.203
48.55871,8.348913,35854.434,2274.173
48.55775,8.346963,35820.88,2274.5183
48.556423,8.348941,35694.94,2276.0415
48.55334,8.344975,35826.758,2277.3247
48.551044,8.347744,35817.66,2277.0288
48.550343,8.348777,35743.816,2278.9355
48.544666,8.349051,35787.48,2279.352
48.543346,8.351054,35781.11,2280.2104
48.544796,8.348348,35690.625,2280.9473
48.540527,8.35398,35813.67,2282.0037
48.536724,8.34931,35794.797,2283.082
48.535637,8.352775,35740.973,2283.6938
48.53544,8.353043,35722.883,2285.4937
48.533447,8.353113,35777.64,2285.0737
48.530373,8.352522,35694.08,2286.488
48.52943,8.350816,35755.5,2287.4705
48.525665,8.352777,35748.88,2288.4143
48.523212,8.352443,35721.805,2288.843
48.522045,8.354771,35773.625,2289.584
48.521946,8.349951,35570.71,2291.2195
48.516754,8.3554735,35744.45,2291.794
48.514996,8.353198,35735.47,2293.2988
48.515556,8.352845,35614.34,2292.8616
48.510216,8.354424,35709.06,2295.1013
48.508022,8.354845,35677.45,2295.1975
48.505917,8.356198,35695.93,2296.315
48.507595,8.35147,35553.246,2296.9663
48.504196,8.350583,35528.11,2297.5906
48.50136,8.353437,35700.16,2298.9973
48.499123,8.351869,35585.03,2299.6936
48.497177,8.35728,35638.99,2300.7715
48.494957,8.356091,35676.35,2301.718
48.494118,8.352943,35547.242,2302.4197
48.48975,8.356592,35631.67,2303.6997
48.487633,8.35661,35687.85,2304.837
48.487164,8.354844,35520.0,2305.2976
48.48445,8.355739,35687.387,2306.0723
48.48338,8.355772,35611.19,2307.13
48.480785,8.354966,35555.605,2307.8284
48.47703,8.356564,35557.4,2308.7483
48.475998,8.359921,35648.613,2309.6355
48.47533,8.35722,35582.664,2310.773
48.470253,8.357486,35526.305,2311.0598
48.46935,8.359803,35580.48,2312.7024
48.46631,8.359202,35575.44,2312.9143
48.46513,8.3594055,35543.14,2313.6824
48.46327,8.357587,35581.195,2314.9744
48.46167,8.358685,35556.516,2315.609
48.458572,8.355293,35517.777,2316.8315
48.45443,8.358416,35546.4,2317.283
48.457497,8.361379,35570.746,2318.5732
48.45308,8.355294,35469.582,2318.5386
48.452995,8.352105,35538.273,2320.5625
48.44697,8.35744,35520.99,2321.4192
48.44596,8.362507,35499.38,2323.5244
48.44672,8.3589325,35517.336,2321.4321
48.44066,8.362407,35470.984,2323.8552
48.441257,8.357567,35497.973,2324.9656
48.434902,8.357064,35493.01,2325.1067
48.43429,8.35812,35522.52,2326.3599
48.434135,8.360736,35397.49,2327.7568
48.43322,8.359256,35392.574,2327.8838
48.43022,8.360913,35530.7,2329.6433
48.42577,8.358987,35366.453,2331.075
48.428043,8.361279,35529.3,2331.0518
48.42227,8.359958,35339.285,2331.7305
48.421974,8.3654,35460.887,2333.3784
48.420334,8.364136,35420.77,2333.3333
48.414585,8.362907,35456.797,2334.709
48.415478,8.363794,35423.695,2335.8054
48.414227,8.357868,35348.71,2335.5415
48.41003,8.362898,35424.742,2337.351
48.40752,8.363625,35431.91,2337.2273
48.407455,8.363173,35394.355,2339.118
48.402485,8.363289,35417.082,2339.8386
48.40272,8.364225,35469.617,2340.7844
48.402752,8.364797,35393.934,2341.8088
48.3977,8.360687,35382.438,2342.8945
48.397728,8.366251,35405.75,2343.3062
48.39747,8.361564,35366.41,2344.2102
48.39249,8.360374,35361.0,2345.301
48.390812,8.364011,35448.53,2346.049
48.385994,8.363963,35386.34,2347.1294
48.385998,8.365544,35381.094,2347.2866
48.38067,8.365923,35375.29,2349.685
48.382,8.367694,35363.35,2349.6133
48.37979,8.361732,35258.92,2350.9763
48.37772,8.365154,35331.453,2351.6824
48.37391,8.364332,35332.78,2353.3127
48.372337,8.365758,35345.58,2353.2136
48.371494,8.366077,35370.89,2353.5842
48.3682,8.362903,35298.586,2355.3184
48.365414,8.365258,35369.61,2355.3457
48.364502,8.366569,35360.086,2356.5166
48.362156,8.367894,35342.75,2357.8506
48.360542,8.365492,35231.64,2358.8008
48.359173,8.371202,35311.37,2359.0125
48.357033,8.366976,35318.047,2360.4346
48.352856,8.366851,35346.523,2361.6375
48.35175,8.363768,35264.508,2362.697
48.35096,8.368074,35347.66,2363.205
48.349,8.3660145,35282.25,2364.2249
48.345825,8.366454,35273.72,2365.416
48.344097,8.368094,35295.19,2365.3325
48.342304,8.368873,35279.074,2366.514
48.340218,8.368194,35295.324,2366.8152
48.337204,8.3685465,35293.453,2368.1323
48.335827,8.369884,35277.53,2369.0154
48.333084,8.369401,35304.92,2370.1328
48.330353,8.367209,35254.637,2371.4846
48.329216,8.370996,35261.418,2371.889
48.326984,8.369668,35299.055,2372.5261
48.326447,8.366163,35217.543,2374.7603
48.320942,8.368983,35276.152,2374.169
48.323067,8.370738,35298.93,2376.1682
48.320873,8.370655,35350.41,2376.7295
48.31814,8.362656,35238.81,2375.5798
48.316086,8.366385,35357.28,2380.7979
48.30994,8.374396,35266.695,2378.0098
48.312054,8.371921,35272.39,2380.6465
48.306324,8.373073,35305.13,2380.2778
48.30674,8.366463,35203.645,2381.785
48.305202,8.370269,35306.176,2382.4678
48.301746,8.366666,35235.613,2384.227
48.29955,8.370126,35240.387,2385.074
48.295746,8.374688,35248.176,2384.1157
48.29631,8.372084,35316.266,2386.3962
48.29255,8.372361,35298.22,2386.7207
48.292313,8.366475,35216.703,2389.6047
48.28717,8.374284,35308.69,2388.94
48.28972,8.369465,35183.055,2388.3103
48.287617,8.37806,35278.594,2390.775
48.283432,8.369005,35319.26,2391.7178
48.28223,8.369116,35166.72,2392.6597
48.278027,8.370632,35247.438,2393.64
48.278294,8.373376,35231.48,2394.9028
48.275192,8.37435,35256.676,2394.8516
48.27252,8.37029,35252.363,2396.2644
48.269028,8.377113,35241.805,2396.8064
48.26873,8.374183,35266.277,2397.158
48.268833,8.374767,35258.676,2398.2898
48.26362,8.373915,35218.953,2401.2087
48.263817,8.373622,35235.496,2398.6133
48.261864,8.376458,35258.52,2401.4246
48.258766,8.375413,35274.59,2402.4158
48.256725,8.375388,35278.355,2402.7844
48.253456,8.373309,35209.008,2403.7961
48.251827,8.377211,35293.887,2404.4658
48.248894,8.37963,35261.098,2406.9124
48.245358,8.378111,35269.574,2405.7737
48.24571,8.374372,35256.414,2408.3257
48.243893,8.375738,35258.582,2407.968
48.240112,8.376329,35285.18,2409.8748
48.23898,8.3761215,35242.598,2410.7764
48.23789,8.37574,35139.496,2411.1138
48.236084,8.375985,35299.902,2411.7798
48.232502,8.373568,35186.66,2412.898
48.231083,8.377448,35278.406,2413.829
48.22857,8.380262,35260.29,2415.2026
48.226257,8.37681,35275.492,2416.0735
48.224712,8.378678,35261.414,2416.48
48.221687,8.376896,35244.133,2417.2405
48.219666,8.377767,35273.36,2418.4558
48.217434,8.375001,35215.49,2419.8943
48.21726,8.377776,35228.74,2420.7073
48.213127,8.37868,35308.18,2421.272
48.210354,8.378495,35320.87,2422.3508
48.209908,8.376608,35230.09,2422.8042
48.20794,8.374302,35171.35,2424.1333
48.205177,8.380927,35318.37,2423.8718
48.20197,8.378227,35274.867,2425.607
48.201813,8.37641,35146.727,2426.1704
48.198708,8.380379,35277.83,2427.117
48.19654,8.3784275,35259.22,2428.4219
48.194443,8.380106,35247.883,2428.8928
48.19133,8.380066,35252.043,2430.284
48.18951,8.379533,35257.31,2431.0527
48.18839,8.381535,35275.895,2431.8843
48.18519,8.375006,35057.863,2432.8672
48.18478,8.380299,35327.81,2434.1372
48.18194,8.38086,35210.832,2435.101
48.179886,8.380539,35295.875,2434.8257
48.1779,8.378681,35188.32,2437.8884
48.17648,8.379699,35297.62,2436.7236
48.176258,8.379948,35260.754,2437.181
48.171696,8.379806,35261.984,2439.4387
48.17053,8.379749,35312.336,2439.5625
48.16435,8.379658,35313.49,2441.2566
48.162746,8.3828745,35246.99,2443.5112
48.164555,8.386439,35170.34,2441.127
48.160152,8.379314,35274.387,2444.615
48.159935,8.377706,35242.246,2444.3
48.15305,8.383018,35253.906,2445.006
48.156815,8.384284,35289.918,2446.672
48.155148,8.377332,35182.484,2446.3047
48.15117,8.380997,35158.47,2448.9614
48.154743,8.372363,35354.383,2447.384
48.14525,8.371116,35275.707,2450.1882
48.145237,8.382108,35327.227,2449.7122
48.137726,8.385146,35359.605,2451.9397
48.143394,8.379072,35260.984,2452.8264
48.141636,8.379876,35262.64,2452.7227
48.135414,8.383426,35311.895,2454.0583
48.132828,8.382525,35242.625,2455.323
48.13239,8.381363,35317.266,2456.1501
48.130352,8.38075,35323.74,2457.3923
48.127686,8.380476,35286.457,2457.077
48.125195,8.385151,35294.637,2458.5117
48.124023,8.381311,35334.81,2459.8557
48.120567,8.381078,35132.637,2461.232
48.11733,8.384717,35337.22,2461.6897
48.11778,8.384661,35237.887,2462.3945
48.11551,8.385184,35313.484,2462.7769
48.11184,8.38529,35303.684,2464.356
48.11028,8.381681,35289.215,2465.0251
48.110332,8.386394,35292.797,2464.9858
48.106377,8.385588,35296.785,2467.4062
48.101948,8.384087,35258.957,2467.7239
48.10357,8.385347,35340.574,2468.7375
48.100174,8.382371,35200.133,2469.7434
48.098774,8.384093,35220.11,2470.9258
48.09514,8.386337,35327.08,2471.454
48.09454,8.385708,35286.844,2472.0466
48.08983,8.383215,35219.17,2474.3315
48.089073,8.384293,35302.055,2474.4985
48.087673,8.385208,35312.637,2475.2532
48.084362,8.386829,35285.383,2475.8125
48.083782,8.385868,35287.684,2476.7898
48.081623,8.385247,35282.1,2477.6077
48.07895,8.385442,35276.71,2478.5383
48.07666,8.385444,35278.56,2479.672
48.074966,8.386535,35289.043,2480.6125
48.072674,8.382665,35191.133,2481.1628
48.06983,8.38604,35298.51,2482.7756
48.06807,8.38598,35293.6,2483.1816
48.066677,8.386593,35253.06,2484.1936
48.0647,8.387381,35282.41,2485.019
48.063248,8.387281,35316.52,2485.694
48.05994,8.384982,35210.535,2486.8232
48.05881,8.386342,35367.914,2487.7017
48.05752,8.385305,35189.42,2488.4587
48.054424,8.385008,35271.676,2489.086
48.053497,8.387065,35355.8,2490.7454
48.05076,8.38431,35240.34,2491.3508
48.048683,8.384646,35226.68,2492.3657
48.045662,8.388832,35326.566,2493.2085
48.04303,8.387627,35297.633,2493.4463
48.04164,8.387982,35266.195,2495.1216
48.039913,8.384849,35207.47,2496.0432
48.038857,8.385886,35345.98,2496.4495
48.032867,8.385911,35202.926,2498.2927
48.034252,8.3866415,35113.746,2499.5564
48.0311,8.387912,35316.01,2498.555
48.029068,8.3860655,35276.7,2499.8752
48.02954,8.386994,35293.766,2501.5872
48.02713,8.385985,35210.566,2501.2524
48.024487,8.3894415,35225.45,2502.8394
48.020687,8.391933,35233.805,2502.4978
48.022537,8.386612,35273.875,2504.697
48.013577,8.384464,35283.156,2505.625
48.01251,8.386876,35279.6,2507.124
48.011787,8.395456,35314.152,2508.0427
48.00975,8.392137,35268.99,2507.3022
48.00735,8.387413,35274.41,2510.5725
48.00353,8.39005,35245.94,2510.3987
48.005543,8.388709,35175.277,2510.9731
48.00287,8.3893795,35243.88,2512.5486
47.999096,8.389219,35242.68,2513.026
47.9983,8.388456,35224.16,2513.5344
47.99683,8.386959,35199.863,2514.4624
47.993164,8.386963,35213.992,2516.2588
47.993446,8.389663,35229.93,2516.1536
47.990562,8.387818,35280.06,2516.8013
47.988007,8.38558,35160.613,2519.0457
47.983997,8.389496,35273.363,2519.7595
47.985626,8.387502,35225.676,2520.0076
47.9832,8.387852,35232.18,2521.0366
47.979317,8.38536,35132.01,2521.4866
47.97789,8.3902645,35273.55,2523.4824
47.975727,8.389251,35229.95,2523.5427
47.973537,8.389491,35229.66,2525.1997
47.969616,8.390722,35263.49,2525.7595
47.969765,8.386931,35158.99,2526.5789
47.966644,8.38988,35294.91,2527.807
47.96487,8.3864975,35131.88,2528.2065
47.962563,8.389189,35139.39,2529.3684
47.96136,8.391288,35213.676,2529.6052
47.958706,8.393812,35299.336,2530.9404
47.95648,8.3894615,35211.582,2531.9502
47.955875,8.385832,35163.395,2533.2542
47.951138,8.390073,35212.906,2533.4045
47.95073,8.389364,35261.508,2534.1196
47.94931,8.390845,35199.133,2535.302
47.945606,8.388751,35213.332,2536.2283
47.944862,8.391164,35207.656,2537.9358
47.941917,8.39058,35196.4,2537.697
47.93927,8.391227,35203.188,2539.2207
47.938858,8.389966,35219.234,2540.0667
47.93528,8.390586,35154.77,2541.169
47.934032,8.390837,35197.695,2542.1387
47.93186,8.390645,35177.152,2542.1594
47.929596,8.390092,35156.777,2543.0037
47.928066,8.389952,35141.28,2544.8005
47.92574,8.392026,35179.855,2545.2634
47.924534,8.390297,35195.99,2545.9644
47.921524,8.390486,35173.18,2547.2559
47.920113,8.391462,35191.633,2547.505
47.916283,8.390085,35223.938,2548.9827
47.91476,8.388934,35123.305,2549.9614
47.914177,8.390739,35167.15,2550.2036
47.911278,8.392214,35182.67,2551.482
47.907986,8.389889,35163.633,2552.4182
47.906013,8.390922,35169.758,2553.1653
47.904633,8.393273,35162.496,2554.5857
47.901943,8.393107,35169.668,2555.019
47.90195,8.391376,35176.902,2555.5518
47.899567,8.389238,35074.48,2557.2065
47.895523,8.392241,35184.945,2557.9739
47.89344,8.391615,35162.02,2558.482
47.89042,8.39328,35158.645,2559.9983
47.890366,8.393324,35200.445,2560.5156
47.888058,8.390046,35160.723,2561.3044
47.884155,8.388407,35077.523,2562.4001
47.884155,8.393962,35213.516,2563.6375
47.88042,8.392612,35194.383,2563.8428
47.8793,8.393589,35168.99,2565.0505
47.876896,8.394976,35197.785,2565.1067
47.876194,8.388697,35045.4,2565.95
47.87527,8.393272,35165.33,2567.4292
47.868576,8.391599,35171.875,2568.1987
47.87072,8.393792,35148.383,2569.0764
47.867332,8.391617,35152.03,2569.4756
47.864964,8.394487,35143.52,2571.015
47.863987,8.391427,35182.84,2572.099
47.859085,8.390395,35036.78,2573.5234
47.86071,8.392197,35213.496,2572.931
47.85632,8.393933,35213.324,2574.6516
47.853455,8.389984,35010.824,2575.2861
47.854164,8.395646,35221.1,2576.502
47.851486,8.393354,35196.445,2578.0757
47.84661,8.3912945,35124.285,2578.8252
47.84597,8.394288,35125.44,2579.4946
47.843845,8.393422,35174.926,2579.6736
47.842545,8.392735,35140.727,2580.369
47.838596,8.391779,35198.41,2581.1548
47.837257,8.393172,35174.79,2582.2139
47.837093,8.391415,35065.145,2583.3586
47.83486,8.395005,35196.91,2584.2373
47.83009,8.39014,35082.54,2585.4114
47.830883,8.393907,35179.652,2585.2874
47.8258,8.391137,35054.906,2587.3425
47.82552,8.392096,35181.273,2587.5608
47.821083,8.391258,35135.582,2588.2822
47.82085,8.3911495,35117.957,2590.3594
47.81907,8.392194,35133.38,2590.179
47.817284,8.392276,35170.902,2591.4097
47.816742,8.390941,35015.562,2592.5928
47.812553,8.392611,35153.277,2592.8884
47.809853,8.392321,35142.234,2594.4983
47.80927,8.393834,35177.74,2594.5928
47.8059,8.389511,34982.188,2596.7134
47.805717,8.39415,35221.875,2596.6003
47.80199,8.391938,35126.9,2598.026
47.79975,8.393035,35145.92,2598.73
47.79885,8.3944025,35124.773,2599.4238
47.796047,8.392093,35074.965,2600.0112
47.79609,8.393314,35165.27,2601.3035
47.7906,8.390228,34976.05,2602.7222
47.79155,8.393483,35163.77,2602.9846
47.787586,8.394762,35136.12,2603.8508
47.78635,8.393268,35164.65,2604.4004
47.784798,8.38974,35035.777,2605.8816
47.779568,8.393441,35240.305,2606.6094
47.77918,8.391357,35129.055,2607.3823
47.77742,8.391592,35061.84,2608.8882
47.774906,8.39253,35233.74,2609.2634
47.771168,8.388739,35046.336,2610.1797
47.77115,8.392347,35194.203,2611.4712
47.770023,8.391357,35058.38,2612.2102
47.76692,8.389813,35093.79,2612.3804
47.76681,8.389814,35085.74,2613.9963
47.76358,8.390533,35119.863,2614.4941
47.760067,8.389634,35117.742,2615.787
47.757973,8.391412,35080.39,2616.6035
47.75534,8.396497,35240.023,2618.1155
47.754295,8.389792,35062.27,2616.7322
47.753094,8.392644,35227.664,2618.8772
47.75033,8.391999,35133.78,2620.9956
47.7448,8.3902645,35124.098,2620.7595
47.74372,8.398708,35208.027,2622.8948
47.742912,8.396999,35069.48,2621.8682
47.741734,8.392198,35170.66,2623.3733
47.74061,8.38722,35073.664,2623.8904
47.73398,8.392418,35144.184,2625.3762
47.734947,8.390704,35045.387,2626.444
47.733955,8.392656,35160.344,2627.1692
47.732506,8.390046,35130.15,2628.255
47.730995,8.392498,35149.3,2628.7258
47.72676,8.392316,35221.055,2630.227
47.725346,8.388055,35029.375,2630.1155
47.723557,8.390119,35132.99,2632.9155
47.723877,8.390549,35099.414,2632.691
47.718613,8.390674,35140.0,2633.2888
47.716133,8.390833,35119.348,2634.4998
47.71607,8.392829,35127.992,2635.0034
47.71419,8.391188,35152.64,2635.7961
47.710243,8.387767,35016.812,2636.7659
47.70948,8.39287,35156.875,2637.9048
47.706886,8.390153,35111.914,2638.3599
47.704,8.391103,35130.496,2639.435
47.70247,8.391115,35190.242,2640.2935
47.700108,8.388429,35002.453,2641.8127
47.696957,8.39144,35164.85,2642.106
47.696426,8.390003,35153.418,2643.1194
47.694225,8.392192,35171.75,2644.1501
47.68989,8.387576,34984.043,2645.1108
47.689392,8.39013,35166.59,2645.9805
47.687885,8.390957,35139.66,2646.8586
47.6864,8.389712,35136.625,2646.8813
47.683334,8.391106,35197.785,2648.502
47.68128,8.389762,35085.63,2650.083
47.679462,8.389999,35098.508,2650.4675
47.67675,8.389427,35104.066,2651.7769
47.675404,8.390099,35194.992,2652.5444
47.672985,8.392698,35212.84,2653.4978
47.67153,8.388331,34995.55,2653.8838
47.66981,8.391274,35186.742,2654.9111
47.66706,8.390394,35161.555,2655.6846
47.664062,8.389427,35145.754,2656.7605
47.661983,8.390827,35133.645,2658.0151
47.661644,8.390776,35149.477,2658.1138
47.659004,8.38912,35157.11,2659.3906
47.65601,8.391036,35169.215,2660.591
47.654774,8.388988,35031.383,2661.2395
47.652805,8.390247,35147.35,2662.452
47.651436,8.390191,35133.29,2663.3416
47.648136,8.389985,35139.277,2663.3184
47.646435,8.3901005,35185.535,2665.3809
47.643246,8.389595,35158.15,2666.333
47.638428,8.3898,35039.21,2666.2607
47.639942,8.391089,35203.82,2668.269
47.638165,8.389143,35154.57,2668.799
47.63624,8.387078,35160.71,2669.8125
47.631046,8.392209,35110.332,2670.3223
47.63318,8.392491,35149.207,2672.1199
47.63021,8.390145,35171.27,2671.1567
47.626984,8.387804,35014.195,2673.0918
47.62705,8.387965,35198.816,2674.8694
47.625782,8.387137,35168.51,2673.8774
47.621517,8.387275,34942.484,2676.9302
47.619232,8.392957,35220.77,2675.389
47.617382,8.3876705,34930.492,2677.6682
47.615913,8.386783,35161.336,2678.4578
47.614635,8.3879595,35111.85,2679.203
47.61127,8.382432,35086.297,2679.732
47.607613,8.386923,35217.69,2682.05
47.605953,8.392449,35097.203,2682.2039
47.607647,8.38848,35117.82,2682.869
47.604214,8.389131,35196.266,2684.0005
47.601776,8.388968,35129.637,2684.5012
47.598217,8.389284,35162.88,2686.526
47.596317,8.388616,35046.266,2686.2288
47.595196,8.391045,35242.31,2687.325
47.590557,8.387758,34886.12,2688.845
47.5898,8.392309,35208.816,2689.7583
47.588154,8.389884,35157.703,2690.3289
47.587322,8.38747,35059.78,2691.3687
47.58243,8.389947,35118.094,2692.1216
47.58096,8.3898535,35141.793,2692.8733
47.57953,8.390615,35101.816,2693.8606
47.577133,8.388939,35126.254,2695.1228
47.57702,8.390742,35108.06,2695.6804
47.574306,8.389537,35154.62,2696.2925
47.571648,8.387825,34965.355,2697.5942
47.5692,8.387792,35169.6,2699.2754
47.566097,8.3896265,35105.734,2699.1702
47.566364,8.391371,35069.945,2699.9956
47.562737,8.389557,35077.54,2700.9453
47.561066,8.390166,35092.465,2701.4587
47.55889,8.389589,35120.38,2702.558
47.55672,8.390835,35104.418,2704.1008
47.55452,8.389222,35131.17,2704.9395
47.551968,8.389951,35039.18,2705.5295
47.5507,8.390511,35162.36,2706.1943
47.548798,8.39159,35223.44,2707.9214
47.54435,8.387454,34693.344,2707.7925
47.546055,8.389605,35207.21,2709.557
47.5422,8.38942,35104.4,2710.0757
47.540016,8.389558,35084.414,2711.3528
47.537514,8.390346,35087.785,2711.8184
47.537277,8.389921,35077.51,2713.2795
47.53447,8.389354,35076.965,2713.441
47.53272,8.389913,35067.52,2714.3901
47.53099,8.390889,35069.617,2715.2817
47.528404,8.3891735,35105.133,2716.5059
47.52435,8.388828,34937.707,2717.2466
47.522675,8.390458,35128.79,2718.018
47.520653,8.390282,35094.82,2719.1824
47.5195,8.390422,35090.695,2720.6416
47.516502,8.390364,34927.99,2721.0479
47.51601,8.390861,35036.383,2722.5588
47.515015,8.391294,35064.22,2722.2476
47.51228,8.386289,35135.29,2722.1316
47.50969,8.385705,34798.445,2725.5063
47.50884,8.39292,35125.56,2723.8567
47.505836,8.390826,35076.22,2726.6758
47.502728,8.392233,35063.79,2727.126
47.502735,8.388885,34930.133,2727.418
47.499367,8.390769,35066.79,2728.8157
47.49406,8.389502,35087.094,2730.358
47.495743,8.393197,34966.785,2731.5178
47.49287,8.391966,35001.543,2731.715
47.490047,8.393861,35137.87,2732.4937
47.488144,8.386033,34573.684,2732.2002
47.486744,8.388495,35117.027,2736.0342
47.48208,8.38965,35011.617,2735.622
47.482494,8.391914,35002.37,2735.7932
47.48165,8.392925,34912.66,2736.9492
47.4746,8.392563,34998.105,2739.5857
47.475773,8.392302,35013.434,2737.2551
47.4736,8.386831,34946.85,2740.5034
47.472824,8.389206,34944.15,2740.2915
47.468754,8.390729,34966.324,2741.1353
47.46763,8.39118,35022.83,2742.9531
47.464806,8.391242,34751.504,2742.6882
47.463337,8.392426,35030.15,2744.1836
47.460903,8.392716,34989.668,2745.4841
47.459637,8.392199,34854.016,2746.0208
47.45594,8.392819,34948.355,2746.1248
47.45601,8.392359,34930.855,2748.3357
47.454247,8.391698,34966.324,2748.1538
47.451366,8.3931055,34789.883,2749.883
47.447487,8.394085,34966.54,2750.2249
47.444546,8.3925295,34929.402,2750.732
47.444798,8.394576,34896.53,2752.639
47.440945,8.39342,34880.45,2752.4575
47.44013,8.394111,34876.53,2753.993
47.4378,8.393596,34914.477,2754.8748
47.4358,8.39346,34829.65,2756.1067
47.433,8.392305,34817.57,2756.375
47.4309,8.393633,34897.95,2757.1226
47.431274,8.393151,34900.094,2758.7935
47.427505,8.393282,34666.68,2759.12
47.425594,8.395559,34869.926,2759.8796
47.42317,8.394612,34831.188,2761.3137
47.421776,8.395028,34855.02,2761.5361
47.420074,8.39506,34779.375,2762.27
47.41683,8.394233,34724.27,2764.3066
47.416225,8.396559,34829.965,2764.9858
47.41126,8.395043,34794.28,2765.013
47.41156,8.393896,34762.824,2766.2979
47.408623,8.395587,34735.203,2766.866
47.407417,8.392853,34704.945,2767.8074
47.405506,8.394516,34731.324,2768.6863
47.40297,8.395057,34765.08,2770.177
47.40094,8.397877,34741.9,2770.8984
47.398212,8.397534,34774.957,2770.8076
47.397827,8.395887,34737.414,2772.7317
47.392193,8.395864,34603.008,2773.0798
47.392582,8.396996,34700.344,2774.2688
47.390476,8.397575,34762.87,2775.2827
47.389713,8.39553,34620.305,2776.2834
47.386597,8.397393,34677.5,2776.529
47.382805,8.395822,34633.82,2777.6108
47.381382,8.3978195,34634.48,2778.9468
47.3805,8.396965,34625.45,2779.4438
47.378475,8.398962,34676.984,2781.217
47.372944,8.400407,34403.78,2781.1436
47.372475,8.399943,34728.477,2782.9197
47.372482,8.396843,34672.652,2783.2212
47.365456,8.397455,34365.22,2784.396
47.367123,8.400703,34666.69,2784.4202
47.364204,8.400037,34652.98,2785.8062
47.364483,8.400837,34443.566,2786.28
47.36284,8.397339,34611.543,2786.9312
47.358047,8.394985,34616.395,2788.5042
47.357487,8.397251,34557.207,2788.572
47.35256,8.402852,34552.992,2790.8152
47.353756,8.401639,34567.812,2791.0857
47.35252,8.399006,34518.605,2791.7175
47.34723,8.4009495,34512.156,2792.5752
47.345764,8.399831,34500.516,2793.4597
47.341084,8.401566,34467.824,2793.9282
47.343693,8.406137,34454.875,2796.6213
47.338715,8.402353,34503.84,2796.5688
47.336876,8.401637,34364.81,2797.4075
47.336723,8.402524,34504.812,2798.667
47.33039,8.403493,34329.477,2799.879
47.331173,8.402668,34426.707,2800.0667
47.33146,8.399841,34386.926,2799.352
47.32794,8.399491,34346.965,2802.7322
47.3212,8.401603,34395.883,2801.7595
47.321606,8.403618,34399.55,2803.3306
47.319695,8.402519,34319.645,2804.3867
47.315773,8.405132,34352.363,2805.45
47.316566,8.40454,34362.496,2805.9243
47.315613,8.404066,34353.54,2806.7712
47.312305,8.403173,34261.312,2808.4822
47.308712,8.4049,34293.926,2808.955
47.310505,8.40154,34290.508,2809.6785
47.30729,8.404581,34303.83,2810.432
47.30407,8.406627,34266.0,2812.0298
47.30256,8.406675,34292.516,2812.3086
47.301624,8.409302,34198.305,2812.9834
47.30051,8.404455,34039.266,2814.4617
47.29467,8.405672,34368.246,2815.2083
47.291218,8.4060135,33991.562,2816.4604
47.291016,8.406899,34239.92,2816.997
47.28769,8.408582,34190.586,2816.9622
47.285927,8.406891,34175.86,2818.3533
47.285133,8.407717,34156.45,2819.2363
47.28062,8.408107,34129.062,2820.0361
47.280617,8.407859,34123.164,2820.4954
47.278038,8.409081,34091.43,2822.021
47.27625,8.407969,34087.047,2822.1743
47.27361,8.408367,34066.695,2823.9612
47.271458,8.409775,34072.95,2824.1958
47.26926,8.4098015,34080.137,2825.01
47.266014,8.409396,34012.445,2826.5657
47.26481,8.409307,34047.836,2827.008
47.26375,8.411495,34023.266,2828.2427
47.259933,8.409068,34002.023,2828.3875
47.25906,8.411086,34034.137,2830.2742
47.256706,8.410119,33946.992,2831.0662
47.25342,8.411213,33972.887,2831.4941
47.25295,8.409233,33964.1,2832.2024
47.250084,8.409997,33941.793,2832.837
47.24808,8.408873,33860.47,2834.0222
47.246098,8.413831,33870.426,2834.7153
47.243137,8.412248,33913.57,2835.5193
47.24265,8.411036,33893.223,2836.4226
47.238525,8.414891,33904.52,2838.269
47.237717,8.415379,33844.58,2838.4407
47.235893,8.412494,33851.387,2838.67
47.234356,8.412768,33861.39,2839.7502
47.232246,8.413352,33836.73,2841.8174
47.22721,8.413445,33833.52,2841.6191
47.226677,8.417066,33843.457,2841.8203
47.22502,8.414931,33720.945,2844.0288
47.223114,8.418088,33758.03,2845.8938
47.22277,8.416003,33795.938,2846.4177
47.219166,8.411164,33797.43,2846.257
47.21526,8.415134,33763.094,2846.9565
47.21291,8.415563,33593.543,2848.933
47.21309,8.41764,33827.473,2848.839
47.208412,8.415326,33599.87,2851.2778
47.206684,8.415689,33764.664,2850.888
47.209385,8.41484,33658.1,2849.2825
47.204697,8.413328,33669.406,2853.9944
47.199646,8.417801,33585.47,2852.9587
47.200535,8.416925,33705.895,2853.1067
47.19945,8.418586,33624.824,2856.037
47.194714,8.42068,33550.34,2855.3286
47.19429,8.41381,33632.066,2856.4492
47.19212,8.417985,33539.465,2857.419
47.183548,8.418543,33582.938,2860.1501
47.186,8.42234,33556.266,2858.1448
47.18217,8.419991,33538.35,2861.6272
47.179676,8.418745,33500.555,2860.3225
47.178356,8.425239,33519.832,2863.0503
47.178535,8.42235,33475.086,2862.8452
47.17742,8.420073,33531.44,2863.6514
47.17463,8.420614,33361.258,2866.9324
47.172543,8.419916,33466.207,2864.4019
47.169952,8.417457,33441.18,2867.6775
47.16936,8.422004,33421.01,2866.6335
47.16455,8.422051,33443.156,2869.854
47.16524,8.425749,33362.316,2868.1387
47.164566,8.418703,33285.066,2870.503
47.159485,8.420429,33415.7,2873.0273
47.155518,8.422271,33365.5,2870.8186
47.15588,8.423963,33299.867,2873.1455
47.152905,8.42341,33322.06,2872.9534
47.149372,8.421939,33295.137,2874.5066
47.1491,8.423281,33299.902,2875.2732
47.148197,8.422922,33306.934,2876.356
47.143173,8.422932,33110.074,2878.043
47.143555,8.424325,33269.41,2877.7056
47.141594,8.42562,33222.0,2879.1519
47.137337,8.424736,33204.555,2880.1013
47.137123,8.426066,33184.242,2880.0142
47.13382,8.42541,33154.47,2881.2766
47.13321,8.426469,33136.83,2883.1238
47.128696,8.425007,33108.996,2883.5083
47.126755,8.426182,33122.293,2884.7222
47.126312,8.426948,33092.754,2884.7795
47.124187,8.426143,33094.8,2886.5647
47.12146,8.426192,33063.55,2886.748
47.12106,8.428798,33060.266,2887.619
47.11988,8.425047,33013.867,2888.268
47.115383,8.429983,32993.547,2889.3997
47.114143,8.429203,32968.75,2890.1963
47.11373,8.428469,33028.227,2891.648
47.109257,8.425945,32757.594,2893.257
47.10557,8.425848,32956.848,2893.8596
47.102695,8.433545,32914.246,2894.936
47.10324,8.433385,32900.938,2894.0447
47.100483,8.429292,32914.91,2896.8867
47.096542,8.430835,32827.008,2897.1914
47.094643,8.431897,32798.184,2896.9512
47.095093,8.431695,32782.64,2899.5754
47.092342,8.430056,32826.355,2899.798
47.089905,8.430567,32727.746,2900.7593
47.089104,8.432223,32821.867,2901.6667
47.08667,8.429675,32753.809,2903.047
47.083355,8.433628,32636.066,2904.4316
47.08134,8.433711,32820.266,2903.6516
47.082054,8.432614,32721.754,2905.5107
47.078175,8.429184,32706.115,2904.6162
47.075233,8.435135,32683.037,2908.1416
47.074097,8.434932,32726.924,2906.8718
47.07036,8.435158,32578.025,2909.3792
47.06987,8.438033,32625.64,2909.557
47.06718,8.433855,32602.69,2910.114
47.066715,8.43336,32603.703,2911.1184
47.062695,8.433682,32391.354,2914.0776
47.061035,8.437623,32625.178,2913.698
47.058475,8.435768,32529.027,2913.2493
47.056713,8.4363365,32496.156,2914.9268
47.055378,8.433681,32480.973,2915.4558
47.05299,8.434018,32442.488,2918.253
47.051674,8.437642,32445.385,2916.3103
47.04973,8.43679,32411.377,2918.863
47.047607,8.436156,32424.521,2920.0286
47.04425,8.437761,32425.746,2920.0828
47.04168,8.434914,32298.543,2921.7507
47.04138,8.438612,32352.066,2921.786
47.03746,8.438331,32342.713,2922.8755
47.036694,8.438354,32329.271,2924.0454
47.034157,8.4381895,32304.002,2925.614
47.032005,8.439049,32298.977,2926.487
47.029987,8.440258,32287.785,2927.102
47.028313,8.438428,32249.066,2927.4504
47.02565,8.438863,32181.54,2928.7463
47.023033,8.440344,32232.936,2929.7708
47.022366,8.439454,32198.082,2930.3237
47.01975,8.440499,32188.186,2931.0857
47.01822,8.439243,32118.82,2931.969
47.016453,8.44149,32159.553,2933.0078
47.01438,8.441341,32174.822,2933.7117
47.011017,8.441418,31948.59,2935.031
47.009735,8.441179,32117.758,2935.7134
47.007908,8.442866,32068.955,2936.761
47.00392,8.441291,32048.959,2936.6426
47.002678,8.441018,31996.156,2938.7583
47.000427,8.441748,32004.758,2939.4934
46.999268,8.443188,31969.357,2939.8706
46.99601,8.444648,31971.342,2940.9548
46.995872,8.443661,31887.967,2942.0295
46.991997,8.443861,31928.59,2943.036
46.990643,8.445018,31887.344,2943.5796
46.988308,8.445121,31858.582,2944.7102
46.985874,8.444278,31870.484,2945.2073
46.984066,8.443833,31779.668,2947.0962
46.982006,8.446076,31861.83,2947.7498
46.97958,8.445776,31823.94,2948.4382
46.97773,8.445806,31803.357,2948.8
46.974773,8.44871,31765.09,2950.4192
46.97382,8.447493,31736.32,2951.3396
46.972218,8.445586,31730.822,2951.2014
46.969933,8.445761,31697.398,2952.47
46.96641,8.4465275,31703.383,2953.6194
46.965446,8.450223,31667.34,2954.816
46.96418,8.446248,31598.23,2955.1104
46.961376,8.448472,31667.936,2956.0623
46.96009,8.448237,31681.045,2957.5007
46.954765,8.446249,31453.06,2958.7927
46.954052,8.453333,31608.738,2959.4426
46.95167,8.453197,31500.863,2959.565
46.951256,8.449841,31534.027,2961.4104
46.949406,8.4471035,31506.72,2961.693
46.944717,8.450286,31442.766,2963.8586
46.94485,8.451924,31438.143,2962.782
46.942204,8.452468,31327.295,2964.235
46.942142,8.4511795,31355.602,2964.5933
46.940586,8.446342,31265.457,2966.439
46.935028,8.441971,31418.178,2965.383
46.93444,8.451046,31342.396,2968.131
46.92855,8.455591,31339.512,2969.3955
46.930965,8.45129,31366.043,2969.0
46.930153,8.450714,31277.723,2970.5461
46.92538,8.453398,31269.104,2971.316
46.92156,8.455928,31238.92,2972.8054
46.921406,8.454219,31262.674,2972.7705
46.9206,8.454247,31223.846,2974.231
46.916473,8.454531,31199.186,2976.1965
46.914894,8.456928,31185.35,2976.1238
46.9136,8.455268,31123.312,2976.6252
46.909996,8.4546995,30988.164,2978.6472
46.90712,8.456369,31125.338,2978.7605
46.907215,8.456306,31012.363,2979.473
46.90537,8.457743,31057.615,2979.4233
46.901947,8.457313,31063.908,2981.4043
46.900246,8.459649,31043.422,2982.8953
46.898228,8.455566,30840.95,2982.7007
46.896725,8.458383,30999.28,2984.317
46.893654,8.457565,30934.953,2985.284
46.892155,8.458281,30912.762,2985.9211
46.889206,8.459307,30887.287,2986.2615
46.88761,8.458951,30913.023,2988.006
46.884487,8.457893,30779.262,2988.9202
46.88374,8.46189,30912.168,2989.0999
46.881355,8.460883,30781.555,2990.9172
46.8789,8.45967,30786.863,2991.278
46.87792,8.4579735,30799.639,2991.7856
46.873966,8.460942,30744.354,2992.6826
46.873684,8.460953,30735.244,2993.7175
46.871468,8.46221,30627.926,2994.419
46.868664,8.460305,30698.617,2995.29
46.866394,8.461433,30668.701,2997.2637
46.86393,8.46254,30607.61,2997.1868
46.86265,8.463266,30649.6,2998.139
46.85964,8.46226,30591.809,2998.8909
46.858265,8.463272,30572.197,2999.807
46.855923,8.464603,30579.508,3001.0156
46.85321,8.462318,30384.246,3001.91
46.85306,8.464667,30502.988,3002.3738
46.848583,8.465661,30461.223,3003.1301
46.847836,8.463808,30424.72,3004.4148
46.845837,8.463813,30432.027,3004.8389
46.843697,8.46532,30408.05,3006.57
46.84091,8.464149,30393.73,3006.4849
46.83969,8.465644,30382.305,3007.5654
46.836716,8.465967,30230.24,3009.1023
46.83462,8.466423,30348.848,3009.4893
46.831383,8.467442,30318.28,3010.725
46.82937,8.467062,30263.844,3011.4949
46.828167,8.466455,30238.07,3012.7285
46.826546,8.465319,30195.428,3014.5054
46.821667,8.468413,30128.352,3013.35
46.823006,8.468998,30119.379,3015.8508
46.82212,8.469514,30130.473,3015.3057
46.817825,8.463857,30174.146,3014.4739
46.814503,8.466054,29940.48,3019.7246
46.8156,8.473279,30119.281,3018.0435
46.81492,8.471374,29991.719,3018.6606
46.80949,8.471513,30023.229,3019.248
46.80998,8.469594,30019.86,3021.1243
46.804653,8.471573,29942.29,3022.924
46.79894,8.470409,29975.826,3022.3462
46.801826,8.480439,29885.287,3026.1863
46.799015,8.475122,29890.113,3022.749
46.798553,8.471369,29905.598,3026.5574
46.793404,8.470846,29760.516,3026.6035
46.791565,8.47133,29810.469,3027.6548
46.789455,8.474775,29772.0,3029.0754
46.788795,8.472245,29739.762,3028.5947
46.787136,8.47269,29711.734,3030.6458
46.78422,8.472215,29789.934,3030.6055
46.782764,8.4717245,29550.135,3032.2786
46.780727,8.474497,29684.518,3031.4849
46.777996,8.474914,29609.285,3033.581
46.774727,8.476042,29554.746,3033.328
46.77505,8.475787,29540.715,3035.8123
46.770737,8.476847,29543.998,3036.1172
46.76862,8.475802,29472.883,3036.8013
46.768486,8.4769,29378.707,3038.571
46.76604,8.478787,29448.549,3038.9292
46.763794,8.47835,29405.64,3039.2668
46.76117,8.476928,29378.768,3040.207
46.759407,8.4768305,29249.838,3041.315
46.758224,8.477802,29302.387,3041.9202
46.75484,8.478014,29280.22,3042.947
46.752056,8.478876,29269.51,3044.044
46.751045,8.480125,29135.469,3045.2136
46.7492,8.480291,29199.05,3045.558
46.746895,8.477966,29175.107,3046.5508
46.745083,8.480849,29133.064,3047.3828
46.743443,8.479959,29123.889,3049.0256
46.740902,8.482272,29107.441,3048.8154
46.738922,8.47938,28965.623,3049.525
46.73812,8.483119,29071.14,3051.1145
46.734222,8.481396,28917.232,3051.9043
46.732582,8.48207,29018.545,3053.3381
46.73071,8.484717,29011.838,3052.7764
46.72756,8.4822235,28806.646,3054.9731
46.72657,8.482831,28953.902,3055.4192
46.7238,8.483387,28805.238,3056.17
46.72369,8.483366,28802.55,3056.7815
46.72118,8.484381,28761.504,3057.2498
46.71789,8.484146,28726.342,3058.653
46.71631,8.484647,28712.463,3060.0562
46.714733,8.485378,28690.326,3060.6096
46.712112,8.486286,28699.756,3061.9033
46.71031,8.485352,28573.053,3064.176
46.707405,8.4856825,28471.896,3064.1116
46.705673,8.485916,28622.781,3064.3154
46.70456,8.487351,28538.814,3065.7644
46.701313,8.486241,28494.213,3065.9062
46.700287,8.487319,28494.887,3066.271
46.69882,8.48711,28459.582,3068.0479
46.696033,8.488481,28398.887,3068.6504
46.693672,8.489888,28357.688,3069.628
46.69207,8.488678,28349.502,3070.0757
46.690437,8.488332,28324.582,3071.2268
46.68806,8.490436,28330.914,3072.5051
46.68596,8.488561,28259.895,3072.5305
46.68266,8.489978,28314.416,3074.0938
46.681442,8.490519,28253.238,3074.6584
46.678898,8.490841,28175.703,3075.831
46.678482,8.489778,28249.152,3076.5896
46.67515,8.48932,28157.695,3077.582
46.67245,8.491368,28071.93,3080.4146
46.671364,8.492201,28090.826,3079.3374
46.66768,8.494597,28070.266,3081.253
46.667587,8.49403,28023.443,3080.456
46.665447,8.492071,27936.951,3083.526
46.664654,8.493355,28015.006,3082.995
46.659542,8.4905205,27795.049,3084.4602
46.659462,8.495353,27948.379,3085.7705
46.657883,8.493941,27876.707,3084.9136
46.6556,8.4946575,27835.443,3086.6843
46.65311,8.493771,27810.129,3086.9934
46.651188,8.493458,27749.496,3088.9126
46.64964,8.494746,27745.605,3088.7534
46.646538,8.495199,27731.705,3090.5354
46.644943,8.493911,27649.615,3090.4941
46.643574,8.494549,27661.887,3092.1624
46.641483,8.494433,27599.762,3093.3738
46.63878,8.494351,27563.361,3093.557
46.637894,8.495863,27530.19,3094.5076
46.636166,8.495759,27502.348,3095.098
46.63372,8.495961,27462.137,3096.2244
46.63191,8.495496,27418.79,3096.8506
46.62971,8.498509,27403.72,3097.6035
46.62762,8.496556,27376.006,3099.5964
46.626144,8.497622,27359.508,3100.1184
46.621582,8.495833,27305.947,3101.3352
46.62132,8.496994,27250.955,3102.1162
46.619644,8.498989,27241.23,3102.5972
46.616657,8.497426,27221.312,3103.9478
46.61482,8.497809,27109.371,3104.5242
46.613503,8.498202,27122.326,3105.822
46.610474,8.498454,27070.62,3106.4998
46.60885,8.499354,27030.373,3107.083
46.607414,8.500131,27015.045,3108.0037
46.605747,8.500434,26993.05,3108.689
46.603283,8.499899,27005.629,3109.2341
46.600643,8.499485,26870.475,3110.8955
46.59879,8.501084,26953.094,3111.7888
46.598423,8.50015,26912.771,3112.2664
46.595833,8.499354,26828.062,3114.0662
46.59242,8.500036,26762.402,3114.6826
46.59118,8.501262,26792.352,3114.979
46.588837,8.501214,26719.322,3116.3342
46.587265,8.501617,26679.123,3116.9255
46.58483,8.500952,26645.58,3118.125
46.583042,8.500966,26605.738,3118.7349
46.58186,8.501768,26565.414,3120.228
46.57929,8.502525,26511.857,3120.686
46.578106,8.500686,26483.244,3121.9583
46.57446,8.502824,26454.262,3121.9756
46.572506,8.502408,26451.875,3122.6921
46.571224,8.502428,26395.822,3124.145
46.568493,8.502174,26362.457,3124.443
46.566578,8.502468,26333.854,3126.5027
46.564873,8.501709,26296.895,3127.331
46.562897,8.502549,26293.373,3127.951
46.559395,8.504185,26228.414,3128.1306
46.560253,8.503121,26221.219,3130.0955
46.55786,8.503752,26194.965,3128.8083
46.55469,8.503565,26190.453,3131.235
46.554977,8.503107,26139.295,3133.2659
46.551353,8.503183,26012.268,3132.6316
46.549175,8.505839,26038.205,3132.3748
46.547405,8.508339,25981.508,3135.3284
46.547726,8.503118,26006.426,3134.8853
46.540817,8.501765,25979.8,3137.2231
46.538414,8.507756,25990.357,3139.0518
46.538605,8.511532,25906.688,3139.476
46.53648,8.508757,25825.162,3138.7876
46.535088,8.504904,25851.604,3140.5088
46.532875,8.507287,25737.176,3142.308
46.532223,8.507034,25717.129,3141.4568
46.52925,8.506846,25669.453,3143.9407
46.52824,8.505124,25641.168,3144.0042
46.525723,8.506441,25559.148,3144.9812
46.524136,8.505532,25590.201,3145.7031
46.52147,8.505454,25559.92,3146.9448
46.519344,8.507876,25466.217,3147.4517
46.518326,8.505916,25493.434,3148.689
46.516605,8.507311,25472.729,3150.2483
46.512886,8.506499,25361.273,3150.7595
46.512848,8.507791,25405.318,3151.3042
46.51089,8.507003,25351.932,3151.6914
46.507828,8.50479,25290.906,3153.1926
46.506863,8.508167,25255.809,3153.9006
46.504948,8.506697,25214.607,3154.8113
46.502384,8.507853,25152.184,3156.057
46.50033,8.508706,25117.783,3157.893
46.499516,8.5090685,25129.027,3157.63
46.495747,8.507064,25063.441,3158.2854
46.493885,8.508759,25059.883,3159.8972
46.492367,8.509072,25024.924,3160.2974
46.490715,8.509021,24951.992,3160.966
46.48846,8.508284,24947.617,3161.8286
46.486313,8.5089,24905.184,3162.8552
46.484882,8.509041,24863.584,3163.4648
46.482624,8.509105,24828.97,3164.4048
46.481274,8.509652,24826.0,3165.9995
46.47913,8.508074,24779.484,3167.3408
46.477345,8.510265,24740.883,3168.3455
46.47636,8.509567,24693.943,3168.1802
46.473877,8.509518,24640.309,3169.303
46.472084,8.5096855,24611.111,3170.9333
46.46887,8.5105505,24544.225,3171.2734
46.468483,8.5102005,24549.143,3171.8252
46.465572,8.510579,24518.46,3173.103
46.463818,8.510269,24501.213,3173.4397
46.46171,8.510397,24432.148,3175.3767
46.45992,8.512161,24415.826,3175.7803
46.45738,8.511149,24350.094,3177.8901
46.45568,8.511496,24302.324,3177.9897
46.455147,8.511322,24270.346,3178.949
46.452053,8.51129,24227.906,3179.3726
46.45066,8.511168,24194.7,3180.1335
46.448833,8.5114565,24173.723,3181.1787
46.446808,8.511545,24118.979,3182.6555
46.44449,8.510491,24106.059,3182.398
46.442966,8.511105,24086.344,3184.28
46.441208,8.511875,24052.678,3184.2278
46.440285,8.509947,24000.922,3185.0305
46.43819,8.511212,23961.842,3187.0757
46.43501,8.512218,23948.24,3187.3225
46.433475,8.511398,23907.33,3188.545
46.431034,8.5149,23857.621,3191.3203
46.430275,8.5144,23841.781,3189.0806
46.428055,8.51023,23817.768,3191.2036
46.425434,8.511175,23721.547,3193.7388
46.42469,8.5121565,23758.328,3192.789
46.42189,8.513657,23674.037,3194.7732
46.42278,8.51161,23660.469,3192.5032
46.42132,8.511901,23593.104,3195.2852
46.418568,8.503297,23622.576,3193.291
46.41503,8.507184,23567.475,3198.53
46.413094,8.513818,23514.322,3197.674
46.4121,8.513368,23568.832,3198.176
46.41137,8.512404,23480.846,3199.9175
46.408695,8.511936,23454.834,3199.7485
46.405964,8.513036,23409.838,3202.9797
46.4042,8.512945,23392.514,3201.7783
46.402996,8.51157,23358.523,3203.4094
46.400673,8.511896,23342.66,3204.974
46.39863,8.513846,23267.645,3204.5217
46.397133,8.512554,23247.686,3206.1523
46.39479,8.513072,23193.764,3207.653
46.393536,8.512381,23159.324,3206.7227
46.39157,8.512657,23112.549,3208.688
46.389206,8.514222,23079.371,3209.0044
46.387894,8.513139,23030.441,3211.404
46.385075,8.514509,22999.393,3211.7527
46.384235,8.512921,22961.771,3211.8862
46.382816,8.512669,22967.5,3213.1797
46.380436,8.51278,22932.783,3214.8096
46.377792,8.513043,22881.541,3214.9556
46.376198,8.513798,22869.209,3215.0105
46.37595,8.513645,22812.576,3216.741
46.373447,8.512148,22794.88,3217.054
46.37171,8.513491,22764.371,3218.4175
46.369648,8.514114,22740.32,3219.988
46.36814,8.513677,22703.889,3221.5032
46.365395,8.515428,22663.799,3220.3323
46.36426,8.514974,22618.207,3221.7144
46.361923,8.513917,22597.771,3223.2039
46.360004,8.512367,22587.668,3224.368
46.35953,8.5144005,22540.842,3225.4114
46.3565,8.514492,22503.703,3224.7505
46.354855,8.5133915,22464.22,3227.4626
46.35383,8.514265,22440.01,3226.8298
46.351944,8.514848,22413.17,3228.759
46.349937,8.514906,22388.8,3229.1953
46.348545,8.5142355,22370.771,3230.0508
46.346363,8.515244,22321.424,3231.6182
46.344845,8.515734,22304.414,3231.9998
46.342606,8.515661,22247.188,3233.035
46.341057,8.516499,22236.123,3234.542
46.33874,8.515057,22204.174,3234.9854
46.337887,8.5149975,22153.424,3235.8386
46.335644,8.515088,22136.072,3236.445
46.334312,8.516096,22096.896,3238.2673
46.331905,8.515697,22090.775,3238.083
46.329605,8.515596,22064.275,3238.2053
46.3295,8.514225,22042.803,3241.2297
46.32738,8.516274,22009.2,3239.6013
46.325897,8.517334,21969.467,3243.3013
46.322815,8.519767,21961.162,3241.0552
46.32165,8.517585,21907.875,3244.3328
46.32061,8.516289,21894.361,3245.0427
46.316776,8.5151615,21860.191,3246.023
46.316143,8.518643,21833.395,3248.8672
46.313137,8.519072,21755.453,3247.352
46.311882,8.518016,21744.293,3249.6907
46.31033,8.517301,21751.975,3248.2473
46.308735,8.516906,21681.355,3252.2852
46.307137,8.516724,21681.47,3251.1829
46.305454,8.518914,21627.836,3252.2947
46.30472,8.520289,21608.932,3252.807
46.30265,8.518472,21578.86,3254.1401
46.300697,8.520062,21570.746,3254.4382
46.298203,8.517512,21493.525,3255.8171
46.29705,8.517568,21447.318,3256.2502
46.293903,8.5191,21419.352,3258.1797
46.292725,8.519839,21451.45,3258.3313
46.291138,8.520296,21434.664,3259.5295
46.289463,8.520956,21385.898,3260.0818
46.287693,8.519565,21352.258,3261.8242
46.285606,8.520283,21361.299,3261.963
46.283985,8.519928,21308.857,3263.3035
46.282944,8.520743,21273.586,3263.8157
46.280746,8.521576,21279.598,3265.1287
46.27877,8.521544,21251.791,3265.2083
46.27762,8.521233,21226.387,3266.7285
46.275196,8.520773,21200.154,3267.7305
46.273766,8.522033,21220.078,3268.5156
46.272217,8.521543,21169.178,3269.4578
46.270836,8.523893,21148.785,3270.311
46.268166,8.523561,21138.928,3271.5833
46.26798,8.5233,21129.162,3272.7979
46.26543,8.522175,21059.04,3273.61
46.262558,8.523788,21037.85,3273.8218
46.262714,8.525243,21019.174,3275.0017
46.26,8.523527,21010.865,3275.378
46.25845,8.5239725,20968.51,3276.9756
46.256996,8.524845,20950.322,3277.9824
46.25514,8.525168,20940.24,3278.725
46.253014,8.525652,20936.156,3279.1348
46.251568,8.5257015,20860.969,3280.4807
46.250095,8.526024,20881.236,3281.7646
46.247326,8.523844,20832.135,3281.3513
46.245846,8.525996,20801.123,3283.7322
46.24503,8.526553,20781.146,3284.0132
46.243294,8.525612,20733.834,3284.8967
46.241467,8.52656,20793.078,3286.0127
46.239418,8.526973,20769.818,3286.849
46.237957,8.527092,20732.107,3287.7837
46.23583,8.527934,20652.969,3288.563
46.234318,8.528601,20643.764,3289.8767
46.233334,8.528391,20624.412,3289.603
46.23097,8.527422,20614.033,3290.7104
46.230034,8.529191,20599.943,3292.3167
46.22786,8.528439,20581.559,3291.799
46.225742,8.529426,20552.854,3294.0684
46.22446,8.529935,20523.424,3294.275
46.22252,8.529031,20520.31,3295.64
46.221832,8.529437,20490.61,3296.8599
46.219463,8.530258,20468.484,3298.3145
46.2182,8.530662,20424.799,3298.9001
46.215836,8.530596,20453.086,3299.9365
46.21482,8.532409,20393.373,3299.9885
46.212074,8.531807,20371.816,3301.1106
46.21082,8.535403,20358.328,3300.9158
46.21044,8.533056,20369.838,3302.6797
46.206657,8.5308275,20322.732,3302.4114
46.206264,8.532298,20309.441,3303.9373
46.204758,8.532439,20283.94,3305.3325
46.202168,8.534208,20298.469,3305.9521
46.199898,8.537963,20268.94,3309.917
46.199802,8.535269,20282.172,3306.8862
46.198204,8.535357,20223.64,3310.373
46.19415,8.53532,20158.777,3310.5422
46.194435,8.537402,20139.686,3311.7654
46.191635,8.536803,20120.99,3311.7883
46.191013,8.539069,20121.97,3313.4788
46.188644,8.537265,20057.84,3314.9438
46.18822,8.53554,20059.7,3314.3167
46.184914,8.5383215,19942.732,3316.5217
46.18317,8.5374975,20051.94,3316.6934
46.181843,8.538988,20036.033,3317.8447
46.18013,8.53954,20000.105,3317.7773
46.17877,8.53948,19992.463,3319.7876
46.176094,8.539386,19944.156,3320.2234
46.175087,8.539708,19937.604,3321.3137
46.173496,8.538969,19922.717,3322.0627
46.17229,8.54009,19910.27,3323.345
46.17027,8.539937,19890.4,3323.3274
46.169987,8.540704,19862.879,3324.564
46.166317,8.541502,19834.479,3326.4167
46.164837,8.541453,19806.672,3327.3037
46.164055,8.542182,19791.83,3326.9893
46.161987,8.54279,19730.12,3328.1907
46.16015,8.544296,19722.215,3329.9258
46.158318,8.544125,19716.943,3329.9392
46.156944,8.544099,19706.324,3331.685
46.15373,8.545294,19693.111,3332.5398
46.15374,8.54668,19657.246,3333.107
46.15207,8.546347,19656.225,3333.878
46.15034,8.545998,19622.783,3335.166
46.149147,8.5467825,19600.488,3335.3623
46.146286,8.546015,19554.63,3336.562
46.14532,8.548319,19530.121,3338.637
46.14319,8.549135,19536.158,3337.9602
46.142597,8.5477915,19530.549,3339.4128
46.13951,8.548194,19505.84,3340.2488
46.138885,8.548977,19475.271,3340.9565
46.137466,8.549659,19439.518,3342.2769
46.134594,8.550843,19393.098,3342.648
46.133884,8.550571,19395.406,3344.27
46.131367,8.550681,19357.477,3344.3591
46.129833,8.552691,19327.262,3345.6775
46.128822,8.552013,19329.996,3346.6174
46.127094,8.553051,19328.74,3346.9539
46.1252,8.554373,19285.412,3348.3674
46.122948,8.554494,19272.12,3348.49
46.12117,8.555049,19232.504,3350.2375
46.120262,8.555672,19235.672,3350.6875
46.118286,8.555809,19221.73,3352.4182
46.116806,8.5574665,19164.908,3352.794
46.11445,8.55684,19160.49,3353.435
46.11406,8.557996,19137.973,3355.3562
46.11109,8.559231,19112.188,3356.1584
46.110035,8.558741,19090.438,3356.4458
46.108795,8.55836,19064.81,3359.1387
46.106735,8.562079,19023.025,3357.0593
46.106384,8.560856,18999.105,3360.1177
46.10331,8.562609,18984.852,3360.0398
46.10261,8.562019,18989.148,3360.7292
46.099728,8.562988,18963.393,3362.2173
46.098465,8.563461,18924.527,3363.7625
46.09752,8.56455,18880.676,3363.76
46.095234,8.565017,18845.994,3365.7522
46.094013,8.567772,18813.96,3364.9824
46.092583,8.567341,18808.168,3365.7021
46.090942,8.5656185,18795.977,3368.8733
46.08789,8.5673685,18760.426,3368.7678
46.087944,8.569682,18733.918,3368.1907
46.085716,8.570652,18722.195,3370.7334
46.083736,8.570307,18696.799,3373.3557
46.082012,8.571222,18692.29,3371.302
46.08044,8.570205,18643.244,3373.0776
46.078777,8.571801,18581.736,3373.796
46.076965,8.572723,18562.12,3375.485
46.075893,8.573807,18548.969,3375.5767
46.073833,8.5744095,18530.166,3376.8564
46.072285,8.57585,18512.566,3378.0264
46.07019,8.576665,18482.605,3378.3665
46.06928,8.577498,18454.518,3379.582
46.0676,8.577841,18420.72,3380.6035
46.065937,8.578832,18389.537,3381.6626
46.063698,8.5800495,18382.64,3381.8027
46.06337,8.5799675,18365.951,3383.5024
46.061325,8.580729,18340.898,3384.184
46.05981,8.581327,18300.727,3384.2358
46.05731,8.582282,18283.033,3386.5571
46.05609,8.583574,18244.803,3387.026
46.054604,8.583445,18197.977,3387.2356
46.05314,8.583976,18154.51,3388.0442
46.05133,8.585051,18131.207,3390.0566
46.048973,8.58708,18109.217,3390.368
46.047997,8.587515,18088.635,3390.7417
46.047283,8.588856,18038.21,3392.5796
46.044353,8.589525,18034.582,3393.2996
46.04298,8.590722,17998.367,3393.8374
46.04106,8.590789,17982.418,3395.2986
46.039837,8.591701,17936.996,3397.0376
46.037914,8.592735,17927.043,3396.7463
46.03746,8.593138,17907.4,3397.7246
46.034756,8.594483,17878.64,3398.9597
46.033123,8.593726,17851.246,3399.6636
46.032417,8.595916,17799.59,3400.7222
46.030487,8.595513,17786.191,3400.9575
46.02911,8.596779,17733.832,3402.1406
46.027203,8.598382,17730.174,3402.9927
46.02553,8.598573,17719.35,3403.6597
46.025433,8.599794,17633.654,3404.653
46.022957,8.600509,17614.684,3405.8843
46.020546,8.60172,17603.98,3406.445
46.01965,8.6024885,17565.379,3407.5007
46.018387,8.6034565,17498.52,3408.8362
46.01638,8.6039715,17473.787,3409.036
46.014988,8.6050625,17445.895,3410.5151
46.013428,8.606039,17418.912,3411.4507
46.01118,8.607111,17388.197,3412.6765
46.010136,8.607875,17349.545,3413.0452
46.008217,8.609242,17349.13,3414.569
46.006268,8.609995,17300.832,3415.5735
46.00549,8.610755,17239.727,3416.8066
46.003647,8.611267,17194.352,3417.5332
46.001987,8.611989,17164.762,3418.4587
46.00064,8.612809,17156.783,3419.029
45.99872,8.613387,17113.785,3419.952
45.99728,8.614834,17090.615,3420.8474
45.99611,8.616371,17057.854,3422.0396
45.993458,8.617162,17034.666,3422.0461
45.99306,8.618258,17010.404,3422.7532
45.99182,8.61708,16946.469,3424.656
45.99031,8.6178055,16889.701,3424.9338
45.987446,8.620876,16825.717,3424.9185
45.98716,8.622678,16812.328,3427.0574
45.9863,8.620918,16779.656,3427.5042
45.984077,8.621187,16746.406,3428.8247
45.98324,8.622034,16752.336,3429.252
45.980312,8.621708,16702.13,3430.6152
45.97921,8.6257515,16669.3,3431.2144
45.976463,8.627286,16649.412,3432.9363
45.977383,8.627172,16590.646,3432.8489
45.97487,8.62729,16543.07,3433.2988
45.972744,8.629277,16504.95,3435.8206
45.971535,8.629884,16500.482,3435.5037
45.969704,8.630194,16474.78,3435.7646
45.968536,8.630744,16423.041,3437.9626
45.967155,8.632585,16383.0,3438.3723
45.965057,8.633128,16321.641,3439.5486
45.96377,8.634188,16316.922,3440.2693
45.961548,8.634983,16300.733,3441.6738
45.96157,8.636071,16207.701,3442.3135
45.95892,8.636766,16254.788,3442.9631
45.95698,8.638138,16199.934,3443.7725
45.955917,8.638897,16135.739,3445.2932
45.954468,8.638507,16087.088,3446.2156
45.95385,8.638683,16034.367,3447.0732
45.951057,8.641195,15994.039,3447.9116
45.949974,8.641932,15950.409,3448.6082
45.948074,8.642762,15947.084,3450.0254
45.946617,8.643096,15901.187,3450.5623
45.94503,8.644399,15866.026,3451.2642
45.94364,8.645777,15846.137,3452.0098
45.942154,8.64616,15798.174,3452.9656
45.940483,8.647078,15747.239,3454.1655
45.939255,8.647181,15740.088,3455.741
45.937702,8.648709,15695.95,3455.5432
45.93591,8.649832,15652.181,3456.956
45.935123,8.651287,15618.95,3458.4978
45.931942,8.651608,15710.019,3458.2483
45.932747,8.6521225,15514.284,3459.2927
45.929688,8.653466,15537.54,3460.4294
45.92829,8.654027,15474.646,3461.4675
45.92698,8.655212,15427.5625,3461.9224
45.925327,8.655821,15398.396,3463.4136
45.923306,8.656258,15433.0625,3464.4763
45.922638,8.657627,15325.524,3465.1252
45.92096,8.658995,15279.464,3466.5447
45.9194,8.659505,15279.001,3466.9595
45.917747,8.660921,15231.235,3467.413
45.916115,8.662027,15242.15,3468.4377
45.914886,8.6624975,15174.285,3469.711
45.91337,8.663452,15121.039,3470.1353
45.91097,8.664498,15101.179,3471.7874
45.91049,8.665082,15053.609,3472.0894
45.908302,8.666549,15033.569,3473.117
45.90689,8.667194,14943.499,3474.819
45.905235,8.669101,14997.403,3474.5117
45.903484,8.669951,14968.892,3476.2747
45.902157,8.67024,14929.524,3477.528
45.900726,8.670917,14869.945,3477.9153
45.89987,8.672061,14816.801,3478.5884
45.89831,8.673675,14779.376,3479.5352
45.897217,8.673914,14770.32,3479.6902
45.89506,8.674243,14713.846,3481.1208
45.89346,8.6763,14680.2705,3482.5935
45.891483,8.678249,14669.225,3482.9663
45.890823,8.678469,14643.327,3483.5837
45.88885,8.679162,14616.551,3483.6826
45.888,8.678967,14572.205,3485.812
45.885563,8.680752,14533.055,3486.6675
45.88316,8.681964,14473.53,3488.9097
45.883442,8.685716,14425.714,3489.0798
45.88099,8.685009,14392.972,3488.0383
45.880302,8.683687,14380.772,3491.8708
45.87781,8.684858,14299.356,3491.1887
45.876602,8.686048,14301.944,3492.063
45.87547,8.687631,14305.206,3493.9812
45.8748,8.687738,14203.971,3494.296
45.87287,8.688877,14229.2295,3495.248
45.871845,8.689454,14158.366,3495.7183
45.870087,8.690294,14178.982,3497.0786
45.86875,8.691164,14098.23,3496.6558
45.86762,8.692712,14027.015,3498.3174
45.86567,8.693766,14032.021,3498.6067
45.864716,8.694362,14055.569,3500.318
45.862415,8.695279,14036.824,3501.38
45.861416,8.696232,13954.7705,3502.6409
45.859066,8.697986,14012.116,3502.8938
45.858047,8.698788,13849.677,3503.2324
45.85677,8.699129,13859.187,3505.2107
45.85504,8.699907,13830.564,3505.133
45.85463,8.700668,13739.782,3506.7002
45.852833,8.701622,13729.669,3507.187
45.851124,8.702197,13702.146,3508.8818
45.8502,8.703759,13653.613,3508.522
45.84753,8.704485,13678.981,3509.8296
45.847046,8.705892,13617.614,3511.1274
45.845238,8.705741,13597.21,3511.7874
45.84386,8.707315,13568.749,3513.181
45.842293,8.708877,13526.306,3513.4893
45.841206,8.709511,13437.054,3514.696
45.839256,8.709657,13443.005,3516.0544
45.83811,8.711474,13357.218,3516.4836
45.836426,8.711868,13354.189,3517.5056
45.835556,8.713046,13301.109,3517.9836
45.833702,8.713992,13282.263,3518.8286
45.8318,8.715035,13276.579,3519.998
45.830578,8.716025,13234.522,3520.576
45.829403,8.716823,13147.306,3521.924
45.82751,8.717777,13174.681,3522.2397
45.825813,8.718266,13180.376,3523.1272
45.825138,8.7192955,13101.914,3524.545
45.823597,8.7207575,13041.29,3526.004
45.82203,8.721145,13033.28,3526.2925
45.82047,8.721851,12986.63,3527.55
45.819344,8.72274,12983.299,3528.003
45.8175,8.724287,12969.159,3528.8965
45.816853,8.725078,12844.883,3530.4563
45.815144,8.725434,12910.423,3530.785
45.81345,8.72728,12849.465,3531.2056
45.81223,8.728358,12824.559,3533.1501
45.811405,8.728865,12726.596,3532.4634
45.80933,8.730084,12740.17,3534.961
45.807484,8.73179,12691.893,3535.6836
45.806377,8.731894,12688.866,3536.1216
45.8053,8.73273,12619.468,3537.5693
45.80362,8.733409,12641.25,3538.1138
45.80309,8.734592,12541.988,3540.633
45.800556,8.735543,12540.121,3539.476
45.798878,8.736642,12548.458,3541.3025
45.798164,8.737427,12463.121,3541.523
45.796894,8.737669,12466.733,3544.9802
45.794376,8.738613,12379.823,3543.7073
45.79377,8.7407255,12361.959,3543.1477
45.793816,8.741132,12344.761,3545.2034
45.791195,8.739179,12352.085,3544.6218
45.789875,8.7409725,12310.235,3548.378
45.789005,8.743464,12250.592,3546.9604
45.78743,8.745423,12280.154,3549.3984
45.786236,8.746015,12222.736,3549.6238
45.784527,8.746015,12173.986,3551.0364
45.782654,8.747828,12165.941,3552.4902
45.780827,8.748677,12145.6045,3553.6672
45.779873,8.7491255,12103.558,3554.1362
45.778736,8.750314,12105.26,3553.014
45.777252,8.750722,12079.288,3556.4897
45.775906,8.75161,12049.933,3556.4097
45.774384,8.753501,11953.295,3556.1672
45.77359,8.75326,12005.961,3557.4258
45.772247,8.754192,11945.291,3559.5676
45.76961,8.755262,11882.98,3559.5405
45.769238,8.756199,11928.422,3560.5063
45.767662,8.756742,11891.979,3561.4153
45.766167,8.75839,11844.607,3562.8777
45.76497,8.758659,11751.006,3563.5923
45.763412,8.759085,11778.639,3563.8074
45.762047,8.760666,11743.155,3565.2705
45.761,8.761024,11723.915,3566.3584
45.7596,8.762662,11721.934,3567.5127
45.757675,8.762985,11696.137,3567.5703
45.756958,8.764125,11639.236,3569.2195
45.755276,8.764631,11687.842,3568.9644
45.7541,8.765927,11624.734,3570.9158
45.752533,8.7663555,11617.258,3571.2117
45.751015,8.767241,11520.601,3572.3242
45.74959,8.767689,11513.234,3573.8088
45.748623,8.768753,11459.9375,3574.1655
45.746826,8.769494,11459.913,3575.274
45.746346,8.77063,11378.568,3576.2717
45.74418,8.771493,11463.498,3576.9836
45.743553,8.771793,11338.483,3577.4387
45.740772,8.773624,11526.331,3578.345
45.74147,8.773491,11219.592,3580.1738
45.738903,8.774122,11337.271,3579.827
45.737465,8.774664,11229.662,3580.78
45.736244,8.776006,11240.445,3581.8276
45.734634,8.7767725,11234.582,3582.9182
45.73358,8.777898,11187.655,3583.6614
45.731926,8.778522,11199.904,3584.4382
45.730804,8.779478,11162.911,3585.5774
45.729458,8.780024,11151.678,3587.0176
45.727512,8.781509,11088.723,3587.1628
45.727123,8.782183,11088.387,3589.1018
45.72541,8.782704,11119.626,3587.8442
45.724457,8.783029,10980.907,3589.5632
45.72303,8.783664,11087.061,3590.258
45.721928,8.784731,10989.861,3591.7197
45.719944,8.785729,11025.789,3591.5513
45.718655,8.786582,10929.55,3593.6174
45.718147,8.787011,10944.898,3594.7815
45.71627,8.787643,10902.236,3594.1545
45.715252,8.788462,10892.535,3595.78
45.713425,8.789418,10843.57,3596.2185
45.71207,8.790437,10810.104,3597.231
45.710426,8.790897,10791.649,3598.5044
45.70894,8.791233,10909.729,3599.936
45.708313,8.792013,10760.655,3600.0327
45.706535,8.793269,10696.857,3601.3865
45.70645,8.79413,10706.263,3601.335
45.70382,8.793819,10669.6455,3602.5916
45.70359,8.795363,10640.071,3603.4778
45.70157,8.795383,10604.474,3604.359
45.70075,8.796964,10576.2295,3605.0442
45.69978,8.7977,10582.85,3605.918
45.6977,8.798514,10545.347,3607.162
45.696644,8.79879,10547.209,3607.4548
45.695312,8.799453,10476.359,3608.7725
45.694256,8.800369,10441.564,3610.5347
45.69237,8.80093,10462.815,3610.808
45.69186,8.801554,10446.913,3611.5488
45.68999,8.801969,10451.079,3611.7195
45.688766,8.803101,10411.553,3614.3213
45.68742,8.803688,10416.863,3614.5679
45.68681,8.804338,10356.684,3614.3474
45.684803,8.804898,10354.403,3615.572
45.68365,8.805879,10328.807,3617.3525
45.682747,8.806404,10296.68,3616.4307
45.680542,8.806618,10321.544,3617.6619
45.680157,8.808083,10236.253,3619.2366
45.679134,8.808797,10121.256,3620.1775
45.677704,8.809025,10209.685,3620.221
45.67585,8.809924,10163.325,3621.984
45.67475,8.81099,10171.609,3622.6628
45.673435,8.811692,10102.563,3623.4639
45.67202,8.81214,10099.513,3624.5264
45.671272,8.81295,10056.465,3625.6465
45.66951,8.813477,10077.176,3626.3984
45.668465,8.813922,10057.25,3626.6897
45.66771,8.814937,9898.008,3628.0024
45.665432,8.815018,9962.26,3627.8381
45.664917,8.8162,9929.147,3629.716
45.663425,8.816792,9936.957,3629.792
45.663147,8.81748,9787.822,3631.3926
45.66065,8.818137,9907.803,3632.432
45.659634,8.818409,9848.205,3634.1628
45.658283,8.819745,9811.774,3634.3962
45.656948,8.820208,9779.584,3634.6501
45.65563,8.820279,9763.017,3635.754
45.654644,8.821558,9722.462,3636.3167
45.65292,8.821884,9717.236,3637.0
45.65223,8.82257,9659.775,3638.7134
45.65091,8.823157,9674.31,3639.7393
45.649155,8.824105,9691.004,3639.8154
45.64813,8.823913,9694.253,3641.5933
45.647224,8.824412,9585.683,3642.275
45.646076,8.8245535,9599.573,3643.2397
45.64418,8.826067,9561.709,3644.0422
45.642937,8.826527,9575.327,3644.4385
45.64197,8.827895,9508.474,3645.865
45.640846,8.827965,9489.625,3646.653
45.639324,8.827886,9478.88,3647.048
45.637783,8.829455,9426.364,3649.3562
45.636635,8.829989,9422.656,3649.9
45.635937,8.830315,9355.002,3650.061
45.634354,8.830564,9394.123,3650.7434
45.6334,8.831278,9404.041,3652.1663
45.631714,8.831937,9389.908,3652.8376
45.63086,8.832441,9312.379,3654.1772
45.628963,8.8335705,9253.591,3655.66
45.628437,8.833828,9229.651,3654.3599
45.626602,8.834345,9212.214,3656.3274
45.626114,8.8344145,9202.345,3656.5894
45.624027,8.835055,9259.144,3659.5273
45.62228,8.836137,9171.283,3659.8582
45.621845,8.839321,9111.823,3662.4807
45.62044,8.837816,9114.36,3660.618
45.619797,8.837007,9050.426,3663.0452
45.617844,8.837929,9007.255,3663.8074
45.61701,8.838028,9034.911,3664.5552
45.615135,8.839357,8986.084,3665.1514
45.614677,8.838947,8978.207,3665.876
45.61357,8.840041,8911.697,3666.554
45.611656,8.840194,8928.13,3668.3816
45.61026,8.84121,8884.543,3668.3206
45.609455,8.841152,8858.231,3669.6072
45.6087,8.841734,8785.136,3670.44
45.607243,8.842122,8817.619,3671.0261
45.60534,8.843196,8803.36,3672.496
45.6045,8.843005,8796.543,3672.7651
45.604763,8.844886,8616.022,3673.4812
45.60185,8.843968,8773.968,3675.0918
45.60087,8.844589,8704.971,3674.9236
45.60007,8.844971,8626.323,3675.9106
45.59846,8.845545,8621.248,3677.7722
45.597527,8.846451,8570.029,3678.156
45.59642,8.846024,8582.343,3679.5994
45.59464,8.84647,8610.168,3680.4487
45.593292,8.847015,8576.95,3681.2356
45.592693,8.84808,8563.439,3681.4019
45.59072,8.848353,8512.768,3682.3396
45.589996,8.848001,8441.3125,3683.8577
45.588573,8.848862,8386.694,3684.6543
45.58784,8.848741,8348.008,3686.0967
45.586456,8.849601,8328.713,3686.7822
45.585304,8.849946,8310.074,3686.7036
45.584232,8.850531,8274.97,3687.8755
45.58269,8.851509,8259.565,3689.2012
45.58134,8.85105,8273.941,3690.108
45.58014,8.852496,8201.614,3689.8916
45.579304,8.852551,8157.8135,3691.634
45.577724,8.852787,8180.977,3692.432
45.57656,8.8527975,8119.987,3693.0583
45.575577,8.853231,8106.6313,3694.631
45.57441,8.854162,8096.5967,3694.7249
45.57291,8.854717,8069.6226,3695.6582
45.571873,8.854684,8032.839,3697.2695
45.571335,8.855405,7963.9653,3698.4424
45.569603,8.8557,7953.22,3699.47
45.5682,8.855972,7914.5776,3700.0356
45.567944,8.856161,7900.2676,3701.046
45.56587,8.856642,7891.2314,3700.5576
45.564316,8.857089,7911.7964,3702.5532
45.563396,8.857653,7864.786,3704.5303
45.562046,8.858471,7834.512,3702.3623
45.5606,8.85804,7835.4976,3707.0762
45.559467,8.858574,7815.7383,3704.6868
45.559208,8.857917,7777.3555,3708.616
45.557274,8.8599,7746.4805,3707.9285
45.556343,8.860092,7692.1177,3709.859
45.555508,8.860397,7644.1606,3709.763
45.554382,8.859673,7655.5728,3708.6877
45.552635,8.859637,7620.6763,3711.3662
45.55191,8.860457,7586.581,3710.5237
45.550518,8.861247,7540.563,3716.1099
45.549393,8.8628435,7495.1,3710.7532
45.548214,8.862683,7484.8276,3715.4543
45.54636,8.862016,7550.6924,3716.2273
45.544846,8.861865,7511.6924,3716.055
45.544785,8.863154,7364.5605,3717.0752
45.542953,8.863149,7377.9756,3720.5015
45.542263,8.864645,7356.201,3719.82
45.541237,8.864583,7335.818,3719.1304
45.539787,8.864151,7345.1177,3720.7085
45.538136,8.865087,7296.49,3719.806
45.53662,8.865053,7226.9487,3724.2632
45.53659,8.865176,7192.84,3720.973
45.534863,8.865805,7168.913,3723.862
45.533634,8.865983,7129.2603,3725.6606
45.532696,8.867485,7069.304,3726.1406
45.531124,8.866349,7109.3237,3725.3936
45.530594,8.867168,7037.962,3729.0378
45.528316,8.867252,7081.2305,3728.8774
45.52745,8.867447,7043.818,3728.6953
45.527138,8.867752,6988.902,3729.2795
45.525146,8.867325,6931.91,3730.4011
45.524208,8.868093,6901.905,3732.9275
45.523045,8.868178,6916.0776,3732.3694
45.52198,8.868436,6861.5063,3733.8638
45.520714,8.8694105,6840.1494,3734.9385
45.519093,8.869041,6857.9443,3736.1677
45.51914,8.86953,6751.6167,3735.4314
45.516773,8.869727,6744.337,3737.5796
45.516117,8.869832,6695.4985,3737.869
45.514282,8.86985,6675.551,3739.2156
45.513386,8.870055,6651.052,3739.5894
45.512524,8.870361,6616.467,3740.03
45.511635,8.870812,6567.776,3741.2847
45.51033,8.870777,6565.13,3742.4006
45.509396,8.871231,6548.255,3742.561
45.507607,8.871651,6519.0137,3744.4146
45.50668,8.871532,6510.666,3745.0166
45.5053,8.871938,6506.014,3745.8027
45.504494,8.872476,6475.6465,3747.4397
45.503597,8.872581,6417.787,3748.3394
45.50207,8.8727865,6414.646,3748.3809
45.50107,8.872924,6360.616,3749.4812
45.499863,8.873231,6335.412,3751.3948
45.49838,8.873066,6301.3174,3750.9246
45.497528,8.872949,6297.169,3752.1206
45.496613,8.87348,6264.1104,3753.1821
45.495132,8.873579,6252.233,3753.1997
45.494232,8.874052,6207.844,3754.4744
45.49321,8.873924,6181.7314,3755.3662
45.49213,8.87392,6130.722,3756.0105
45.491234,8.874056,6142.669,3757.7637
45.489624,8.874605,6113.8667,3757.4778
45.488964,8.874554,6059.6924,3758.3823
45.487484,8.874603,6041.8945,3760.159
45.486385,8.874342,5973.4863,3760.612
45.485508,8.874484,5998.606,3762.225
45.484955,8.874291,5957.902,3762.8064
45.48352,8.874585,5975.85,3763.3335
45.481804,8.874908,5906.267,3763.9907
45.481876,8.875213,5911.5464,3766.4355
45.47988,8.875355,5842.9995,3765.3154
45.479553,8.875393,5842.939,3767.5835
45.47823,8.874706,5867.973,3768.2007
45.476727,8.874501,5800.7715,3768.1716
45.476307,8.8749895,5778.0815,3768.6128
45.475227,8.875602,5773.278,3771.1445
45.474873,8.874642,5758.2896,3770.7058
45.473057,8.873707,5718.779,3771.4478
45.472168,8.8744955,5661.8364,3774.8218
45.47122,8.874712,5604.582,3774.9946
45.47056,8.874568,5658.6245,3775.3586
45.469357,8.8750515,5675.609,3776.2087
45.468983,8.874527,5621.451,3777.685
45.46796,8.874318,5565.639,3778.126
45.46624,8.873966,5538.0645,3778.8792
45.466423,8.873567,5507.7373,3778.656
45.464848,8.874281,5473.0596,3781.1782
45.464172,8.873237,5479.4556,3781.7563
45.46348,8.873899,5448.0566,3782.796
45.461914,8.873208,5416.8843,3784.0105
45.460964,8.873273,5388.5337,3784.9106
45.46065,8.873065,5349.8037,3785.5303
45.45927,8.872647,5321.7354,3786.6428
45.45937,8.872275,5292.921,3787.298
45.45816,8.871692,5274.5303,3788.2
45.45734,8.871263,5270.109,3788.3298
45.456493,8.871276,5277.4883,3790.0876
45.455627,8.871012,5261.939,3790.262
45.454918,8.870879,5238.3525,3790.8843
45.454117,8.870535,5208.949,3792.0598
45.45332,8.87046,5166.6797,3794.3274
45.452595,8.869688,5136.3374,3793.9856
45.45212,8.869202,5119.682,3795.4912
45.451042,8.868828,5099.5527,3795.993
45.450665,8.868498,5106.8506,3796.5698
45.44985,8.867956,5091.916,3798.2397
45.44923,8.867452,5054.6826,3798.7969
45.448284,8.867231,5029.541,3799.3848
45.447845,8.866573,5023.5586,3800.6465
45.446823,8.865699,5020.9463,3801.2114
45.44634,8.865524,4973.72,3802.8765
45.445873,8.865215,4945.1895,3803.1006
45.44499,8.86442,4917.6133,3803.657
45.444695,8.863818,4909.499,3805.4788
45.44394,8.863232,4906.0947,3805.6055
45.443172,8.862169,4883.379,3806.6787
45.44311,8.8614645,4871.2573,3806.8228
45.44221,8.861641,4871.7954,3808.493
45.441635,8.860365,4875.726,3809.6218
45.4413,8.860062,4815.4624,3810.1394
45.440514,8.859537,4765.498,3810.7178
45.440395,8.859022,4730.7983,3812.1233
45.44017,8.85797,4698.1304,3812.0872
45.439476,8.856703,4707.7173,3813.7295
45.438854,8.856517,4684.5693,3813.7642
45.43858,8.856227,4665.8257,3815.5952
45.43827,8.854842,4623.302,3815.9658
45.43766,8.854065,4631.933,3816.9944
45.4374,8.853352,4620.186,3816.9634
45.437332,8.852965,4630.744,3818.981
45.436584,8.851638,4621.97,3818.7395
45.436665,8.850563,4554.0684,3822.9011
45.435295,8.849987,4563.8184,3820.7966
45.436214,8.849417,4540.258,3822.5547
45.435577,8.848483,4513.9727,3823.0723
45.435623,8.847232,4475.5474,3821.1272
45.43561,8.846186,4453.2993,3828.7317
45.434475,8.845623,4441.7524,3825.9976
45.434742,8.844734,4487.2803,3825.0276
45.434578,8.844147,4462.1904,3826.5667
45.434555,8.84278,4481.758,3827.8064
45.43372,8.841893,4455.009,3830.5007
45.432995,8.840899,4491.1455,3830.3176
45.433575,8.84152,4391.782,3833.9072
45.433502,8.839654,4338.139,3830.2385
45.433872,8.837888,4327.934,3834.6123
45.433117,8.837042,4255.662,3833.6782
45.43292,8.836244,4273.498,3833.9648
45.432907,8.8352165,4254.488,3835.6226
45.43324,8.833834,4230.6733,3835.2913
45.433117,8.833112,4207.1875,3836.927
45.43307,8.832176,4234.0605,3837.718
45.43326,8.831113,4274.594,3836.9292
45.43318,8.83015,4286.2954,3839.9434
45.43294,8.829149,4281.8477,3840.1091
45.433216,8.827964,4246.9985,3839.7686
45.433674,8.827026,4233.4507,3841.284
45.433323,8.8259945,4171.5244,3842.9875
45.43324,8.824947,4136.6426,3844.201
45.43364,8.823927,4102.274,3845.2317
45.433697,8.822711,4089.4143,3844.8333
45.433483,8.821941,4072.6748,3846.1562
45.43363,8.821006,4069.991,3847.2195
45.43376,8.820156,4055.8425,3847.4465
45.434177,8.819366,4075.2542,3848.439
45.434315,8.818105,4081.3386,3849.0884
45.4345,8.817146,4088.634,3850.9019
45.434578,8.816315,4015.1,3851.5562
45.435028,8.815228,4012.4253,3851.2407
45.435074,8.81434,4036.9385,3853.3208
45.43523,8.813661,4023.99,3853.2185
45.435654,8.812691,4016.5442,3853.8867
45.435905,8.81145,3984.9373,3855.892
45.43624,8.810543,3990.0989,3856.08
45.436356,8.809306,3992.4336,3856.1653
45.43678,8.808491,3975.3582,3857.766
45.437187,8.807666,3957.7676,3858.4524
45.437717,8.806679,3920.1853,3860.6226
45.437943,8.805855,3940.7473,3861.033
45.438183,8.804832,3925.511,3861.0508
45.438534,8.804111,3917.4924,3862.5378
45.43891,8.803408,3900.698,3862.5442
45.43928,8.802565,3898.4138,3863.4087
45.439835,8.801562,3920.3542,3864.2258
45.440018,8.800955,3933.4536,3865.6433
45.440773,8.800081,3927.8835,3865.318
45.441124,8.79922,3927.17,3867.0618
45.44151,8.7986355,3891.9253,3867.6084
45.441944,8.797848,3879.2786,3868.5886
45.44222,8.79695,3835.3467,3869.0786
45.443035,8.796077,3811.0366,3870.3618
45.44325,8.795474,3832.0706,3871.0378
45.443806,8.794644,3815.7163,3872.0232
45.444576,8.79424,3818.4382,3873.8865
45.445034,8.79304,3785.9324,3874.2847
45.445747,8.792443,3763.1238,3874.7344
45.445946,8.791709,3770.6724,3876.1711
45.446796,8.791034,3775.551,3876.6904
45.447296,8.7905245,3805.0203,3877.5369
45.44783,8.789796,3774.5393,3877.4043
45.448147,8.78906,3740.1516,3878.262
45.448982,8.788907,3719.0493,3879.404
45.44952,8.788228,3735.5808,3880.598
45.450222,8.787437,3750.5203,3881.2434
45.45048,8.786948,3718.7385,3882.5383
45.451218,8.786371,3686.426,3882.417
45.4522,8.785923,3698.8557,3883.7827
45.45268,8.784901,3703.5796,3884.1736
45.453407,8.784721,3715.1135,3886.8137
45.453835,8.784186,3711.5684,3886.3518
45.454628,8.783547,3674.717,3887.9006
45.455166,8.783034,3671.4429,3889.3357
45.455715,8.78238,3663.5813,3889.6016
45.456257,8.782274,3679.702,3891.0728
45.456947,8.78151,3684.311,3892.202
45.45781,8.781165,3638.6187,3892.291
45.45828,8.780591,3587.804,3894.7002
45.459007,8.780292,3586.8652,3894.7783
45.459854,8.779477,3622.4465,3894.3933
45.460346,8.779282,3668.271,3896.4998
45.460938,8.778681,3670.4907,3896.0981
45.461586,8.778327,3669.355,3897.9165
45.46235,8.778034,3656.7673,3898.3254
45.463028,8.777565,3675.0813,3900.5234
45.463665,8.777071,3696.7761,3900.7346
45.464222,8.776624,3670.206,3900.9243
45.465073,8.776369,3669.133,3901.914
45.465557,8.77592,3664.324,3903.2144
45.466293,8.775577,3680.2666,3902.7422
45.46695,8.775241,3637.2346,3904.3894
45.467625,8.774834,3577.5159,3905.1335
45.468384,8.774535,3589.5583,3907.093
45.46901,8.77408,3621.5452,3907.2502
45.46961,8.773589,3648.461,3907.8875
45.470222,8.773389,3652.922,3909.275
45.470993,8.77292,3584.1743,3909.586
45.471725,8.772725,3523.3894,3910.1912
45.472557,8.772462,3483.781,3910.9197
45.47315,8.772093,3452.4097,3913.174
45.473785,8.7717905,3455.1997,3913.2437
45.47437,8.771424,3457.6777,3914.4014
45.475418,8.771186,3517.0913,3914.3142
45.475864,8.770941,3531.262,3915.879
45.476376,8.770818,3533.2952,3916.258
45.47745,8.770428,3481.8867,3917.0427
45.47816,8.769956,3444.331,3917.833
45.478645,8.769698,3422.8274,3918.8196
45.47952,8.769478,3426.3428,3921.5654
45.480053,8.769225,3409.2827,3920.5842
45.4807,8.768662,3363.7546,3923.2456
45.481663,8.768607,3375.3406,3923.245
45.482246,8.768148,3325.8596,3925.1072
45.4829,8.768237,3315.6362,3925.672
45.483574,8.768105,3328.7722,3927.0322
45.48435,8.7676935,3338.195,3927.6946
45.48483,8.76763,3335.707,3926.9834
45.48587,8.767334,3336.3176,3929.101
45.486473,8.7671585,3294.5,3930.3943
45.487206,8.766929,3287.633,3930.6519
45.48801,8.7667,3294.9568,3931.9998
45.48856,8.766371,3279.9333,3932.2432
45.489223,8.766266,3265.7183,3933.6123
45.489784,8.766019,3297.6233,3934.2222
45.49048,8.765914,3248.2627,3936.074
45.491272,8.765666,3219.6482,3936.1917
45.491974,8.765209,3179.4978,3937.7407
45.492535,8.76518,3143.4265,3937.778
45.49311,8.76517,3138.844,3939.917
45.493702,8.764989,3172.0747,3939.5542
45.49447,8.764671,3175.7603,3941.0413
45.495132,8.7645035,3170.7627,3941.9915
45.495968,8.76434,3147.7964,3942.997
45.496365,8.764274,3162.212,3943.446
45.497166,8.76409,3140.2996,3944.7031
45.497795,8.763567,3154.1133,3945.0442
45.498577,8.763594,3124.8516,3946.8152
45.499386,8.763241,3103.9255,3947.4353
45.499874,8.763204,3022.1272,3949.1123
45.500763,8.762932,2983.3389,3949.6438
45.501476,8.762707,2996.8389,3950.6602
45.502182,8.76239,3016.1602,3951.8784
45.502766,8.762357,3046.7593,3952.4678
45.503494,8.762159,3064.132,3953.413
45.504154,8.762032,3076.1436,3953.4866
45.504734,8.761872,3058.5605,3955.3123
45.505066,8.761695,3018.211,3956.184
45.506207,8.761664,3015.6062,3956.8782
45.50671,8.761452,2983.0386,3958.3567
45.507477,8.761159,2946.862,3958.9133
45.508293,8.761181,2935.5935,3960.8564
45.508663,8.760841,2910.3345,3960.935
45.509445,8.760776,2891.3403,3961.9011
45.510178,8.760362,2863.1392,3963.3938
45.510597,8.760471,2851.4753,3965.7302
45.511524,8.760253,2843.9197,3965.87
45.512203,8.759786,2811.6035,3966.87
45.512875,8.759807,2802.3267,3967.9148
45.51339,8.759573,2789.0095,3968.4524
45.513927,8.759473,2784.666,3968.5386
45.514652,8.759242,2758.7266,3970.392
45.51525,8.75911,2731.2327,3970.917
45.515778,8.758849,2670.779,3971.2126
45.516586,8.758782,2663.7112,3971.0664
45.517273,8.758532,2648.702,3972.0593
45.51772,8.758065,2654.2114,3972.7874
45.518417,8.758287,2623.347,3975.4626
45.519424,8.757934,2628.7913,3975.0574
45.520004,8.757595,2634.1929,3976.949
45.52072,8.757553,2636.0254,3977.7275
45.521397,8.757421,2615.5542,3977.7332
45.52194,8.757179,2592.033,3979.861
45.522484,8.757013,2600.9397,3979.6692
45.523003,8.756807,2597.4653,3980.9377
45.523445,8.7566185,2578.982,3980.5703
45.524147,8.756466,2533.4858,3983.9407
45.524723,8.756326,2511.7424,3984.172
45.52526,8.756075,2498.4067,3984.6475
45.525883,8.755923,2451.6897,3985.987
45.526646,8.755645,2417.0618,3986.7039
45.52727,8.755522,2386.4763,3987.933
45.527714,8.755356,2400.5579,3988.5522
45.528408,8.755043,2447.5452,3989.3809
45.529182,8.754791,2432.5344,3989.4746
45.530037,8.754714,2380.0488,3991.2288
45.530334,8.754658,2367.6384,3990.4214
45.531197,8.75434,2393.7246,3991.5835
45.53161,8.75418,2395.2324,3993.0671
45.53215,8.754029,2352.0925,3992.899
45.53286,8.754033,2277.0461,3994.2825
45.533504,8.753787,2242.1199,3993.1492
45.53409,8.753494,2258.6924,3996.0164
45.534622,8.753305,2239.0461,3997.4863
45.53552,8.753178,2204.6355,3996.876
45.536476,8.752931,2178.8606,4000.7383
45.537113,8.752577,2167.075,4001.179
45.53789,8.752415,2180.046,4002.7305
45.538456,8.752358,2123.388,4003.5847
45.538933,8.752123,2078.546,4004.186
45.53964,8.751894,2012.7592,4006.464
45.540016,8.751825,1916.5369,4005.8318
45.540733,8.751623,1928.5901,4006.8137
45.54144,8.751386,1893.9008,4007.6497
45.54179,8.75133,1865.6437,4008.8303
45.542465,8.751231,1837.4817,4008.8628
45.5429,8.751202,1833.3502,4010.3374
45.543713,8.75051,1819.8384,4010.646
45.54434,8.750475,1815.0387,4011.1985
45.544888,8.750302,1839.9756,4011.005
45.545464,8.750128,1843.5138,4012.8354
45.545975,8.749936,1795.9697,4013.5515
45.5466,8.749768,1788.0641,4013.3943
45.547367,8.749581,1757.8495,4016.0918
45.547718,8.749386,1762.0776,4016.2656
45.54866,8.749157,1749.4884,4017.1548
45.549015,8.748982,1758.377,4017.0818
45.54953,8.748863,1782.665,4019.1047
45.55013,8.748816,1790.2902,4017.4512
45.550766,8.748522,1747.427,4019.0947
45.551254,8.748315,1715.2926,4020.3115
45.55171,8.748226,1734.8121,4022.0537
45.55241,8.748159,1704.1451,4023.27
45.55293,8.74796,1695.8357,4022.9705
45.553463,8.747755,1697.334,4024.53
45.554016,8.747615,1699.0774,4024.821
45.554665,8.747409,1688.475,4025.5977
45.555416,8.747267,1692.6974,4026.2646
45.555885,8.7471485,1699.4243,4026.9436
45.556305,8.746993,1695.485,4028.6855
45.557045,8.746777,1722.8234,4029.2256
45.55756,8.746697,1738.0974,4031.3738
45.55814,8.746502,1781.152,4030.7773
45.558697,8.746297,1801.7491,4032.0352
45.559364,8.746131,1803.4691,4034.1218
45.559933,8.74581,1808.6704,4035.2183
45.56016,8.745988,1811.4338,4036.3718
45.56076,8.745721,1812.1475,4037.0974
45.56146,8.745431,1838.7709,4038.0205
45.561813,8.745342,1810.1031,4039.2434
45.562546,8.745126,1781.8553,4038.9263
45.562996,8.745081,1747.1165,4039.9067
45.56347,8.744958,1757.9828,4041.604
45.564075,8.744727,1798.2374,4042.1396
45.564552,8.744778,1801.4181,4043.4165
45.56505,8.744351,1778.3412,4044.4666
45.565968,8.74484,1672.5323,4046.3506
45.566647,8.744844,1596.2915,4047.484
45.56659,8.743766,1556.1005,4047.6685
45.567467,8.7437935,1582.0883,4048.065
45.567917,8.743692,1586.8634,4048.995
45.568516,8.743518,1601.7079,4050.7532
45.569157,8.743311,1630.4347,4050.9602
45.569397,8.743179,1575.3075,4053.8337
45.569695,8.743497,1511.1381,4055.3408
45.571312,8.743457,1438.742,4056.408
45.570816,8.742751,1484.2699,4056.1167
45.57175,8.742654,1575.2009,4055.9504
45.5718,8.742485,1645.2927,4057.8164
45.572575,8.742354,1586.3994,4058.2554
45.57324,8.742205,1499.7214,4059.883
45.57401,8.741901,1484.7908,4061.2168
45.574383,8.741733,1505.9359,4060.9153
45.574715,8.741701,1528.7946,4062.1653
45.57513,8.741677,1545.9609,4062.8508
45.57577,8.741294,1491.5723,4063.424
45.57607,8.741326,1484.6022,4064.123
45.5765,8.741292,1493.9076,4065.3953
45.57708,8.741079,1491.8956,4065.038
45.577457,8.740993,1485.7432,4066.4355
45.577805,8.740853,1488.7805,4068.426
45.578487,8.740681,1497.7797,4068.5554
45.57892,8.74059,1438.514,4070.8157
45.579422,8.740382,1334.7739,4070.9036
45.579876,8.74011,1180.1711,4073.3923
45.580814,8.740327,1070.436,4074.1694
45.581158,8.74017,1072.8289,4075.009
45.58202,8.739562,1105.1667,4075.4956
45.58232,8.739581,1009.46814,4076.3306
45.583073,8.739458,1079.261,4078.1675
45.58358,8.739348,1135.3728,4079.3855
45.583992,8.739147,1183.6914,4079.985
45.584538,8.738877,1164.7289,4082.4885
45.58483,8.739334,1110.9993,4085.0703
45.58552,8.738949,1103.034,4085.4873
45.586235,8.73863,1102.8588,4086.6511
45.58652,8.738569,1175.414,4087.6255
45.58714,8.738308,1053.9093,4086.8442
45.58749,8.738229,1117.7349,4089.5752
45.587917,8.738039,1121.5612,4090.8176
45.588432,8.737898,1088.5339,4091.6228
45.5891,8.737633,1068.4766,4092.8254
45.58975,8.737507,1104.8782,4094.0027
45.590176,8.737412,1151.4307,4093.7913
45.59086,8.737211,1202.339,4093.501
45.590996,8.737091,1252.4854,4095.2285
45.591396,8.73697,1349.5684,4095.2637
45.59173,8.737032,1424.2302,4094.837
45.592278,8.736583,1463.8984,4095.0632
45.592842,8.736499,1416.3453,4097.0103
45.593636,8.7363,1391.4175,4097.8735
45.59401,8.736275,1339.6617,4099.0073
45.5947,8.73576,1257.5873,4099.726
45.595146,8.735755,1198.8499,4100.339
45.595703,8.735616,1132.0281,4100.489
45.59621,8.735471,1038.671,4102.7217
45.596752,8.735296,1050.3507,4103.7446
45.597233,8.735212,1057.0466,4103.9624
45.597626,8.735123,1059.5786,4104.3877
45.598137,8.7352295,1039.9413,4105.3228
45.598766,8.734713,999.0966,4105.333
45.599262,8.734727,1002.15326,4105.4717
45.599716,8.734659,1006.9712,4105.242
45.600235,8.73457,992.4404,4107.3516
45.600693,8.73436,1020.00354,4107.1367
45.601097,8.734306,1002.7921,4108.738
45.601627,8.734141,1009.2879,4109.6636
45.6021,8.734022,984.4272,4111.107
45.60257,8.733886,950.6576,4111.508
45.603344,8.733719,891.331,4113.793
45.603683,8.733621,849.9515,4113.721
45.60429,8.733436,815.5135,4115.0557
45.60474,8.73333,850.1184,4117.3345
45.60531,8.733213,900.9921,4118.671
45.60561,8.733024,896.4452,4118.8647
45.60602,8.732965,887.9116,4119.818
45.606712,8.732761,872.85333,4120.0356
45.607136,8.73262,898.91766,4120.176
45.607674,8.732382,882.10345,4120.098
45.608303,8.732464,838.54913,4122.237
45.608757,8.732294,832.8223,4124.213
45.60917,8.732138,834.80835,4123.377
45.609573,8.7319565,851.71106,4123.241
45.610027,8.731876,809.2506,4123.6587
45.610584,8.731754,757.1096,4124.1445
45.611065,8.731633,645.2016,4124.695
45.611595,8.731454,667.0326,4127.429
45.612328,8.731357,636.32635,4129.105
45.613167,8.73096,566.7199,4129.088
45.613556,8.730875,494.91522,4129.943
45.61423,8.730686,443.51743,4130.601
45.61474,8.730571,439.297,4131.7847
45.615093,8.730379,431.8129,4132.497
45.615555,8.730268,387.75507,4134.138
45.616245,8.730061,360.00638,4135.2354
45.61677,8.729927,434.52914,4135.6846
45.617313,8.729758,517.5117,4137.8423
45.617855,8.729616,530.6025,4137.4365
45.61815,8.729557,565.9721,4138.3057
45.618652,8.729396,609.259,4140.457
45.619255,8.729207,657.1059,4141.3496
45.619953,8.728997,621.3374,4140.7393
45.620426,8.728816,618.90216,4141.942
45.62094,8.72866,630.7642,4141.7144
45.620888,8.728541,675.37115,4142.455
45.621395,8.728425,707.69293,4144.497
45.62184,8.728252,714.6572,4145.1743
45.622265,8.728189,756.77423,4145.826
45.62271,8.728065,783.50385,4145.5684
45.62311,8.727969,829.3283,4147.188
