lat,lon,alt,time
52.297222,4.752429,567.883,0.0
52.295242,4.7519107,803.1248,0.98954076
52.29475,4.750183,774.18365,1.9888288
52.2953,4.750338,510.85538,2.9684877
52.294006,4.7502,404.3588,3.972242
52.293236,4.7491174,332.2509,4.9766073
52.29269,4.7470865,301.17288,5.9993405
52.292664,4.7457604,339.4852,6.9688473
52.292168,4.745053,297.8348,7.9661937
52.29208,4.744476,208.51752,8.919711
52.291565,4.7441664,232.4469,9.86031
52.29113,4.743351,245.69699,10.780095
52.290665,4.7423735,310.16248,11.747881
52.289974,4.7411847,399.87115,12.775217
52.289806,4.740034,455.87366,13.751513
52.28974,4.7393427,507.96082,14.731044
52.289066,4.737662,570.7564,15.729006
52.28892,4.7367234,508.9155,16.687778
52.28831,4.7363477,528.9848,17.659828
52.28827,4.7355375,572.3711,18.63166
52.287945,4.7347207,623.2288,19.64161
52.28712,4.733222,698.2309,20.619215
52.28687,4.732547,762.17456,21.583084
52.28653,4.731423,888.4027,22.545006
52.286465,4.730354,852.3268,23.49764
52.28539,4.728772,827.2248,24.497936
52.2847,4.7279253,861.6953,25.429024
52.28479,4.7268515,806.6843,26.378593
52.284554,4.7264433,899.27844,27.39745
52.283688,4.724999,943.5641,28.38397
52.28343,4.7240095,984.04193,29.377235
52.282845,4.7228074,1010.0986,30.324919
52.282597,4.72238,1062.35,31.287472
52.281967,4.72095,1085.5043,32.265068
52.281487,4.7203217,1145.221,33.257755
52.2809,4.71985,1200.7017,34.297665
52.280624,4.718168,1263.0306,35.217335
52.280025,4.717322,1309.4467,36.228638
52.279873,4.7153,1331.3317,37.332
52.2794,4.7139177,1340.8767,38.3063
52.27876,4.7131543,1455.9053,39.28596
52.27866,4.711728,1525.6383,40.2796
52.278187,4.709889,1551.503,41.28546
52.27752,4.708882,1596.2493,42.210052
52.276787,4.708603,1616.142,43.180233
52.276955,4.7083187,1671.265,44.299866
52.275936,4.7066975,1697.7821,45.240204
52.275482,4.7057843,1752.8944,46.202885
52.275455,4.70468,1793.1359,47.2071
52.27484,4.7038164,1821.3705,48.07236
52.27414,4.7028847,1868.494,49.152756
52.273876,4.702502,1895.9626,50.155087
52.27328,4.701082,1976.9644,51.11732
52.27285,4.700086,2024.8507,52.051983
52.272232,4.6999164,2079.6775,53.112534
52.27175,4.6988406,2140.2168,54.013992
52.27118,4.697595,2181.8596,55.028305
52.270348,4.696271,2239.4492,56.022884
52.269573,4.6944947,2221.1296,56.891155
52.268917,4.6930614,2191.9773,57.729694
52.26817,4.6919885,2227.5051,58.773605
52.267464,4.6917315,2258.1892,59.792385
52.266575,4.690388,2294.2576,60.810654
52.265697,4.689719,2339.6052,61.67596
52.265152,4.688685,2399.5217,62.604206
52.264435,4.6886325,2474.817,63.601173
52.263733,4.687827,2532.2605,64.58011
52.262817,4.687487,2552.7334,65.59776
52.262035,4.6865606,2592.4238,66.58111
52.261066,4.6858907,2629.0479,67.61705
52.26046,4.6858606,2684.243,68.49257
52.259594,4.6852913,2712.2288,69.47352
52.25863,4.6853642,2761.521,70.523796
52.25766,4.685873,2726.2908,71.46467
52.25669,4.6859503,2783.7698,72.44099
52.255817,4.6859884,2839.4204,73.3592
52.255196,4.6856513,2917.0427,74.37621
52.253777,4.685298,2953.2576,75.41946
52.25289,4.6854954,3019.839,76.33615
52.252537,4.6852407,3037.151,77.35746
52.251144,4.684571,3045.683,78.23464
52.250378,4.683188,3085.2854,79.29797
52.24976,4.6833344,3147.0417,80.3691
52.24858,4.682647,3185.8313,81.21124
52.247917,4.682745,3242.425,82.13141
52.247242,4.6825275,3263.1538,83.07717
52.24626,4.6827383,3316.4563,83.89795
52.24484,4.6835437,3393.8381,84.90997
52.244125,4.68457,3484.2993,85.90022
52.243263,4.6839094,3499.054,87.04497
52.242268,4.6851363,3560.5835,88.04342
52.241524,4.6861444,3596.2935,88.82058
52.241028,4.686063,3687.907,89.78854
52.23957,4.6861506,3727.313,90.809006
52.238518,4.6865616,3783.0125,91.92743
52.237877,4.6869006,3849.9763,92.87713
52.237015,4.687127,3924.9539,94.00486
52.236027,4.6883364,3977.9033,95.01697
52.235348,4.6896777,3991.7673,95.98331
52.23458,4.690211,3997.4307,96.97845
52.23361,4.6909213,3998.5046,97.88441
52.23263,4.6914988,4066.0964,98.93582
52.2321,4.6921487,4101.3164,99.94321
52.23123,4.6931505,4160.1523,100.91598
52.229965,4.693762,4224.6904,102.02389
52.22964,4.6961217,4341.1587,103.02337
52.228676,4.69705,4430.75,103.939476
52.228313,4.697575,4512.1772,105.154854
52.226498,4.700727,4498.687,106.05409
52.22657,4.70106,4574.508,106.81648
52.226562,4.7031107,4592.953,108.01148
52.224724,4.703796,4730.0444,108.97169
52.22461,4.705356,4772.1665,110.16142
52.224197,4.7061224,4827.936,111.0387
52.223244,4.707607,4842.3447,112.279526
52.222775,4.708483,4895.2725,113.02017
52.222294,4.709893,4959.301,114.0695
52.221718,4.7116747,5030.6606,115.0459
52.220745,4.713299,5107.0654,115.99167
52.22011,4.7156124,5131.8906,116.961006
52.219402,4.716966,5225.179,117.939285
52.2186,4.719005,5225.131,118.939964
52.217987,4.7202206,5255.275,119.76627
52.217392,4.72221,5271.6406,120.6555
52.21727,4.722737,5347.225,121.791695
52.215946,4.725038,5377.6226,122.97422
52.21518,4.726006,5447.8643,123.79526
52.214973,4.7275085,5471.5454,125.08472
52.214,4.729269,5512.983,125.8262
52.213333,4.7308087,5586.2593,126.88077
52.213158,4.7330832,5608.3247,127.828224
52.212494,4.734031,5657.8545,128.8355
52.21185,4.735964,5710.486,129.9372
52.21165,4.737642,5771.56,130.85262
52.21105,4.7398567,5856.1646,131.94629
52.210407,4.7414727,5918.0723,132.88275
52.210075,4.743762,5961.172,133.90501
52.209408,4.7456183,6000.92,134.76266
52.209293,4.747135,6028.2803,135.92067
52.208076,4.7493763,6064.6133,136.7317
52.20781,4.750135,6076.399,137.67166
52.207302,4.752052,6096.0303,138.6867
52.20673,4.754196,6136.666,139.5587
52.206715,4.7559285,6158.061,140.33047
52.20597,4.757793,6200.771,141.43138
52.205456,4.75938,6252.144,142.34038
52.204727,4.761216,6353.286,143.17894
52.204197,4.763596,6420.8193,144.33162
52.203674,4.7648215,6507.895,145.27946
52.203003,4.7675233,6564.8867,146.48515
52.20238,4.7693706,6662.0464,147.3665
52.20242,4.7706814,6735.2236,148.51263
52.20227,4.7728205,6776.9526,149.36699
52.20168,4.7749963,6803.85,150.39883
52.20086,4.775863,6877.336,151.31218
52.200348,4.776798,6920.8374,152.55789
52.199146,4.7796655,6955.947,153.17827
52.19874,4.781949,6984.058,153.89262
52.198704,4.784218,7021.1846,155.1369
52.198177,4.784009,7127.5234,155.87895
52.197533,4.785933,7144.486,157.12695
52.197067,4.7891994,7264.934,157.97641
52.19637,4.7912364,7370.6826,159.0201
52.196186,4.792256,7426.9766,159.86342
52.195663,4.793745,7526.847,160.76627
52.194885,4.796548,7565.784,161.5698
52.19437,4.7988586,7580.544,162.52946
52.19396,4.8004465,7618.6562,163.46672
52.192963,4.80237,7716.8003,164.09026
52.19241,4.804501,7737.804,165.20073
52.192005,4.8066406,7789.4673,165.8764
52.192017,4.806138,7879.9043,166.90277
52.190994,4.8088474,7915.0186,167.84653
52.190216,4.8103805,8009.758,168.59743
52.19043,4.8128777,8055.9834,169.80603
52.189514,4.8143506,8141.2334,170.57834
52.188786,4.8164525,8223.027,171.48204
52.188686,4.818311,8283.959,172.32033
52.188164,4.820113,8309.876,173.36937
52.187572,4.822856,8410.501,174.45575
52.186672,4.824447,8509.747,175.30812
52.186478,4.8256288,8576.595,176.40063
52.186077,4.827901,8634.769,177.28728
52.185566,4.830912,8715.228,178.3045
52.185146,4.833221,8799.632,179.35817
52.18491,4.8355556,8779.297,180.35269
52.18474,4.836589,8816.965,181.26485
52.183952,4.8393784,8878.948,182.04817
52.183754,4.841093,8930.666,183.15395
52.18314,4.8429976,9008.682,184.0335
52.18265,4.845644,9031.064,185.10698
52.182728,4.847419,9026.409,186.41502
52.182228,4.8499613,9030.93,187.19397
52.181664,4.851496,9090.07,188.25873
52.181484,4.853679,9159.765,189.1287
52.181114,4.8546124,9189.077,190.14268
52.18059,4.8571744,9204.489,191.02718
52.180214,4.8600035,9252.465,192.14351
52.179737,4.8617673,9284.052,193.20357
52.17971,4.864554,9328.937,194.1033
52.1792,4.866413,9374.276,195.21982
52.178936,4.869153,9446.191,196.15347
52.178516,4.871465,9510.327,197.13496
52.17862,4.872569,9545.27,197.6915
52.17847,4.875315,9591.872,198.74908
52.1782,4.8772635,9649.866,199.6572
52.177853,4.8796353,9739.08,200.64658
52.17773,4.881786,9806.149,201.50426
52.177013,4.8839746,9865.817,202.4032
52.177,4.8860273,9938.775,203.43181
52.17658,4.8883357,9982.568,204.27734
52.176064,4.8899817,10008.594,205.23843
52.176277,4.892691,10000.064,206.26917
52.17608,4.8932533,10138.208,207.11424
52.175106,4.8961825,10191.326,207.88596
52.174953,4.8988357,10217.361,208.80925
52.17495,4.901708,10262.185,209.71492
52.17435,4.9039145,10304.45,210.56155
52.17444,4.905841,10369.944,211.4389
52.174225,4.9071817,10399.716,212.81732
52.174038,4.909779,10474.339,213.68571
52.173462,4.9133315,10498.385,214.50975
52.17395,4.9151006,10580.466,215.61714
52.17346,4.9161935,10625.733,216.49208
52.173298,4.9167447,10704.544,217.56714
52.173374,4.9198046,10754.052,218.33513
52.17297,4.9218435,10779.253,219.49074
52.173317,4.922539,10838.153,219.92467
52.1726,4.9245534,10907.593,221.09915
52.172535,4.927067,10963.253,222.19077
52.172665,4.9296975,11051.958,222.93988
52.172203,4.9326067,11132.338,224.01949
52.171677,4.9351745,11181.104,224.63255
52.17177,4.9366093,11231.109,225.64406
52.171616,4.938678,11274.701,226.48047
52.171383,4.942739,11333.931,227.59572
52.171066,4.943059,11378.625,228.44032
52.17155,4.9454713,11467.281,229.66989
52.170403,4.948176,11478.308,230.6917
52.170307,4.9508896,11543.865,231.9667
52.170662,4.954,11552.742,232.77127
52.17006,4.954277,11575.871,233.29544
52.169937,4.957281,11592.281,234.66432
52.169575,4.958554,11578.797,235.62251
52.16951,4.9608593,11657.706,236.34686
52.16879,4.963895,11677.431,237.28732
52.16888,4.966035,11733.099,238.08101
52.168484,4.9676924,11787.62,238.95395
52.168087,4.970495,11912.101,240.12164
52.168118,4.972658,11971.414,241.10643
52.167385,4.975704,12017.02,242.10132
52.167347,4.9774823,12068.893,243.10318
52.166782,4.980208,12108.37,243.98338
52.16658,4.9817653,12168.213,244.90958
52.166397,4.984408,12179.86,245.78365
52.16574,4.98668,12252.148,246.96538
52.1656,4.987891,12289.276,247.80672
52.16481,4.9904737,12323.929,248.7073
52.164474,4.993566,12397.113,249.9193
52.16402,4.9959626,12447.048,250.9
52.163517,4.997981,12484.295,251.65762
52.162872,5.000418,12531.378,252.50545
52.162495,5.002245,12559.436,253.476
52.16206,5.003331,12592.071,254.4922
52.161667,5.0062594,12704.797,255.70988
52.16156,5.008002,12764.974,256.53928
52.16059,5.0107718,12836.795,257.88614
52.16064,5.0126367,12867.387,258.59515
52.160187,5.015523,12924.121,259.70618
52.159637,5.0173273,12963.77,260.57794
52.15899,5.019313,12998.076,261.63943
52.158375,5.022236,13035.627,262.62997
52.157818,5.023958,13079.569,263.70227
52.15709,5.0273256,13104.188,264.6087
52.156597,5.0293837,13128.652,265.77155
52.156296,5.0306935,13213.7,266.6322
52.155777,5.032522,13247.708,267.40503
52.155144,5.0354276,13283.721,268.28735
52.154438,5.0376773,13373.616,269.48422
52.154182,5.039494,13426.92,270.5852
52.153233,5.0416923,13450.511,271.468
52.152817,5.0434575,13544.233,272.43463
52.15208,5.0456257,13612.848,273.28214
52.15178,5.0482125,13686.2295,274.20032
52.151188,5.04968,13720.242,275.1842
52.151035,5.053133,13744.01,276.29153
52.149487,5.05502,13807.815,277.4076
52.148933,5.0561566,13868.018,278.3502
52.148293,5.061043,13903.659,279.1681
52.14811,5.061594,13919.551,280.06885
52.14723,5.0622606,13922.5625,281.25317
52.146313,5.065031,13939.206,282.29056
52.14566,5.0675697,14045.284,283.24048
52.1455,5.0700793,14084.759,284.31824
52.145035,5.070233,14081.747,284.79974
52.143948,5.0722094,14162.273,285.74524
52.143093,5.0772877,14224.009,286.87177
52.143414,5.0785007,14307.245,287.27594
52.141857,5.079487,14400.883,289.1362
52.141136,5.0815606,14461.749,289.8141
52.14095,5.0847683,14468.495,290.4775
52.140846,5.0863824,14555.553,291.15103
52.13934,5.089625,14579.183,292.31793
52.13836,5.091454,14683.614,293.20355
52.138454,5.092396,14734.186,294.31622
52.137066,5.096137,14773.781,295.01706
52.13619,5.0992327,14823.067,296.46317
52.135334,5.1011796,14876.116,297.40445
52.13451,5.1034045,14926.006,298.38028
52.133457,5.1059165,15011.766,299.22626
52.132816,5.10766,15080.398,300.27203
52.132103,5.1099267,15164.746,301.1663
52.131332,5.1120825,15200.625,302.17795
52.13065,5.1143265,15215.453,302.89886
52.12973,5.1170382,15284.256,304.1837
52.129078,5.118412,15339.432,304.9911
52.128338,5.1220646,15398.982,306.05005
52.128002,5.1240015,15445.483,307.06638
52.126167,5.1255565,15515.929,308.05368
52.12606,5.1279454,15567.044,309.045
52.125355,5.1300797,15584.317,309.9871
52.12401,5.132904,15649.229,311.37515
52.123386,5.1361055,15652.392,312.47717
52.121895,5.139167,15717.369,313.38995
52.12171,5.1406255,15756.824,314.325
52.121227,5.143216,15791.327,315.40143
52.119694,5.1459928,15823.908,316.6907
52.1188,5.1472554,15889.241,317.35394
52.118496,5.149167,15901.344,318.18747
52.11706,5.151919,15942.652,319.49637
52.116222,5.1557894,16031.662,320.0271
52.11589,5.157659,16104.078,321.10153
52.1146,5.1588826,16163.528,322.18066
52.113075,5.1624928,16228.83,323.15765
52.112503,5.165044,16268.747,323.98233
52.112064,5.168154,16331.027,325.04785
52.110752,5.16901,16382.235,325.9318
52.10965,5.172023,16436.883,327.18765
52.108917,5.1724873,16444.781,327.10233
52.10807,5.175128,16439.79,328.25552
52.107014,5.1774764,16533.834,329.2469
52.106354,5.1800323,16622.158,330.0843
52.1058,5.1814322,16695.0,331.10562
52.104305,5.18551,16682.562,332.54562
52.103592,5.187433,16779.39,333.40292
52.1024,5.190028,16851.363,334.06042
52.10138,5.192996,16841.502,335.11417
52.100662,5.1944695,16850.064,336.3815
52.098995,5.197226,16907.791,337.14294
52.098362,5.199517,16942.148,338.2851
52.097656,5.2014284,16965.654,339.38394
52.09618,5.203884,16981.092,339.9239
52.09529,5.2048287,17112.295,341.0042
52.094185,5.207808,17154.377,342.01385
52.093037,5.210228,17179.818,342.5243
52.092167,5.2139897,17301.236,343.68994
52.091724,5.2153697,17320.264,344.98575
52.090427,5.2172284,17347.668,345.81244
52.089104,5.2211223,17377.396,346.98422
52.08846,5.2244377,17436.695,347.89902
52.08799,5.2241645,17502.96,348.51715
52.086197,5.2266436,17550.076,350.4604
52.085403,5.23064,17625.924,350.07166
52.084938,5.233573,17655.352,351.93335
52.083565,5.235558,17705.19,353.03278
52.081474,5.237673,17707.814,354.0721
52.080765,5.2402806,17734.412,354.9175
52.080845,5.2437234,17767.926,355.92886
52.079235,5.2440867,17859.23,356.77612
52.077682,5.246199,17900.754,358.2966
52.0774,5.2506676,17960.098,358.86343
52.075474,5.2542076,18044.537,360.08475
52.075016,5.2560596,18137.502,361.1477
52.073963,5.2578588,18129.809,361.8716
52.07238,5.260983,18201.836,362.8853
52.071507,5.2631454,18221.55,364.10962
52.07077,5.265341,18286.879,364.48456
52.069626,5.2674594,18320.559,366.0842
52.0686,5.268725,18392.49,366.69235
52.067196,5.272108,18391.705,368.0704
52.066345,5.2743535,18444.887,368.50894
52.065235,5.2781425,18421.764,369.83322
52.064415,5.278575,18476.16,370.78076
52.06299,5.280882,18474.791,372.11334
52.061634,5.2865863,18515.615,373.25104
52.06044,5.291264,18620.992,374.1251
52.060104,5.289607,18592.066,375.69803
52.058678,5.290142,18686.77,375.78146
52.056957,5.293953,18697.814,377.64597
52.05612,5.2957377,18794.385,378.04163
52.055546,5.298966,18781.012,379.1017
52.054527,5.3008595,18810.89,380.35565
52.053337,5.304141,18887.525,382.19476
52.051186,5.309847,18936.229,382.08688
52.050945,5.307965,18958.748,383.78452
52.04954,5.3086185,19043.168,384.74448
52.04814,5.3133693,19032.201,385.61002
52.04802,5.3153315,19116.55,386.11942
52.046738,5.3174253,19184.79,387.89584
52.045017,5.3212504,19250.332,388.5055
52.04407,5.323776,19233.26,389.80457
52.043934,5.3275166,19241.81,390.77908
52.04193,5.329757,19264.46,391.47836
52.04125,5.330596,19297.506,393.2627
52.040604,5.3324757,19343.23,394.0812
52.03903,5.336092,19399.18,394.92764
52.037384,5.339062,19434.361,395.70502
52.037636,5.343754,19492.773,396.6238
52.03571,5.3444757,19537.22,397.11743
52.034325,5.3464885,19610.092,398.5216
52.0336,5.349382,19632.676,399.42453
52.032543,5.350799,19655.418,400.14676
52.030735,5.3542094,19732.844,401.4239
52.029686,5.355328,19835.516,402.43716
52.02875,5.3609247,19818.857,403.44266
52.027763,5.361303,19904.041,404.34103
52.02687,5.3646007,19942.379,405.80237
52.025517,5.3665085,19990.473,406.43335
52.024998,5.369977,19932.967,408.30353
52.023766,5.3711348,20064.709,408.9085
52.022774,5.3735056,20082.428,409.83658
52.021767,5.375894,20147.865,410.82666
52.020157,5.378685,20180.812,412.12946
52.019638,5.379971,20277.92,412.85336
52.01831,5.3822103,20304.35,413.86133
52.01687,5.3870034,20369.992,415.00778
52.015972,5.388465,20441.0,415.89734
52.0147,5.389421,20410.709,416.82706
52.013508,5.3924932,20461.787,417.53113
52.012707,5.3955603,20529.627,418.59567
52.011555,5.3971853,20539.957,419.17407
52.011017,5.398543,20561.322,419.90515
52.00932,5.4031873,20629.164,421.21924
52.00792,5.4053664,20721.104,422.12146
52.00713,5.4076867,20728.268,422.82254
52.00581,5.4083524,20786.572,424.13757
52.004486,5.4111176,20808.89,425.14124
52.00357,5.413532,20906.479,426.52402
52.00207,5.4169755,20919.396,427.12378
52.00204,5.420481,20972.12,427.9925
52.0008,5.422207,21030.611,428.77615
51.999054,5.4237175,21079.805,429.65585
51.99835,5.4251056,21128.283,431.47845
51.99731,5.4295263,21086.004,431.73477
51.996433,5.430967,21177.371,432.78824
51.994617,5.4348006,21217.531,433.71158
51.99379,5.4357,21306.613,435.17667
51.992428,5.4376936,21342.773,435.94275
51.99121,5.440046,21396.486,437.20224
51.990814,5.4425488,21422.424,437.93307
51.988674,5.4445887,21463.809,438.57654
51.988125,5.448225,21436.795,440.39975
51.986557,5.451201,21577.902,440.91272
51.985706,5.4518723,21613.941,441.9364
51.984768,5.4557557,21631.475,442.91937
51.983532,5.459574,21646.045,443.88016
51.98305,5.460444,21770.21,444.71298
51.982765,5.4605117,21769.912,445.17035
51.980453,5.465743,21735.281,446.93887
51.979877,5.4689255,21835.824,447.35458
51.979263,5.4704695,21920.527,448.8812
51.97649,5.4741397,21869.203,449.80545
51.97601,5.4755826,21942.438,450.90698
51.975132,5.478195,22012.453,451.8854
51.973392,5.482039,22047.607,453.06067
51.97203,5.4864063,22099.182,454.33734
51.97141,5.4882913,22102.281,455.01996
51.970028,5.487094,22181.0,456.0332
51.968376,5.4915442,22163.127,456.93073
51.967216,5.494532,22211.215,457.51944
51.966717,5.496783,22294.256,458.7905
51.965015,5.498747,22351.352,459.78088
51.963486,5.5026913,22365.334,460.64478
51.962322,5.505391,22419.84,461.90048
51.961983,5.5076838,22463.588,462.2743
51.95999,5.510257,22491.566,463.71564
51.959484,5.511807,22516.771,464.58844
51.958046,5.5146127,22589.246,465.6573
51.956654,5.516911,22633.74,466.42554
51.955585,5.5198817,22673.06,467.95618
51.954296,5.5229964,22704.36,468.69934
51.952675,5.5232344,22774.164,469.6763
51.952183,5.5279493,22778.518,470.8533
51.95093,5.530257,22787.521,472.0148
51.949745,5.53211,22806.84,473.1145
51.94838,5.53523,22877.11,473.90988
51.946964,5.537428,22906.285,474.97717
51.945724,5.540582,23003.902,475.76904
51.94424,5.5437183,23055.6,477.15652
51.94312,5.547185,23068.709,477.78027
51.941696,5.548262,23088.867,478.81546
51.940994,5.550528,23157.297,479.70337
51.93918,5.55509,23179.39,480.9132
51.93793,5.557713,23209.29,481.49454
51.937004,5.559329,23266.85,482.33557
51.935246,5.5615582,23297.41,483.5526
51.934097,5.562989,23357.217,484.5076
51.932644,5.566341,23286.09,485.7426
51.931335,5.569584,23297.068,486.76303
51.93072,5.5695386,23422.086,487.51605
51.928978,5.5726013,23456.662,488.2261
51.92799,5.578046,23490.645,489.4241
51.926434,5.579822,23538.777,490.43826
51.9253,5.582361,23536.9,491.14462
51.924698,5.584465,23584.713,492.492
51.922607,5.587593,23642.373,492.9626
51.921375,5.5885925,23688.172,494.71338
51.92025,5.593919,23661.99,495.38245
51.91862,5.596859,23754.773,496.46338
51.917923,5.5973744,23796.357,497.55374
51.91631,5.600442,23857.027,498.41974
51.91482,5.6049976,23869.72,499.57892
51.913246,5.606929,23925.05,500.59164
51.911644,5.611328,23977.941,501.69586
51.91145,5.6133375,23973.47,502.43054
51.91024,5.6123705,24013.838,502.86234
51.90858,5.6165395,24039.242,504.16663
51.906845,5.6183195,24129.729,505.0436
51.905804,5.6244187,24042.852,506.8881
51.905266,5.623021,24190.959,506.88196
51.903355,5.6264133,24187.836,508.55286
51.90181,5.6295094,24228.383,509.4089
51.900936,5.6323886,24289.623,510.08127
51.900143,5.6350265,24223.174,511.63107
51.89816,5.63913,24246.043,512.4589
51.89623,5.640679,24358.53,512.5086
51.89599,5.6420135,24411.178,513.9565
51.894367,5.645126,24481.836,515.1956
51.891132,5.648541,24458.182,516.37634
51.8912,5.650499,24514.11,517.0267
51.88978,5.653952,24531.27,517.8004
51.888325,5.6549025,24586.277,518.8152
51.886665,5.657871,24661.494,519.6377
51.885284,5.660906,24694.594,520.77747
51.884453,5.6629663,24721.12,521.7228
51.882355,5.66683,24668.65,522.8508
51.881485,5.6679897,24757.15,523.7587
51.87995,5.6717668,24784.727,524.86865
51.87878,5.6730566,24843.174,526.09735
51.878223,5.6765122,24845.904,527.2137
51.876343,5.679047,24860.684,528.2494
51.87527,5.681233,24925.465,528.57263
51.874355,5.683341,24960.809,530.22516
51.87221,5.685656,24972.045,530.9492
51.870853,5.6889386,25051.115,531.8699
51.86962,5.6910787,25105.428,532.9988
51.868187,5.6935115,25102.484,533.6752
51.866684,5.699123,25061.393,535.5255
51.865635,5.698015,25178.535,535.73254
51.8638,5.6996717,25222.58,536.96063
51.86193,5.701428,25280.604,537.6845
51.860817,5.706278,25217.41,539.0599
51.86036,5.709362,25281.01,540.1216
51.858295,5.708988,25414.531,540.5764
51.85733,5.715061,25357.562,542.2922
51.85639,5.714501,25466.916,542.3271
51.85457,5.7185745,25398.799,544.0916
51.853027,5.7216077,25467.533,544.70184
51.85168,5.7236824,25496.773,545.64325
51.850533,5.7261367,25538.994,546.98083
51.848133,5.7274957,25627.56,547.6853
51.847576,5.730527,25650.928,548.71155
51.846214,5.7338767,25656.953,549.7714
51.84437,5.7356396,25712.328,550.5476
51.84299,5.738605,25751.65,551.47504
51.84151,5.740828,25757.004,552.7279
51.84084,5.744785,25781.469,553.7395
51.839294,5.7454166,25811.195,554.79016
51.836727,5.7484913,25863.633,555.70795
51.836258,5.7506948,25915.676,556.8012
51.835308,5.755897,25826.56,557.75836
51.832653,5.754628,26017.83,558.42285
51.831966,5.7569847,26043.32,559.5009
51.83067,5.7594123,26044.04,561.10693
51.828648,5.7616076,26099.045,561.21936
51.82682,5.765523,26095.02,562.6009
51.82673,5.769732,26133.332,563.6697
51.82492,5.7691293,26161.531,563.9072
51.8235,5.7703156,26187.957,565.6674
51.82168,5.77312,26269.436,566.00006
51.820835,5.7767797,26247.404,567.1103
51.819374,5.77775,26328.414,567.70264
51.816826,5.7825236,26376.63,569.30115
51.815407,5.784736,26426.79,569.7958
51.81419,5.78616,26434.475,571.0847
51.812496,5.7905316,26457.777,572.3281
51.811226,5.791863,26502.736,572.7791
51.80965,5.795539,26465.816,573.7387
51.80771,5.796428,26577.932,575.0497
51.80664,5.7984467,26640.244,576.18805
51.80478,5.7994757,26627.092,576.4895
51.803257,5.8032203,26663.684,577.761
51.80357,5.8042245,26711.807,579.0885
51.80201,5.8056545,26692.58,579.25055
51.79934,5.8081484,26718.232,580.7565
51.798275,5.8121324,26811.885,581.783
51.796635,5.8154874,26820.45,582.4691
51.79524,5.81744,26864.863,583.6591
51.793537,5.8184133,26939.275,584.4287
51.79265,5.8249526,26797.328,586.00085
51.79069,5.823385,26956.154,586.37415
51.789783,5.826564,27007.97,587.72675
51.78774,5.830577,27030.16,588.44324
51.78629,5.833902,26928.064,589.7365
51.78503,5.8333974,27113.95,590.27734
51.783848,5.8349566,27107.29,591.40765
51.78142,5.84013,27109.402,592.71204
51.78025,5.8407264,27149.4,593.0699
51.779854,5.845923,27054.344,594.39874
51.777916,5.8450627,27263.771,595.29083
51.775055,5.847478,27281.312,596.48956
51.774544,5.8535166,27179.809,597.49445
51.772747,5.851357,27364.432,598.2052
51.771496,5.854892,27397.021,599.1432
51.769714,5.8600135,27380.805,600.17
51.770035,5.8597045,27424.572,601.28986
51.766827,5.862631,27416.113,601.9871
51.76513,5.864832,27451.172,602.90375
51.764446,5.866388,27445.004,603.9889
51.762234,5.8700047,27521.863,605.0913
51.76037,5.8763866,27505.05,606.3808
51.75886,5.8758564,27593.605,606.95734
51.758736,5.8767166,27533.799,608.18994
51.755314,5.879661,27652.324,608.75726
51.755325,5.882622,27685.844,609.77014
51.753433,5.8853145,27691.059,610.9453
51.751263,5.8854437,27720.943,611.63367
51.75065,5.889861,27766.02,613.50385
51.748337,5.89243,27814.373,613.92163
51.74682,5.8950715,27849.057,614.86414
51.745514,5.896541,27904.088,615.8262
51.74339,5.899437,27882.713,616.9874
51.742126,5.902812,27916.15,617.76074
51.74035,5.9054837,27946.184,619.1511
51.73965,5.9054813,27992.674,619.8386
51.7381,5.9094996,28000.959,620.741
51.7361,5.9108853,28067.46,622.05664
51.734608,5.912837,28096.13,622.67615
51.7332,5.9161806,28120.883,623.92126
51.731026,5.9184136,28150.133,624.67926
51.72922,5.92043,28180.836,625.4227
51.728703,5.9219656,28189.195,626.8641
51.72723,5.92505,28235.438,627.6177
51.72507,5.9278336,28235.432,628.7688
51.723732,5.9327097,28272.023,630.317
51.721813,5.933044,28378.914,630.67664
51.72092,5.9334245,28390.814,631.7562
51.718906,5.9422865,28232.732,632.956
51.718155,5.9418883,28448.447,633.78815
51.71547,5.9432554,28437.96,634.5751
51.714314,5.94258,28488.482,635.4534
51.713417,5.945079,28509.748,637.10034
51.710762,5.95074,28534.146,636.87146
51.71122,5.951797,28581.197,638.571
51.706947,5.959144,28530.438,639.65137
51.706844,5.956132,28725.408,640.44305
51.704277,5.960264,28743.316,642.0846
51.702003,5.9616055,28775.625,642.58325
51.702484,5.965704,28765.89,643.491
51.69952,5.972041,28642.098,644.7767
51.698704,5.9686327,28852.783,645.70233
51.695797,5.9712653,28865.88,646.0326
51.69529,5.973037,28868.695,647.3264
51.694847,5.9768267,28874.92,647.92126
51.692406,5.9801636,28828.885,649.0358
51.69,5.9813194,28949.836,649.9441
51.688877,5.982788,28963.414,651.1903
51.68761,5.9856334,28965.42,651.9712
51.685375,5.988928,28961.654,652.8696
51.683746,5.9896836,29049.053,654.3079
51.681465,5.9940295,29111.457,655.5322
51.682487,5.9900603,29163.398,655.70746
51.680717,6.0009384,29039.746,656.8543
51.67842,5.9971375,29212.14,658.2521
51.676888,6.000503,29237.646,658.3486
51.674892,6.0036745,29213.568,660.4441
51.6734,6.0034065,29299.41,660.839
51.672356,6.0068574,29331.137,661.22046
51.66984,6.0109706,29329.01,663.25726
51.667824,6.0147905,29377.635,663.59564
51.666756,6.013846,29431.008,664.2563
51.66546,6.018381,29402.928,665.60223
51.663315,6.0228205,29424.092,666.72516
51.66227,6.023012,29520.758,667.3372
51.660477,6.0279746,29445.05,669.3535
51.657784,6.028905,29541.287,669.6568
51.65748,6.0293274,29616.299,670.7602
51.65526,6.0348396,29599.45,671.61694
51.65343,6.034925,29647.316,672.2116
51.6522,6.0388856,29676.781,673.6709
51.650154,6.040491,29694.875,674.6862
51.648914,6.043283,29729.05,675.79736
51.64751,6.0457344,29694.29,676.2477
51.646053,6.047394,29743.05,677.9056
51.64368,6.0507197,29782.996,678.87134
51.641518,6.0519814,29852.375,679.299
51.64031,6.054549,29873.375,679.9185
51.63918,6.0570474,29929.695,681.06213
51.637226,6.059462,29982.766,681.8272
51.63559,6.0619197,30020.924,682.42786
51.6333,6.065721,30054.043,684.0701
51.631275,6.066061,30087.357,684.66296
51.630398,6.075241,30037.365,685.4004
51.629745,6.0703683,30211.914,686.76294
51.627205,6.0745234,30216.889,688.0612
51.62434,6.0748954,30256.797,688.46094
51.62286,6.0811505,30258.812,689.42303
51.621788,6.0834675,30249.658,690.23346
51.620167,6.0834365,30307.621,691.4818
51.618675,6.08575,30333.783,692.6726
51.61709,6.0879393,30339.355,693.5987
51.615078,6.091303,30398.742,694.1582
51.613514,6.09276,30388.068,695.14844
51.61243,6.0955467,30476.012,696.5028
51.60995,6.100519,30432.742,697.5169
51.60797,6.1028895,30500.777,697.167
51.60702,6.1040363,30516.71,699.30457
51.60487,6.105996,30521.1,699.79834
51.602146,6.1091967,30584.688,700.7138
51.602676,6.1098237,30640.613,701.6966
51.60101,6.1143303,30594.553,702.53723
51.597755,6.114438,30606.162,703.1491
51.59646,6.117411,30709.912,705.0622
51.594196,6.1205096,30726.645,705.1073
51.592545,6.1219883,30738.43,706.89154
51.590656,6.1245785,30866.156,707.4876
51.590336,6.1270537,30875.713,709.3051
51.588684,6.130388,30853.191,709.2944
51.585144,6.1329556,30900.86,710.4382
51.58576,6.137106,30937.293,711.38074
51.583694,6.1365604,30940.902,711.44556
51.58143,6.137266,30979.85,714.00214
51.57936,6.1404667,31017.086,713.6171
51.579227,6.1498485,30913.293,715.02966
51.576683,6.1464195,31071.227,716.7004
51.574417,6.1506224,31044.492,717.7835
51.572506,6.1514897,31134.766,717.99817
51.5705,6.155074,31147.4,719.13385
51.569614,6.156656,31156.03,720.0009
51.567703,6.159534,31144.178,721.138
51.565933,6.16295,31215.566,721.8189
51.564804,6.1642947,31243.766,723.1213
51.5628,6.165984,31298.01,724.34863
51.561222,6.1729074,31233.46,725.293
51.55945,6.1746664,31274.236,726.2868
51.558502,6.174107,31400.164,727.28174
51.556393,6.176515,31375.83,728.78723
51.55391,6.178303,31389.072,728.59357
51.553043,6.1807055,31399.9,730.16705
51.551777,6.1831646,31456.639,731.4781
51.548832,6.1853905,31471.875,732.07007
51.547417,6.188236,31546.984,732.5098
51.54523,6.1916375,31565.521,734.0857
51.54474,6.1932597,31590.531,735.4064
51.54307,6.1956434,31590.102,736.0948
51.541924,6.1937265,31666.531,737.415
51.538795,6.2028637,31713.445,737.8206
51.53753,6.2049947,31715.936,739.73047
51.537056,6.207392,31775.607,739.9641
51.533344,6.2072105,31787.375,741.1452
51.53303,6.2098923,31814.68,742.41736
51.53078,6.2182035,31733.656,743.14264
51.528736,6.2144094,31860.639,744.0397
51.52832,6.220299,31822.072,745.47723
51.525734,6.2188187,31896.305,746.06616
51.52404,6.2235727,31899.248,747.1719
51.52238,6.2256393,31941.045,747.9014
51.51973,6.2271285,31974.973,749.10706
51.519127,6.228264,31991.191,750.0219
51.516796,6.2333007,32069.014,750.5671
51.515114,6.2375646,31989.078,751.94763
51.513023,6.237229,32065.62,752.94214
51.511826,6.239739,32080.303,753.802
51.509865,6.241963,32111.28,754.69055
51.507534,6.2474904,32091.947,755.7218
51.50645,6.2476563,32112.549,756.6595
51.505367,6.250061,32123.783,757.7568
51.502136,6.251994,32174.824,758.61224
51.501644,6.2541556,32222.959,759.96875
51.49995,6.255897,32244.37,760.39703
51.497707,6.2637906,32204.88,761.2725
51.496555,6.2613287,32321.146,763.0864
51.493946,6.2646194,32349.76,764.4562
51.49227,6.2675467,32291.576,765.0344
51.490295,6.270094,32320.447,765.1541
51.490192,6.2726946,32395.861,766.59875
51.487232,6.2742825,32403.635,766.88196
51.485332,6.277811,32411.043,768.5801
51.485218,6.2784944,32481.086,769.62537
51.482765,6.280043,32435.588,769.7077
51.480587,6.284977,32463.488,771.5283
51.479355,6.2869763,32496.143,772.2823
51.477013,6.289167,32541.521,773.17633
51.47482,6.2903214,32584.426,774.5017
51.474335,6.2922826,32611.203,775.59894
51.47214,6.29608,32618.639,776.3857
51.4704,6.2985616,32652.387,777.65265
51.468857,6.2998123,32661.748,778.5072
51.46682,6.303064,32693.238,779.2157
51.46516,6.3074875,32672.414,780.6038
51.463116,6.3083897,32681.525,780.89594
51.462585,6.3107657,32705.72,782.29675
51.460255,6.313467,32736.541,783.63306
51.459476,6.3174853,32734.459,784.11206
51.456722,6.3177676,32779.15,785.86414
51.454422,6.321401,32861.535,786.5539
51.453068,6.3231955,32909.402,786.74097
51.45108,6.3261027,32893.402,788.1945
51.45007,6.3279696,32911.19,789.22894
51.447853,6.3343244,32866.395,790.6767
51.445816,6.3307567,32979.51,791.0437
51.444897,6.3410707,32981.867,791.17474
51.445946,6.3299084,32920.51,788.1338
51.44371,6.3389864,33015.582,787.0741
51.442726,6.3390565,33074.492,787.36743
51.441208,6.3391647,33096.45,789.84796
51.438976,6.344179,33110.285,790.0933
51.436787,6.344015,33146.23,791.67346
51.434616,6.347997,33129.32,792.3963
51.433132,6.353105,33154.176,793.31415
51.432293,6.353429,33186.79,794.1382
51.43018,6.352485,33200.293,794.53766
51.42747,6.357022,33223.52,795.97705
51.426193,6.3629518,33281.656,796.46796
51.42439,6.3604956,33305.77,798.04675
51.422657,6.3662195,33282.863,798.6986
51.421207,6.368464,33309.465,800.12335
51.418556,6.3701096,33337.87,800.6015
51.418648,6.3712873,33332.25,801.1396
51.415413,6.3720994,33376.926,803.373
51.412792,6.375512,33400.42,803.88416
51.412457,6.379468,33414.113,804.42737
51.41026,6.3820233,33461.508,805.6837
51.40862,6.3821025,33474.91,806.9247
51.407764,6.3874283,33576.938,807.4295
51.405247,6.3860464,33554.25,808.40515
51.403046,6.3899884,33573.215,809.57294
51.40104,6.3949795,33583.938,810.47754
51.400303,6.3948493,33630.246,811.3863
51.398167,6.398414,33636.066,812.08673
51.397106,6.3994503,33660.773,813.48364
51.394688,6.4042597,33658.34,814.22754
51.392582,6.406484,33705.37,815.22107
51.392155,6.4059463,33745.094,815.36646
51.389847,6.4092956,33735.656,817.88007
51.388214,6.4130087,33741.664,818.2968
51.38594,6.415169,33745.504,819.5983
51.384575,6.419887,33792.355,819.9888
51.382507,6.420179,33837.805,821.49963
51.379845,6.4225717,33827.938,821.8525
51.3784,6.424657,33884.848,822.8799
51.377525,6.427698,33888.426,824.31946
51.375156,6.4301114,33923.043,824.8991
51.3734,6.431539,33935.473,825.9763
51.37186,6.434799,33953.54,827.05206
51.3691,6.436368,33977.664,827.1271
51.3682,6.437806,33980.723,829.80035
51.36678,6.4434395,34013.344,829.246
51.364487,6.4422297,34007.97,831.21466
51.36405,6.450895,34071.66,831.56866
51.360687,6.447467,34062.953,833.1135
51.359657,6.450173,34065.117,834.0185
51.35765,6.453189,34115.586,834.6158
51.35562,6.456156,34109.707,835.8908
51.35425,6.457619,34153.23,836.26654
51.35227,6.4604907,34198.13,837.80804
51.35027,6.4638767,34190.797,838.1955
51.34904,6.4665375,34223.22,839.7015
51.346603,6.4682064,34190.22,840.1272
51.34445,6.469938,34274.137,841.49567
51.34293,6.473345,34335.45,842.0069
51.3417,6.4749346,34325.875,843.06903
51.33904,6.4769807,34319.883,843.5289
51.338165,6.4797115,34339.902,844.76227
51.33651,6.4824533,34338.863,845.8262
51.334423,6.4847527,34385.367,847.0063
51.332058,6.4862328,34405.86,847.99005
51.33099,6.489331,34421.6,848.7211
51.32918,6.492833,34443.902,849.9576
51.327507,6.492174,34481.473,851.0205
51.3247,6.496256,34466.484,852.2809
51.324062,6.49969,34490.207,852.2109
51.32276,6.501379,34478.29,854.1832
51.321323,6.502753,34525.383,854.11224
51.319477,6.5075517,34532.23,856.0072
51.31687,6.509685,34536.13,855.59204
51.315697,6.512629,34588.082,857.6093
51.313732,6.514663,34638.266,858.52026
51.310577,6.5153456,34635.453,859.18274
51.310726,6.516745,34679.516,860.116
51.30817,6.5198126,34710.207,860.83093
51.30501,6.524399,34699.125,861.5367
51.30403,6.524638,34747.875,862.9992
51.303017,6.528527,34727.668,864.60583
51.29957,6.5317636,34732.895,864.64343
51.299587,6.534208,34770.656,865.6583
51.297405,6.5345297,34800.008,866.0432
51.295795,6.5387864,34829.793,867.86914
51.292625,6.539848,34899.19,868.42285
51.290123,6.5455623,34825.285,870.30164
51.292088,6.55,34896.805,870.2378
51.288948,6.5459366,34889.887,872.3518
51.28683,6.5482216,34870.723,872.62787
51.283653,6.5529494,34865.688,872.42883
51.283726,6.556215,34953.242,874.5129
51.283165,6.556925,34991.86,875.31995
51.279,6.5552373,34906.79,875.83905
51.277615,6.563068,34958.594,878.0745
51.276497,6.565733,35011.92,877.2668
51.27482,6.56549,34963.094,880.35974
51.27178,6.5654216,35005.9,880.3827
51.270218,6.5692816,34971.598,880.985
51.26995,6.572458,35027.66,882.5293
51.26744,6.574189,35085.043,882.4777
51.265385,6.5739994,35107.25,884.25073
51.26473,6.5743136,35123.793,884.89386
51.262695,6.576578,35165.656,885.7831
51.26176,6.5830603,35146.914,886.9774
51.257946,6.588307,35189.0,888.2849
51.257446,6.589852,35162.586,888.419
51.25656,6.5896797,35136.39,889.7842
51.253635,6.593439,35179.84,891.08453
51.2512,6.5925646,35225.348,891.67
51.24996,6.5958056,35239.31,892.4991
51.248375,6.599363,35236.125,894.78845
51.246113,6.601016,35246.81,893.8463
51.246857,6.607141,35273.082,895.92566
51.24454,6.6069846,35246.234,897.0122
51.240803,6.609673,35346.742,898.1976
51.239178,6.6102195,35298.227,898.41345
51.237785,6.611873,35333.418,899.21063
51.235535,6.6153493,35349.445,900.8533
51.233273,6.620271,35409.816,901.4134
51.232452,6.6213703,35358.91,902.639
51.230526,6.62133,35435.707,903.05786
51.228683,6.62518,35420.277,904.472
51.227932,6.626337,35386.06,905.0113
51.22493,6.6294975,35398.83,906.2753
51.223316,6.6327233,35451.617,907.76227
51.22205,6.6330366,35475.4,908.2621
51.21971,6.636275,35358.582,909.54
51.21892,6.6390643,35589.48,910.50555
51.21684,6.6391997,35390.703,911.2414
51.21416,6.643441,35476.258,911.4847
51.212902,6.647422,35481.027,913.1304
51.211704,6.6474824,35556.477,914.23425
51.207214,6.647603,35543.49,915.188
51.206783,6.6546984,35522.61,917.0733
51.204807,6.6576953,35557.094,917.4168
51.201546,6.6569543,35595.785,917.61035
51.201195,6.6579695,35619.582,919.4741
51.1994,6.6611576,35595.098,920.7789
51.197784,6.6640697,35606.168,921.5743
51.19687,6.6664076,35624.33,921.9163
51.19471,6.6704297,35612.168,922.2275
51.19391,6.669621,35640.074,923.52954
51.19129,6.668007,35648.344,924.3219
51.188953,6.6737556,35652.97,925.4423
51.187904,6.6809554,35678.12,927.12067
51.18779,6.679447,35751.53,927.5059
51.183475,6.6771803,35696.145,929.1018
51.180927,6.682505,35679.08,929.8976
51.18238,6.689163,35702.363,930.8779
51.17901,6.6879325,35673.61,931.4353
51.17853,6.6889305,35802.273,932.6252
51.17487,6.6899667,35692.227,933.4918
51.17366,6.695238,35714.676,934.22046
51.171665,6.6952987,35749.902,936.0743
51.170593,6.6967425,35778.816,936.60724
51.165176,6.7017884,35728.418,937.50574
51.165783,6.707717,35765.285,938.22174
51.16418,6.7057505,35796.93,939.92487
51.161537,6.7080812,35815.44,940.6169
51.161087,6.711416,35840.035,940.3848
51.158695,6.7113185,35873.668,942.51636
51.156742,6.715733,35856.676,943.9357
51.154728,6.717219,35894.07,943.4612
51.153458,6.7195754,35892.207,945.0855
51.15056,6.7213864,35856.6,946.5722
51.148346,6.7234416,35888.82,946.77673
51.147675,6.727391,35876.945,948.1248
51.146397,6.7263703,35904.863,948.88226
51.14354,6.729632,35923.496,950.1542
51.141544,6.731405,35904.285,951.322
51.139603,6.7334723,35883.89,952.2137
51.137894,6.7355247,35925.023,952.86774
51.137264,6.7371135,35888.348,954.48596
51.133736,6.740348,35924.68,955.235
51.131992,6.744613,35882.51,956.26337
51.12978,6.7450724,36147.83,957.7772
51.128662,6.744382,35938.805,958.0699
51.12678,6.7486258,35968.504,958.4941
51.12425,6.752147,35970.867,959.79926
51.123516,6.7516313,35976.656,960.7035
51.12094,6.752242,35987.55,961.64655
51.11961,6.755702,36049.21,963.01556
51.11773,6.7625384,35993.03,964.46326
51.11427,6.761354,36020.953,964.1092
51.11445,6.7636323,36013.35,966.51605
51.112823,6.7647057,36034.785,966.48755
51.110832,6.765831,36034.703,968.0843
51.108913,6.768678,36018.86,968.4567
51.10828,6.771021,36011.67,969.334
51.104984,6.772308,36057.84,970.60187
51.101963,6.774578,36060.617,971.89307
51.102036,6.7756786,36087.004,972.92896
51.099625,6.777604,36088.21,972.9255
51.09757,6.782056,36080.02,974.848
51.093975,6.784189,36066.3,975.05554
51.094696,6.7842565,36026.13,976.64294
51.09044,6.7887506,36246.523,978.5126
51.088642,6.7882247,36060.156,978.6621
51.089123,6.790644,36063.71,979.9532
51.086334,6.7934303,36068.125,980.65405
51.08364,6.7949524,36067.125,981.57983
51.082527,6.795876,36113.047,982.36176
51.0813,6.798222,36107.17,983.0318
51.07919,6.8008285,36119.516,984.8015
51.076897,6.8012805,36105.285,985.5783
51.074924,6.805137,36077.82,986.31494
51.072193,6.807177,36093.242,988.29736
51.070557,6.808505,36145.902,987.3303
51.06954,6.806927,36148.516,989.9606
51.06691,6.811857,36090.184,991.41815
51.065662,6.8146577,36110.727,991.8345
51.064163,6.816845,36105.53,992.3664
51.062763,6.8152065,36111.67,993.3649
51.06167,6.819395,36074.113,994.93634
51.057564,6.820253,36101.652,994.9781
51.056118,6.823132,36218.77,996.99445
51.054,6.824831,36116.168,996.70233
51.052746,6.8251066,36155.95,998.53253
51.051334,6.827967,36146.203,999.1686
51.049004,6.828753,36150.496,1000.0785
51.046417,6.8321886,36176.125,1001.72974
51.04521,6.8321915,36172.766,1002.35596
51.045414,6.8324494,36183.223,1002.6547
51.04049,6.833542,36135.727,1004.9562
51.03956,6.8392844,36131.645,1004.3756
51.039158,6.8393264,36149.465,1005.4084
51.03702,6.8410506,36116.914,1007.95514
51.03279,6.8440256,36062.27,1008.4271
51.031487,6.845217,36346.273,1008.8965
51.03253,6.847026,36011.414,1010.365
51.028107,6.8459263,36125.79,1010.5277
51.025764,6.8495646,36163.01,1012.5191
51.023746,6.851995,36188.965,1013.7571
51.023125,6.8536787,36163.844,1014.16486
51.02035,6.8565903,36146.46,1015.43414
51.019135,6.8576436,36158.367,1015.5975
51.01658,6.8603473,36169.0,1017.4918
51.01532,6.8621445,36122.24,1017.9362
51.01378,6.863254,36271.254,1019.5145
51.011787,6.8657265,36109.508,1019.7939
51.010086,6.8667455,36157.223,1021.1372
51.009197,6.8686523,36164.88,1022.10895
51.006496,6.8686185,36152.3,1023.185
51.003994,6.873249,36143.004,1024.285
51.001213,6.8732905,36169.93,1024.5054
51.00029,6.876862,36092.902,1026.0144
50.998425,6.879309,36054.92,1026.7456
50.99594,6.881222,36392.29,1028.1151
50.99503,6.8782854,36090.684,1029.1481
50.992844,6.88129,36112.547,1030.152
50.99033,6.883525,36110.18,1031.0251
50.988564,6.8857174,36141.41,1031.764
50.987316,6.8864326,36134.25,1032.7573
50.984955,6.889867,36152.81,1033.5826
50.984325,6.8923798,36134.016,1035.0936
50.98134,6.8927913,36142.848,1035.0833
50.97924,6.8921833,36128.902,1037.1765
50.976936,6.893953,36190.027,1037.0416
50.97568,6.89474,36184.875,1039.2648
50.97235,6.9005995,36148.004,1039.8768
50.971775,6.9002147,36136.727,1039.941
50.972027,6.904896,36119.605,1041.7948
50.96713,6.9026327,36137.652,1042.1362
50.965843,6.903456,36151.83,1043.8767
50.965965,6.9080462,36172.344,1043.7644
50.962265,6.908726,36166.457,1046.0958
50.960243,6.9118466,36165.48,1046.7947
50.95756,6.9126906,36406.15,1047.883
50.956306,6.9151797,36099.848,1048.3258
50.954796,6.9167857,36165.78,1049.4506
50.95442,6.9168954,36196.08,1050.3099
50.95168,6.9176083,36236.797,1051.5718
50.94927,6.9217353,36187.74,1052.8309
50.94784,6.9224153,36162.555,1053.1609
50.944725,6.9253316,36411.055,1053.8788
50.94551,6.924456,36131.11,1055.5837
50.942604,6.9278417,36164.605,1056.5743
50.93898,6.929564,36252.883,1057.2445
50.93822,6.931823,36161.344,1059.0593
50.936787,6.934448,36157.85,1059.0946
50.934296,6.933944,36198.88,1060.7101
50.934242,6.934602,36202.215,1061.2557
50.930412,6.93856,36194.746,1062.172
50.92861,6.939929,36166.875,1063.4181
50.926327,6.941657,36270.27,1064.2805
50.92497,6.939577,36138.176,1065.2377
50.922535,6.945786,36169.656,1066.4165
50.921345,6.9467626,36220.164,1066.6272
50.919926,6.947212,36186.367,1068.053
50.916126,6.949604,36199.11,1069.1888
50.915627,6.951975,36192.62,1069.9856
50.914043,6.952174,36193.438,1071.0323
50.91174,6.953522,36175.95,1072.4716
50.90904,6.954921,36154.574,1073.1337
50.908512,6.9580812,36208.727,1074.7932
50.906265,6.959078,36187.445,1074.9094
50.904408,6.9612045,36178.324,1076.38
50.90236,6.9613495,36192.477,1076.9379
50.900288,6.9626145,36198.305,1078.0394
50.89756,6.9657893,36192.54,1078.7572
50.896782,6.966124,36181.887,1079.7649
50.894436,6.967028,36145.66,1080.9012
50.891945,6.970781,36073.246,1082.0935
50.889957,6.9733195,36351.34,1083.0979
50.888924,6.974016,36135.734,1083.7831
50.886932,6.9756284,36141.453,1084.549
50.88598,6.9778657,36124.97,1086.093
50.883026,6.978132,36269.91,1086.6158
50.88139,6.981443,36141.08,1087.9626
50.87889,6.9832997,36162.19,1089.0668
50.87849,6.983643,36189.6,1089.3359
50.8766,6.9845457,36172.395,1090.8031
50.873924,6.986943,36220.914,1091.9132
50.872112,6.9895573,36209.086,1092.5488
50.871067,6.990078,36216.754,1093.4777
50.86736,6.9935474,36212.227,1094.7614
50.866,6.994294,36225.305,1095.4585
50.86417,6.9962077,36131.668,1096.6669
50.862217,6.9975686,36260.84,1097.603
50.860733,7.000296,36179.83,1098.8109
50.857784,6.9998407,36182.64,1099.6171
50.856792,7.002902,36215.086,1101.1407
50.85461,7.002724,36196.86,1101.5177
50.853245,7.003107,36236.656,1101.7811
50.851864,7.006789,36215.47,1103.7473
50.850235,7.007173,36157.336,1104.4194
50.848167,7.009547,36140.555,1105.0574
50.845737,7.0083776,36167.02,1106.2596
50.84392,7.013321,36158.83,1107.3014
50.842052,7.015294,36138.22,1107.9537
50.84141,7.0188217,36198.37,1109.101
50.83744,7.0176578,36183.047,1110.5466
50.83709,7.018304,36166.867,1110.8135
50.835083,7.0218053,36168.24,1111.8251
50.831074,7.020023,36162.492,1112.9386
50.83083,7.026135,36194.64,1114.2543
50.827908,7.0234704,36155.297,1115.1934
50.82784,7.02939,36261.457,1116.3207
50.82535,7.028791,36107.42,1117.1056
50.823307,7.0323725,36136.645,1117.979
50.821587,7.0323944,36161.5,1119.1747
50.819553,7.035941,36129.918,1120.8246
50.817013,7.0340905,36199.586,1121.0205
50.816067,7.0383177,36179.6,1122.0979
50.81412,7.039758,36173.613,1122.3923
50.811703,7.042541,36203.777,1123.7019
50.809288,7.043191,36179.363,1124.9338
50.809566,7.043339,36148.04,1125.6953
50.8047,7.0471306,36127.305,1127.2227
50.804993,7.0486345,36117.44,1127.9366
50.803867,7.050325,36025.33,1128.2551
50.799343,7.054351,36366.844,1129.808
50.79987,7.0535936,35945.29,1131.0338
50.797886,7.0541005,36030.777,1131.8539
50.79506,7.056838,36114.387,1133.0099
50.793068,7.0592937,36137.355,1133.664
50.791065,7.0606313,36122.797,1134.7649
50.789104,7.062949,36113.277,1135.3518
50.787533,7.0639114,36081.47,1136.4946
50.78647,7.0684276,36016.574,1137.4646
50.785965,7.0669045,36206.656,1138.7437
50.782066,7.0681396,36064.04,1139.1671
50.77931,7.0704947,36086.793,1140.5208
50.778557,7.0751343,36086.113,1140.8241
50.776817,7.073273,36120.582,1142.8586
50.773838,7.0738864,36109.184,1143.0522
50.77317,7.0765033,36098.83,1144.6593
50.770977,7.08035,35993.223,1145.5968
50.767715,7.083208,36275.785,1145.8246
50.767643,7.082011,36034.652,1147.88
50.76447,7.085135,36065.64,1147.9718
50.76321,7.084146,36009.504,1149.2543
50.76007,7.090153,36212.67,1150.434
50.76093,7.090915,35977.707,1151.0665
50.759308,7.092895,36031.055,1151.914
50.75552,7.0920367,36042.445,1153.2273
50.75487,7.093737,36041.57,1154.3871
50.75285,7.09827,36025.543,1154.9766
50.749954,7.0980816,36005.793,1155.9563
50.748203,7.099422,36033.22,1156.9576
50.74614,7.1028724,36042.67,1158.2341
50.744976,7.102472,35975.457,1159.5089
50.744225,7.1032376,35916.223,1160.0715
50.741333,7.1103573,36231.453,1160.6335
50.740433,7.1085496,35911.023,1162.0708
50.738773,7.1117926,35868.88,1162.8042
50.734734,7.116395,36240.81,1164.3563
50.73368,7.115582,35903.035,1165.005
50.734055,7.1188273,35933.223,1165.9849
50.729794,7.1198344,35944.79,1167.2115
50.728527,7.1201515,35990.406,1168.042
50.728394,7.123551,35980.574,1168.894
50.725056,7.1260457,35989.008,1169.445
50.722115,7.1260777,36007.44,1170.6923
50.72267,7.1276507,35963.01,1172.1897
50.720314,7.130599,35943.16,1172.421
50.71756,7.132183,36012.71,1174.0637
50.7162,7.1338468,35942.484,1174.6755
50.71311,7.1351614,35968.883,1175.2744
50.712597,7.138647,35973.418,1176.0597
50.710896,7.1376777,35874.08,1178.3174
50.70921,7.143226,36006.535,1178.8918
50.70708,7.143776,36022.613,1179.9381
50.705315,7.144324,35834.2,1180.1935
50.703094,7.1459885,35836.984,1181.4844
50.700405,7.1487975,35842.86,1182.2708
50.69901,7.149289,35837.656,1183.2092
50.698036,7.150323,35803.906,1184.5736
50.694984,7.1560616,36211.3,1185.7363
50.6942,7.1557355,35791.03,1186.2626
50.691833,7.1571503,35874.88,1187.179
50.6903,7.158436,35916.65,1188.4418
50.688873,7.1605377,35901.152,1189.3148
50.686443,7.162935,35888.97,1189.7373
50.684357,7.16362,35899.594,1191.189
50.68096,7.1649127,35883.65,1191.9694
50.68043,7.167351,35876.438,1193.4553
50.678432,7.167223,35852.926,1194.5146
50.677704,7.171303,35825.99,1195.1272
50.6734,7.175212,35825.25,1195.8694
50.673805,7.1751785,35868.785,1197.1803
50.672077,7.175918,35871.37,1197.1262
50.669193,7.1781282,35870.83,1198.9152
50.665432,7.181866,35871.266,1200.962
50.66439,7.186052,35886.277,1200.5756
50.664337,7.1822753,35852.047,1202.2161
50.661034,7.185389,35850.09,1203.19
50.659145,7.185656,35816.28,1204.3772
50.656902,7.18944,35815.656,1205.06
50.65576,7.190463,35820.57,1206.4283
50.656864,7.1934285,35805.95,1206.6709
50.65321,7.189132,35765.56,1207.144
50.651245,7.189886,35819.707,1209.2056
50.648426,7.2008815,35796.246,1208.4528
50.647137,7.2002907,35808.21,1211.0634
50.645817,7.201779,35826.742,1210.8206
50.644108,7.202582,35832.28,1212.9219
50.64184,7.2052007,35803.16,1213.536
50.6379,7.206625,35854.58,1214.6367
50.63791,7.2071714,35758.54,1215.8628
50.63759,7.207774,35742.023,1216.1908
50.63538,7.212973,35655.316,1217.1576
50.630035,7.2181444,36144.29,1218.4358
50.630325,7.2140055,35675.707,1219.482
50.62717,7.215859,35758.734,1220.9598
50.62588,7.220958,35775.426,1221.8617
50.624374,7.2233562,35771.6,1222.6027
50.623398,7.222593,35760.098,1222.3877
50.621376,7.220897,35698.44,1225.1758
50.61912,7.2262964,35721.902,1225.1191
50.619526,7.228927,35668.066,1226.6112
50.61729,7.2299886,35622.58,1227.0084
50.613087,7.2340403,35915.406,1228.7294
50.611202,7.230769,35682.465,1229.8353
50.60898,7.2335567,35755.168,1229.9423
50.607113,7.237226,35743.273,1231.1624
50.60468,7.239536,35751.5,1232.4841
50.603115,7.240229,35742.28,1232.7961
50.603268,7.2391977,35704.492,1233.8507
50.599884,7.2436004,35718.047,1235.3301
50.597244,7.2435627,35695.54,1236.0311
50.596798,7.24664,35663.246,1236.7836
50.596016,7.248889,35628.086,1238.21
50.593845,7.25172,35652.75,1239.2094
50.590717,7.2525206,35643.49,1239.9385
50.59005,7.2518506,35658.945,1241.4716
50.584938,7.2527785,35707.473,1241.935
50.583656,7.2568073,35634.95,1242.7379
50.582306,7.2595367,35682.324,1243.8387
50.58139,7.259725,35693.332,1244.6213
50.57845,7.25971,35691.715,1245.7357
50.576275,7.2635837,35692.73,1246.9652
50.573986,7.2651825,35658.973,1247.4727
50.572186,7.268153,35654.38,1248.6796
50.573017,7.269889,35651.164,1249.4255
50.569366,7.2697086,35602.227,1250.0515
50.568184,7.269983,35617.95,1251.8059
50.564976,7.2741556,35629.508,1252.5647
50.564163,7.274049,35641.74,1253.3942
50.560974,7.2758274,35624.402,1254.5771
50.55924,7.275566,35678.977,1255.407
50.556103,7.281755,35587.344,1256.0802
50.5548,7.2824373,35572.242,1257.3142
50.55375,7.283265,35977.61,1259.4282
50.55066,7.2821927,35559.69,1259.5356
50.54725,7.2870502,35602.133,1260.5775
50.551373,7.293192,35645.062,1261.4294
50.54501,7.287377,35645.96,1260.876
50.546776,7.28508,35625.42,1263.665
50.543293,7.2901063,35611.85,1264.444
50.542477,7.299013,35463.7,1265.111
50.538258,7.296857,35708.207,1265.7533
50.53695,7.29981,35831.965,1267.3557
50.5356,7.298091,35502.414,1268.5802
50.5302,7.2941604,35604.65,1269.2091
50.52749,7.306996,35659.64,1270.9617
50.52683,7.3105435,35612.68,1270.8752
50.528378,7.3118176,35585.297,1272.9836
50.52179,7.3013673,35572.406,1271.7838
50.519936,7.309181,35565.207,1274.5109
50.520515,7.3138685,35560.43,1274.3196
50.518505,7.3115335,35587.883,1275.268
50.5168,7.3099236,35575.43,1276.592
50.51506,7.3156843,35568.86,1277.7615
50.511173,7.3218703,35567.293,1278.4645
50.50921,7.3186717,35512.465,1279.8334
50.506645,7.315844,35610.492,1280.0625
50.50538,7.321803,35524.535,1281.1497
50.50398,7.327344,35557.684,1281.9524
50.505455,7.324395,35592.78,1283.7976
50.497116,7.318127,35539.766,1284.4646
50.498158,7.3265834,35565.594,1285.9891
50.49671,7.332013,35566.14,1286.9933
50.49207,7.3330793,35537.617,1286.4786
50.49115,7.3325315,35585.242,1289.351
50.487396,7.3316936,35569.965,1289.0858
50.48686,7.334052,35545.203,1290.5583
50.48599,7.336447,35528.42,1291.0469
50.48659,7.3391275,35535.875,1292.2119
50.482265,7.3384795,35490.273,1292.1779
50.481197,7.3421464,35441.38,1294.4344
50.47819,7.344141,35763.945,1296.0112
50.477116,7.342077,35307.59,1295.7683
50.473534,7.3482428,35736.637,1297.274
50.4739,7.3474617,35360.812,1297.358
50.473305,7.34766,35526.16,1298.7897
50.466602,7.3497896,35544.445,1299.781
50.464966,7.34963,35581.88,1300.572
50.466457,7.349584,35529.176,1301.8544
50.462715,7.3528433,35528.586,1303.3303
50.460083,7.360888,35528.65,1302.8586
50.45946,7.356088,35558.04,1305.008
50.457333,7.3583913,35508.87,1306.1882
50.45367,7.3582582,35491.6,1306.493
50.45373,7.3628087,35536.152,1307.4615
50.450626,7.362949,35497.242,1308.233
50.447083,7.364789,35492.836,1309.8037
50.44525,7.364689,35513.996,1310.4279
50.444748,7.367548,35502.94,1310.804
50.442158,7.368542,35479.68,1313.3475
50.43993,7.369105,35467.082,1313.2423
50.43896,7.3713813,35490.32,1313.8329
50.433983,7.372157,35504.617,1315.9603
50.431572,7.371129,35512.86,1316.3702
50.4317,7.3796444,35478.74,1317.5806
50.429283,7.377706,35502.09,1318.1025
50.42761,7.3816895,35438.715,1319.3143
50.426132,7.3806934,35393.5,1319.7701
50.42427,7.3825226,35404.832,1321.3282
50.423344,7.379339,35397.312,1321.6609
50.417236,7.386229,35732.125,1323.2168
50.416054,7.3853784,35439.68,1324.3556
50.415546,7.3928533,35408.164,1325.9976
50.411686,7.3916917,35380.0,1325.4081
50.411484,7.389712,35440.8,1327.3716
50.40692,7.389808,35399.742,1327.4465
50.40678,7.3922935,35483.527,1330.134
50.40179,7.394909,35482.87,1329.432
50.406124,7.3962646,35492.758,1330.3302
50.403133,7.3995504,35467.95,1332.0187
50.399097,7.3921533,35488.453,1333.1409
50.399418,7.401665,35402.7,1333.3837
50.394093,7.399473,35447.656,1335.2988
50.392982,7.401207,35445.477,1335.3265
50.392094,7.404508,35481.273,1337.2034
50.3864,7.4067545,35451.42,1337.884
50.389816,7.4063425,35437.81,1339.1145
50.38358,7.409139,35482.137,1339.1531
50.38678,7.4029584,35478.594,1339.5103
50.381275,7.409299,35434.82,1341.8063
50.379982,7.4155807,35426.92,1341.0598
50.37808,7.411756,35478.543,1343.8579
50.37431,7.414831,35444.492,1343.9889
50.372345,7.4140244,35439.707,1345.3242
50.369495,7.4178724,35438.594,1347.1825
50.364548,7.4191737,35499.355,1346.9371
50.36596,7.420591,35466.42,1348.2849
50.365837,7.4213157,35432.883,1350.3761
50.3643,7.4213204,35455.164,1350.7548
50.360695,7.4241643,35355.805,1350.9502
50.357815,7.425172,35376.223,1351.6295
50.35826,7.425065,35438.32,1352.8655
50.35505,7.4241524,35432.824,1354.3218
50.350235,7.4267583,35438.24,1354.7677
50.348186,7.433276,35371.05,1356.5728
50.349056,7.429862,35380.45,1356.6917
50.34215,7.4325175,35412.992,1358.3433
50.341885,7.434611,35375.457,1358.2991
50.33955,7.4307137,35391.74,1360.8353
50.336,7.437411,35374.957,1360.727
50.33872,7.43728,35388.54,1361.1484
50.33973,7.438811,35265.082,1363.2543
50.332363,7.4402213,35505.418,1364.7842
50.33056,7.443603,35603.953,1364.6212
50.3295,7.4407616,35258.83,1365.8196
50.32337,7.4418592,35348.258,1366.7618
50.32425,7.4430437,35378.008,1367.7103
50.323803,7.445378,35374.695,1368.8881
50.322002,7.4476957,35382.246,1369.4734
50.32124,7.4454427,35368.96,1370.6145
50.319,7.444462,35402.125,1371.3208
50.312923,7.4465,35420.758,1372.2361
50.312733,7.4500003,35410.26,1373.2544
50.309185,7.4515095,35463.203,1374.5347
50.30856,7.4514036,35424.53,1375.2432
50.30771,7.454448,35442.547,1376.6719
50.303604,7.4569216,35424.867,1377.7433
50.300014,7.4594707,35418.402,1378.2544
50.29952,7.45703,35398.773,1379.1251
50.298096,7.458634,35387.76,1380.1794
50.29434,7.4611363,35379.406,1381.0732
50.295456,7.4630675,35373.707,1382.16
50.292397,7.463524,35412.48,1383.7755
50.288612,7.46464,35359.33,1384.0536
50.286304,7.465805,35431.945,1385.4385
50.28666,7.4662046,35382.863,1385.981
50.28308,7.4664326,35385.137,1386.989
50.281414,7.469329,35473.895,1388.8125
50.278168,7.467927,35360.047,1388.9865
50.278084,7.471772,35336.992,1390.4401
50.273495,7.4699225,35550.625,1390.8798
50.274395,7.4727135,35375.13,1391.8945
50.2715,7.473603,35385.49,1393.1755
50.26722,7.4762273,35378.05,1393.7898
50.26684,7.4769883,35386.344,1395.566
50.26386,7.4781046,35396.363,1395.499
50.261044,7.478555,35331.47,1397.3115
50.26008,7.4744053,35245.504,1397.9438
50.255943,7.4855757,35811.223,1399.1674
50.256046,7.48047,35274.234,1399.7183
50.253796,7.4819727,35404.156,1400.9498
50.252758,7.4844112,35424.848,1401.8174
50.249714,7.4850373,35442.332,1402.7196
50.24559,7.4870634,35399.63,1403.5796
50.245476,7.487303,35396.395,1404.8639
50.243732,7.489143,35359.43,1405.8708
50.24119,7.4893646,35388.426,1406.264
50.24094,7.490296,35409.33,1407.8169
50.23726,7.492018,35427.152,1408.5948
50.234196,7.4936686,35406.523,1410.0791
50.2326,7.493581,35411.703,1410.8899
50.231102,7.4946356,35406.344,1411.1504
50.226868,7.4935656,35372.7,1413.0702
50.226364,7.4971867,35388.9,1413.1174
50.223705,7.498711,35455.293,1414.8553
50.221096,7.499513,35349.402,1415.555
50.21912,7.501606,35373.734,1416.4169
50.21815,7.503087,35413.926,1417.6415
50.215115,7.50308,35407.434,1417.9468
50.213806,7.500935,35479.277,1419.4329
50.214203,7.506234,35482.29,1419.9865
50.21066,7.5054374,35402.49,1421.2521
50.209415,7.5121646,35444.312,1422.5143
50.205135,7.50776,35423.055,1423.2201
50.203957,7.5072055,35438.793,1423.9336
50.200478,7.5100303,35416.1,1424.9609
50.199425,7.5110073,35425.9,1425.9559
50.198055,7.5139165,35464.96,1427.1411
50.19494,7.5128427,35429.402,1427.617
50.193344,7.516049,35474.84,1428.8402
50.189556,7.5154314,35452.242,1429.3901
50.189358,7.5194783,35460.84,1430.8079
50.18675,7.515434,35445.504,1432.2181
50.18435,7.516843,35495.184,1432.7103
50.18108,7.522284,35448.188,1434.0592
50.18105,7.524949,35471.715,1435.2296
50.179688,7.5228066,35492.67,1436.2878
50.175495,7.5235276,35451.46,1436.8324
50.17369,7.526188,35489.6,1437.9432
50.17099,7.5262566,35459.355,1438.965
50.169277,7.5274267,35475.19,1439.467
50.167778,7.5272307,35465.926,1441.0421
50.166744,7.53196,35396.254,1441.6086
50.162968,7.53128,35471.402,1442.6693
50.160843,7.52907,35476.23,1443.8611
50.159164,7.529064,35505.395,1444.3436
50.155514,7.5349555,35530.938,1446.3345
50.15544,7.5342226,35492.41,1446.4882
50.155342,7.535662,35486.383,1447.8541
50.149464,7.5347633,35507.855,1448.6208
50.14865,7.5374384,35527.54,1450.0955
50.142406,7.535864,35567.195,1450.3773
50.14386,7.5390286,35512.484,1450.8788
50.141655,7.5430365,35508.098,1452.4355
50.139355,7.541862,35528.49,1453.3823
50.138844,7.5411086,35529.87,1454.2797
50.136475,7.544871,35555.707,1455.7367
50.13403,7.542536,35564.723,1456.3185
50.131695,7.5442104,35525.145,1457.0643
50.129,7.5458775,35474.0,1458.2952
50.127754,7.544119,35394.64,1458.876
50.125942,7.550913,35404.902,1459.9117
50.124207,7.5520144,35476.668,1461.1038
50.119896,7.5511665,35526.297,1462.2178
50.121033,7.553388,35539.527,1462.7825
50.1171,7.5540133,35501.8,1463.6135
50.113014,7.5562296,35483.312,1465.3298
50.113285,7.556518,35486.34,1466.1648
50.108685,7.554849,35521.754,1467.012
50.106583,7.556291,35581.113,1467.9987
50.105755,7.5538034,35550.234,1469.2075
50.104538,7.5599847,35560.367,1470.4417
50.100933,7.5614505,35494.152,1471.315
50.10227,7.5560346,35534.945,1472.2635
50.098152,7.569117,35439.29,1472.541
50.095184,7.56365,35575.348,1473.6416
50.095478,7.5682473,35542.52,1474.8192
50.08985,7.554294,35553.098,1475.4446
50.08705,7.569618,35589.066,1477.6938
50.086567,7.569936,35556.055,1477.6407
50.085983,7.56965,35558.21,1478.6249
50.08145,7.5671906,35559.355,1479.3507
50.08096,7.5686436,35582.99,1480.7103
50.079334,7.574589,35472.027,1481.6587
50.07249,7.5735335,35728.812,1482.0802
50.074413,7.5724587,35539.137,1483.1334
50.071823,7.5729833,35562.637,1484.4031
50.07053,7.573598,35600.46,1485.349
50.06782,7.5765696,35567.477,1486.512
50.067127,7.5775743,35552.53,1487.3063
50.064484,7.5819864,35559.39,1489.0131
50.06375,7.578379,35564.5,1489.8618
50.061172,7.5833397,35564.055,1490.0757
50.055397,7.579688,35533.62,1491.0391
50.056873,7.5819745,35528.25,1492.6794
50.04948,7.588431,35722.137,1494.204
50.0504,7.5836043,35515.32,1493.6112
50.048775,7.5866523,35613.85,1494.9359
50.04852,7.5883574,35605.004,1496.0663
50.04595,7.590076,35485.777,1497.272
50.03913,7.5946302,36079.46,1498.2097
50.042706,7.5875883,35500.137,1499.425
50.0371,7.590437,35604.945,1500.5831
50.040184,7.588599,35696.35,1501.379
50.034748,7.5926895,35619.59,1501.3688
50.032345,7.5947595,35582.684,1502.7001
50.030235,7.5948977,35789.81,1504.2496
50.028637,7.5984983,35556.633,1505.1685
50.025764,7.599,35632.37,1505.39
50.02306,7.597346,35665.105,1506.8132
50.02031,7.59936,35648.707,1508.035
50.020164,7.600682,35678.195,1508.8354
50.013905,7.6026583,35614.562,1510.1079
50.014763,7.607187,35636.42,1510.1552
50.016796,7.603293,35644.668,1511.5836
50.008804,7.601669,35662.582,1512.756
50.01061,7.606078,35689.914,1513.5366
50.008423,7.606959,35704.508,1514.3167
50.004982,7.6059217,35676.97,1515.4929
50.00405,7.6106715,35674.637,1516.3315
50.00143,7.608796,35663.562,1517.8778
49.999626,7.6114388,35709.95,1518.038
49.997215,7.610956,35736.97,1519.513
49.9949,7.6143384,35730.23,1520.2361
49.991573,7.6144285,35742.71,1521.8716
49.988476,7.6153607,35755.45,1522.7667
49.986526,7.6167564,35731.67,1522.9583
49.98603,7.6141467,35739.55,1524.7164
49.982933,7.618881,35743.656,1525.3147
49.981087,7.6182327,35743.312,1526.0024
49.981236,7.621496,35720.953,1527.271
49.976498,7.6220694,35641.562,1527.9968
49.974854,7.624994,35954.855,1529.2382
49.9716,7.6239414,35816.934,1530.7474
49.969303,7.6236863,35674.15,1530.8597
49.96956,7.625685,35729.496,1532.4546
49.969196,7.6254425,35727.84,1533.1984
49.963192,7.627926,35695.24,1534.5604
49.962486,7.6294107,35853.754,1534.959
49.960686,7.632219,35740.082,1536.3683
49.957104,7.630094,35603.527,1536.9258
49.95275,7.6371584,36131.734,1538.5018
49.954586,7.6318097,35607.59,1538.7622
49.952778,7.633894,35729.625,1540.4985
49.949833,7.638194,35750.863,1540.8958
49.949547,7.6373415,35758.36,1541.1243
49.945587,7.637843,35825.734,1542.4563
49.940876,7.6379547,35775.32,1543.2021
49.940254,7.639174,35751.668,1543.9706
49.938877,7.6425753,35926.652,1545.8842
49.938038,7.641515,35721.46,1547.1011
49.934063,7.64203,35750.414,1547.2346
49.934536,7.641774,35693.203,1548.7394
49.9283,7.6463714,35901.746,1549.9501
49.928326,7.645823,35899.195,1550.815
49.928932,7.6480703,35746.64,1551.3927
49.92615,7.6480927,35771.285,1552.8755
49.924213,7.6484785,35814.387,1553.0266
49.921753,7.648214,35825.39,1554.2867
49.920284,7.6455483,35829.36,1555.208
49.917442,7.651984,35835.91,1556.4349
49.91398,7.653155,35821.965,1557.7661
49.91271,7.656196,35811.24,1558.0366
49.91089,7.6511636,35803.934,1559.3229
49.908554,7.65587,35786.49,1560.0182
49.906265,7.6556473,35773.09,1561.3442
49.904106,7.6555223,35736.977,1562.023
49.902473,7.6568146,35796.19,1563.641
49.897724,7.6568713,35837.03,1564.242
49.89771,7.6597457,35844.12,1564.9396
49.897503,7.6575193,35858.082,1566.3402
49.893555,7.659131,35873.47,1566.6516
49.890545,7.6582875,35872.84,1568.691
49.886234,7.6642756,35844.887,1568.8005
49.890682,7.667713,35845.81,1569.882
49.885082,7.669034,35859.902,1569.4132
49.884228,7.6663084,35820.426,1572.0828
49.881996,7.6719785,35742.37,1573.6537
49.875862,7.672418,36045.48,1574.0807
49.87775,7.667623,35673.184,1573.8693
49.87564,7.6732078,36036.69,1575.8678
49.87372,7.6737013,35734.082,1576.9258
49.869812,7.6742516,35840.14,1577.488
49.869484,7.6760073,35844.08,1578.1112
49.866558,7.676127,35820.316,1579.4282
49.863834,7.6775894,36053.05,1580.7875
49.862103,7.677457,35837.91,1581.5753
49.860268,7.6786733,35873.688,1582.0398
49.86112,7.680209,35908.25,1583.1873
49.856255,7.682489,35923.156,1584.373
49.854195,7.686035,35896.04,1586.0902
49.85295,7.681521,35900.914,1585.9883
49.85226,7.684274,35921.414,1587.1833
49.849815,7.6847816,35924.984,1588.5109
49.841084,7.6883545,35938.96,1589.2595
49.844166,7.690077,35917.4,1590.5452
49.842827,7.691154,35951.39,1591.5287
49.841038,7.690243,35931.83,1592.2985
49.836964,7.687023,35940.5,1593.2745
49.834023,7.691021,35924.2,1594.6024
49.829437,7.691917,35900.39,1595.1682
49.832073,7.6933103,35906.02,1595.8381
49.82979,7.6910214,35950.613,1597.1708
49.827045,7.695472,35938.37,1598.4126
49.825882,7.700416,35930.406,1598.8159
49.82381,7.697977,35956.094,1599.7474
49.81839,7.698383,35966.547,1600.5709
49.820618,7.697877,35915.375,1602.3011
49.81685,7.700289,35960.55,1602.8597
49.815083,7.702935,35875.2,1603.847
49.81283,7.7040505,36004.906,1604.9375
49.813732,7.7042627,35985.902,1606.0018
49.80912,7.703958,35916.664,1606.6084
49.805225,7.707134,35865.273,1607.9498
49.80108,7.710726,36260.11,1608.3616
49.80443,7.7113066,35868.31,1609.4227
49.79958,7.7071633,35931.023,1610.5756
49.797432,7.7083235,35954.08,1611.264
49.79499,7.7129087,35929.566,1612.6239
49.795467,7.7101817,35947.617,1613.6389
49.792995,7.7134748,35925.938,1614.9489
49.7885,7.712079,35886.7,1615.8167
49.785965,7.720801,36196.81,1616.9849
49.786865,7.7164464,35815.375,1617.2141
49.784748,7.718135,35919.477,1618.0219
49.782513,7.7167735,36014.09,1619.8722
49.778694,7.720711,35965.285,1620.5962
49.775547,7.7208595,35980.84,1621.6202
49.775555,7.7210884,36010.94,1622.5499
49.773647,7.7232146,35978.96,1623.3267
49.770973,7.7223773,35976.72,1624.5405
49.76912,7.727114,36021.46,1625.3186
49.765835,7.7256165,35954.457,1625.7045
49.764194,7.726538,35946.402,1627.1028
49.7627,7.728728,35888.32,1628.2847
49.75772,7.7293525,35972.125,1628.448
49.757824,7.731215,35907.055,1630.3491
49.756443,7.732807,36004.234,1631.3348
49.754185,7.7301326,35981.234,1631.971
49.7528,7.7333956,35984.58,1632.9186
49.75035,7.7359676,35975.11,1634.0112
49.750153,7.7353477,36018.875,1634.8818
49.74391,7.735197,35992.5,1635.9364
49.742302,7.7364545,35974.46,1637.3478
49.742374,7.7404213,36037.91,1637.6353
49.74143,7.7384167,35912.355,1639.0776
49.738003,7.7384815,35957.754,1640.0461
49.73468,7.742991,36119.81,1640.0155
49.73473,7.741704,35936.47,1641.6951
49.732002,7.74508,35957.668,1642.598
49.72905,7.74558,36039.94,1643.6959
49.728413,7.742772,35999.555,1644.4077
49.72571,7.7465835,36013.73,1645.3604
49.723293,7.744885,35994.74,1646.6458
49.721127,7.7495975,36071.785,1647.7562
49.718884,7.748539,35970.78,1648.3098
49.71674,7.7481303,36031.11,1649.3483
49.714844,7.752233,36021.57,1650.7299
49.714382,7.7533493,36028.547,1651.9418
49.71252,7.755866,36004.73,1652.5452
49.709225,7.7508755,36115.05,1652.8661
49.707436,7.754672,35960.133,1655.1107
49.70574,7.7584567,36042.035,1654.9282
49.705765,7.7581596,36031.88,1656.1216
49.69816,7.758288,36000.1,1657.1255
49.6981,7.7604957,36011.426,1658.0964
49.697075,7.759762,35950.355,1659.5603
49.693993,7.763762,36025.367,1660.009
49.692898,7.7627006,36082.434,1661.2732
49.689373,7.7655964,36118.145,1661.7427
49.68778,7.7673373,35892.67,1662.78
49.684116,7.769854,36038.664,1665.262
49.685715,7.7653937,36044.016,1665.117
49.67927,7.772076,36277.96,1666.2266
49.681747,7.7664003,35896.895,1666.6385
49.6765,7.767887,36186.43,1667.7067
49.67563,7.7703037,36062.11,1668.8591
49.672707,7.771223,36064.785,1669.8088
49.67319,7.7730336,36099.82,1670.9138
49.670376,7.7742233,36083.293,1671.5298
49.66808,7.7758126,36182.19,1672.3762
49.666718,7.7775497,36091.082,1673.7539
49.664555,7.778513,36097.203,1674.8231
49.66247,7.7768593,35988.496,1675.434
49.65546,7.7838483,36290.566,1677.2523
49.65732,7.7806134,35955.84,1677.3114
49.652805,7.785585,36218.73,1678.6597
49.65632,7.7814035,35876.293,1680.0321
49.648365,7.789505,36405.895,1680.6921
49.65228,7.7860675,35965.3,1681.7423
49.64855,7.7850904,36044.406,1682.4651
49.642735,7.7857637,36224.594,1683.2261
49.646294,7.7858624,36078.96,1684.0548
49.64344,7.7868114,36057.734,1685.5857
49.63786,7.787801,36084.113,1686.3489
49.641026,7.7890673,36053.285,1687.4756
49.634636,7.792561,36127.062,1687.8291
49.631874,7.7944846,36135.22,1689.3606
49.6326,7.7920914,36172.434,1689.502
49.629177,7.797474,35974.395,1691.0409
49.62512,7.7958536,36263.434,1692.2875
49.6289,7.7978086,36015.934,1693.2056
49.62142,7.798944,36289.402,1693.3232
49.621166,7.7975316,36087.527,1695.2399
49.61868,7.800875,36102.766,1696.1426
49.615536,7.802478,36133.68,1696.9033
49.612328,7.80165,36154.656,1697.7648
49.6108,7.8050575,36152.277,1699.0577
49.612835,7.807222,36116.55,1700.6804
49.607765,7.80839,36114.7,1700.7399
49.60619,7.805802,36188.832,1702.1796
49.605362,7.8054276,36109.742,1702.7474
49.603596,7.8094697,36131.254,1703.9001
49.599422,7.809954,36259.02,1704.3342
49.599834,7.811005,36115.3,1705.119
49.595932,7.8147893,36143.418,1706.7493
49.593285,7.812559,36033.188,1707.9377
49.586193,7.815133,36452.863,1708.0494
49.587845,7.8150425,36071.535,1710.3962
49.588406,7.8164067,36115.465,1710.1224
49.5828,7.8181386,36219.832,1711.6965
49.58146,7.815673,36230.586,1711.8479
49.578606,7.821091,36088.145,1713.6333
49.581413,7.820037,36123.77,1714.2328
49.576244,7.8217955,36151.453,1715.6489
49.572876,7.8222976,36280.918,1715.9736
49.57444,7.82384,35872.617,1717.4695
49.57226,7.8246875,36269.03,1718.1217
49.570984,7.8266077,36244.625,1718.5842
49.56879,7.8275914,36163.625,1720.0167
49.562912,7.8261466,36343.88,1720.8752
49.560738,7.828714,36113.21,1722.3778
49.559784,7.8280663,36140.15,1722.3177
49.557686,7.8294225,36352.906,1724.2019
49.560383,7.832901,36079.336,1723.8427
49.55251,7.833853,36329.12,1726.2875
49.548225,7.8342776,36121.27,1726.9176
49.547752,7.834282,36178.117,1727.6583
49.546776,7.837558,36243.8,1728.5793
49.546104,7.834025,36179.73,1729.6887
49.542446,7.843006,36368.707,1731.9418
49.53885,7.8465343,36143.957,1731.4647
49.538895,7.8385596,36130.746,1734.0282
49.534527,7.8434744,36264.59,1733.177
49.533653,7.841994,36338.633,1734.0464
49.535007,7.844621,36159.86,1735.603
49.5319,7.845265,36203.35,1736.7838
49.53075,7.843845,36168.574,1737.536
49.527657,7.8477683,36247.812,1738.8917
49.523853,7.8454185,36306.266,1739.0587
49.52426,7.8470035,36195.883,1740.5809
49.518433,7.848521,36282.527,1740.9941
49.518322,7.8519382,36158.3,1742.8855
49.516163,7.8503013,36231.082,1742.9666
49.510395,7.8564744,36347.023,1744.191
49.514,7.8533382,36177.33,1745.1116
49.51041,7.854694,36255.074,1745.9469
49.50883,7.8563876,36238.777,1747.2424
49.50635,7.856543,36209.184,1748.5574
49.50168,7.859247,36396.984,1749.0183
49.504303,7.8582873,36202.336,1750.0431
49.500397,7.8604717,36247.094,1750.8896
49.496853,7.8610816,36208.19,1752.1243
49.495323,7.859478,36343.324,1752.5212
49.490723,7.8656397,36359.12,1753.5624
49.49091,7.8641305,36298.965,1754.7101
49.4921,7.863553,36161.55,1755.8724
49.48173,7.868272,36549.49,1756.95
49.48628,7.8669114,36213.94,1757.9138
49.483624,7.8676214,36266.047,1759.0076
49.480423,7.8703904,36330.33,1759.5071
49.47963,7.870195,36291.12,1760.0762
49.477757,7.8712883,36289.16,1761.5763
49.47413,7.8757076,36279.926,1762.4209
49.47243,7.872773,36261.81,1762.8771
49.471462,7.8753147,36516.76,1764.1884
49.46918,7.8732886,36293.082,1765.5161
49.46532,7.876712,36349.22,1766.2764
49.463543,7.877408,36248.734,1767.0907
49.46681,7.8784294,36224.887,1768.1729
49.458275,7.882243,36435.926,1769.2003
49.45803,7.8776336,36399.52,1770.5243
49.457474,7.883953,36345.973,1771.2242
49.45283,7.8821445,36362.44,1772.8342
49.45138,7.883296,36362.086,1772.4833
49.449905,7.882722,36380.324,1774.1063
49.44921,7.885476,36408.94,1774.7001
49.441463,7.882782,36409.723,1775.6562
49.442223,7.888146,36415.03,1777.5927
49.441776,7.8933554,36349.613,1778.0013
49.43685,7.889706,36478.566,1778.4487
49.436417,7.8915896,36320.785,1779.6732
49.430656,7.892031,36593.195,1780.9607
49.43605,7.8913007,36366.895,1781.753
49.428932,7.894285,36418.344,1782.7878
49.42994,7.8965034,36383.367,1783.4496
49.42819,7.897977,36287.504,1784.4705
49.420902,7.8970246,36629.57,1786.1353
49.421238,7.8989344,36476.95,1786.919
49.420837,7.8984594,36325.777,1787.6062
49.41678,7.899698,36609.547,1788.1047
49.417023,7.8998723,36366.785,1789.3344
49.414085,7.8978615,36348.863,1790.1451
49.409157,7.9041386,36708.01,1791.5925
49.41015,7.904328,36352.14,1792.372
49.406372,7.901577,36429.77,1793.2964
49.403347,7.9041696,36484.402,1794.4944
49.404907,7.905846,36413.42,1795.3527
49.400856,7.904884,36387.54,1795.5636
49.397446,7.909983,36509.15,1797.4058
49.396763,7.9071174,36496.664,1798.0068
49.392883,7.9091907,36557.34,1798.8846
49.392735,7.911738,36357.805,1800.6641
49.389446,7.9135017,36534.047,1800.7876
49.38709,7.917871,36586.28,1803.1188
49.387787,7.9109488,36435.21,1803.7261
49.38313,7.9140167,36513.453,1803.5221
49.381813,7.9154058,36494.434,1804.9243
49.382084,7.9163375,36437.39,1805.4333
49.37505,7.9184866,36611.05,1806.9324
49.3748,7.917446,36593.61,1807.5219
49.372814,7.9216514,36460.883,1808.7363
49.370625,7.921774,36527.332,1809.5786
49.368397,7.9199266,36505.484,1811.0913
49.36628,7.9212317,36592.098,1811.0848
49.36375,7.921483,36585.76,1812.0874
49.36148,7.923138,36482.098,1813.4629
49.359806,7.925851,36619.953,1814.3551
49.357166,7.925869,36558.375,1815.3604
49.353954,7.928237,36684.25,1816.4312
49.35449,7.9282746,36416.18,1817.0762
49.351704,7.9281907,36556.266,1818.7134
49.348583,7.9277573,36658.906,1819.0908
49.34208,7.934554,36721.29,1820.8922
49.346947,7.9320207,36484.965,1821.2238
49.3436,7.933936,36546.23,1822.3666
49.341427,7.932942,36593.957,1822.6716
49.33861,7.933628,36609.66,1824.1152
49.337128,7.9350414,36593.57,1825.0188
49.334984,7.936143,36617.863,1825.8422
49.33237,7.9370604,36677.41,1826.7874
49.330036,7.937392,36558.7,1828.4521
49.328873,7.936968,36701.125,1828.2095
49.32605,7.9388013,36585.297,1829.9482
49.31983,7.9433794,36764.484,1831.8014
49.323467,7.9449854,36684.543,1832.2067
49.320084,7.9434686,36575.15,1833.0676
49.318844,7.940617,36611.367,1833.9584
49.31468,7.944606,36605.617,1835.3171
49.312313,7.9467607,36626.914,1835.3549
49.31208,7.9466414,36605.785,1836.8372
49.307125,7.9450364,36784.71,1837.0394
49.306778,7.9453993,36676.707,1839.3046
49.304848,7.9499125,36633.387,1839.6345
49.300465,7.9487176,36752.12,1839.8347
49.30137,7.9519215,36611.21,1842.174
49.296307,7.949741,36751.38,1842.3552
49.299606,7.951317,36657.406,1843.6979
49.29177,7.951285,36660.56,1843.8302
49.29483,7.955928,36677.355,1845.4532
49.28872,7.953036,36827.082,1847.0052
49.287907,7.952565,36655.43,1846.7833
49.283943,7.9549346,36766.805,1848.6597
49.28394,7.9605436,36693.69,1849.3452
49.284412,7.9581556,36604.836,1849.3162
49.275944,7.9611692,36947.695,1851.5256
49.27625,7.960653,36668.63,1852.1044
49.277622,7.958735,36788.742,1853.0702
49.27384,7.9620914,36674.93,1853.8698
49.26828,7.957113,36732.305,1854.2076
49.26863,7.9608555,36719.355,1856.5632
49.266624,7.965018,36746.203,1857.3129
49.26449,7.9652243,36749.812,1858.3875
49.260216,7.964485,36734.93,1858.6792
49.260136,7.966227,36774.99,1859.898
49.257114,7.9665074,36712.535,1861.4128
49.2535,7.9664965,36844.48,1861.5372
49.255764,7.969188,36748.016,1862.7263
49.254776,7.967548,36720.27,1863.9559
49.249702,7.973485,36723.637,1864.7156
49.24691,7.9693437,36763.875,1865.4595
49.247845,7.9708953,36743.312,1867.5602
49.24389,7.97283,36813.84,1867.7203
49.240803,7.972874,36747.91,1868.1825
49.241352,7.97338,36713.066,1869.7767
49.235043,7.9741583,36781.105,1869.8738
49.23298,7.9737105,36728.56,1871.7755
49.232117,7.9748616,36737.316,1872.324
49.22966,7.977446,36744.8,1873.2582
49.228584,7.97499,36785.28,1874.8807
49.223553,7.9778147,36723.215,1876.0455
49.226906,7.9806232,36710.375,1875.8921
49.220093,7.981311,36866.746,1877.0316
49.21679,7.981719,36809.68,1877.9761
49.21748,7.9821367,36749.016,1879.5997
49.21593,7.9802117,36803.758,1880.7959
49.21278,7.984365,36793.652,1881.3457
49.211082,7.9846716,36886.332,1881.2455
49.20951,7.9866076,36753.26,1883.1392
49.20434,7.9855623,36847.035,1884.1671
49.204723,7.983059,36884.5,1884.5934
49.20536,7.990076,36765.535,1885.7379
49.19927,7.989269,36855.56,1886.5776
49.19882,7.989657,36763.92,1888.6417
49.19714,7.9889145,36742.688,1888.7164
49.19176,7.9927726,36941.83,1889.9974
49.19358,7.9883027,36911.152,1890.7655
49.187958,7.9936943,36771.445,1892.6565
49.186527,7.9936786,36870.18,1892.6526
49.185448,7.9916434,36896.234,1893.4337
49.18349,7.9938073,36905.008,1894.5214
49.18085,7.9964323,36754.223,1896.2959
49.181057,7.9962463,36814.867,1896.4906
49.176117,7.99819,36892.867,1896.5017
49.173813,7.9977384,36912.7,1898.1965
49.17217,7.9981937,36848.367,1898.8944
49.16627,7.9993696,36931.96,1899.6866
49.16581,8.002892,36786.61,1902.4302
49.166378,8.0035715,36821.414,1902.3947
49.163357,8.004311,36970.637,1903.2769
49.161194,8.00361,36827.953,1904.36
49.15597,8.004497,36874.074,1905.4896
49.15778,8.005383,36852.64,1906.6174
49.154537,8.005327,36921.73,1906.8838
49.153446,8.007805,36780.363,1908.1857
49.1484,8.0094,36955.793,1910.2999
49.151237,8.008364,36811.34,1910.1439
49.143852,8.007866,36843.61,1911.639
49.14086,8.011526,36907.348,1912.8054
49.142338,8.009369,36815.67,1912.8801
49.142174,8.01189,36842.27,1913.9937
49.13829,8.011035,36925.918,1914.7855
49.131237,8.013462,37006.64,1916.394
49.132545,8.015804,36899.1,1916.9514
49.13217,8.015298,36849.37,1917.5001
49.129436,8.015529,36858.39,1918.8848
49.12154,8.018337,37026.38,1920.5287
49.122803,8.017746,36836.984,1920.7053
49.123528,8.017868,36850.992,1921.7474
49.119392,8.020192,36875.94,1922.2734
49.11845,8.017926,36874.277,1923.9143
49.114594,8.01914,36866.99,1925.0728
49.11125,8.021107,36954.7,1925.3875
49.11183,8.021014,36887.38,1926.3126
49.110237,8.024359,36905.03,1927.8876
49.107872,8.023171,36852.03,1929.0579
49.101727,8.025336,36970.652,1930.0436
49.10207,8.027227,36877.92,1930.516
49.102608,8.027394,36821.297,1931.2654
49.09812,8.026354,36858.934,1932.1355
49.093243,8.027956,36866.09,1933.8512
49.0898,8.031573,36972.887,1935.1691
49.09437,8.028721,36823.74,1935.6792
49.091522,8.029717,36875.082,1935.9617
49.085136,8.033113,36940.87,1938.281
49.08664,8.032656,36849.637,1938.3201
49.08329,8.03371,36876.008,1939.0892
49.084026,8.03297,36820.73,1939.919
49.079483,8.032445,36987.28,1941.552
49.078224,8.035319,36852.8,1942.443
49.073902,8.037773,36969.6,1943.2667
49.07372,8.037116,36925.85,1944.1381
49.07158,8.037877,36899.234,1945.4281
49.069096,8.037287,36890.105,1946.0947
49.06514,8.040832,37003.863,1947.6812
49.065056,8.039048,36875.723,1947.1863
49.061848,8.039673,36867.293,1949.0588
49.058937,8.040321,37033.92,1950.098
49.057255,8.041061,36873.57,1951.0251
49.05481,8.043867,36883.273,1951.7749
49.051327,8.045391,36961.53,1952.81
49.05197,8.045127,36880.055,1953.7056
49.04774,8.044454,36939.56,1954.7588
49.044952,8.047244,37023.91,1955.4254
49.043533,8.045111,36963.613,1956.0208
49.039726,8.047666,36891.223,1956.952
49.042576,8.050867,36914.504,1958.3071
49.040173,8.048509,36904.344,1959.7426
49.033268,8.050628,37078.414,1961.0988
49.033684,8.048376,36870.312,1961.5638
49.035088,8.051818,36886.207,1962.6631
49.030422,8.052039,36937.523,1962.5984
49.02784,8.05026,36941.555,1964.4218
49.02234,8.056498,37048.848,1966.0652
49.02522,8.055663,36816.207,1966.1158
49.022915,8.056212,36892.867,1967.1846
49.01639,8.0582285,36964.516,1968.2766
49.01814,8.057955,36930.992,1969.5535
49.014397,8.056226,36887.73,1970.0782
49.011272,8.05964,36985.344,1971.1418
49.010326,8.05982,36893.633,1971.7821
49.008385,8.061651,36928.19,1972.7516
49.00487,8.064079,36964.227,1974.005
49.00357,8.061827,36887.145,1975.3706
49.00131,8.061523,36973.047,1975.8989
48.998177,8.062683,36856.824,1977.488
48.998875,8.063841,36907.688,1978.0148
48.99473,8.06603,36950.3,1978.1654
48.99124,8.064818,36902.137,1980.1051
48.99332,8.068746,36916.97,1980.9873
48.98995,8.064382,36866.91,1981.4752
48.988235,8.067168,36864.246,1982.4034
48.97965,8.07259,37078.266,1984.5641
48.984795,8.069348,36844.43,1984.4867
48.979225,8.069353,36933.637,1985.5454
48.976784,8.074031,37033.305,1986.7441
48.976265,8.071582,36908.13,1987.6332
48.972363,8.07632,36921.68,1988.6014
48.971836,8.072986,36910.13,1989.5153
48.968513,8.072828,36847.97,1990.167
48.964542,8.078252,36979.26,1991.2676
48.963818,8.075165,36868.305,1993.2227
48.963444,8.0751295,36871.52,1993.5308
48.961872,8.074466,36865.54,1993.9587
48.954205,8.080893,36994.824,1995.8994
48.955772,8.080242,36982.33,1996.1716
48.95274,8.077072,36890.703,1997.0387
48.950825,8.082091,36922.934,1997.6514
48.94877,8.083071,36915.8,1998.378
48.952374,8.081036,36925.688,2000.1343
48.942,8.081035,36984.547,2000.9287
48.94311,8.083923,36930.35,2001.5674
48.941456,8.085728,36933.8,2002.9744
48.938522,8.08405,36948.465,2003.807
48.936836,8.087427,36921.324,2004.7081
48.935432,8.086901,36912.18,2005.5338
48.93306,8.086547,36913.547,2007.2008
48.928486,8.089795,37093.324,2007.889
48.927902,8.089216,36891.254,2008.1937
48.92756,8.089962,36891.707,2010.2169
48.92101,8.093388,36954.848,2010.8175
48.922646,8.088187,36910.027,2010.9943
48.919346,8.091541,36951.184,2011.6835
48.91835,8.091172,36866.395,2013.0273
48.91391,8.095038,37060.535,2015.1855
48.914078,8.094186,36854.363,2014.8247
48.910408,8.096486,36852.547,2016.0945
48.90982,8.096202,36882.77,2017.4916
48.906845,8.096173,36913.246,2018.7993
48.905582,8.095773,36919.11,2018.9806
48.90298,8.098471,36893.516,2020.0524
48.899837,8.09898,36988.434,2021.1796
48.89748,8.100413,36853.234,2022.1443
48.895725,8.101138,36963.996,2023.6628
48.89304,8.100156,36870.793,2023.5521
48.888523,8.103495,36941.87,2025.6199
48.88839,8.101659,36944.2,2026.3961
48.89003,8.102899,36942.184,2026.7698
48.88237,8.103391,36957.66,2028.4584
48.882427,8.1059675,36922.16,2028.8832
48.87977,8.105198,36896.656,2029.5054
48.878498,8.107708,36996.344,2030.5583
48.875614,8.105277,36922.145,2031.7838
48.875828,8.10564,36910.17,2032.3151
48.87457,8.105743,36881.836,2033.1906
48.867924,8.108199,36871.426,2035.2858
48.86896,8.109429,36886.19,2034.2158
48.86379,8.112933,37009.902,2037.602
48.864754,8.10754,36885.688,2038.9316
48.859562,8.112473,36898.266,2038.2725
48.858818,8.112026,36966.387,2038.9393
48.85921,8.113743,36916.453,2040.5897
48.855682,8.112514,36904.41,2040.7307
48.851837,8.114182,36969.75,2042.9205
48.85072,8.115776,36970.73,2042.6965
48.85082,8.116258,36900.02,2044.0176
48.847126,8.116335,36918.25,2045.2196
48.84461,8.115704,36905.664,2046.1985
48.842747,8.118472,36906.254,2047.2223
48.84075,8.116115,36906.312,2047.9989
48.838573,8.118053,36888.336,2049.0825
48.835037,8.118392,36890.58,2049.9675
48.832653,8.12054,36968.547,2050.8428
48.83244,8.120723,36882.03,2051.348
48.83079,8.118385,36859.4,2053.4653
48.824547,8.123492,36978.125,2054.1333
48.823406,8.125229,36983.945,2055.4568
48.825886,8.124043,36820.293,2055.4956
48.81817,8.122634,37016.934,2057.0908
48.81576,8.126747,36944.51,2058.428
48.8166,8.12367,36889.016,2059.706
48.815376,8.12459,36880.508,2060.0671
48.812763,8.129122,36939.543,2060.2725
48.807983,8.125424,36932.113,2061.1138
48.807434,8.128503,36903.906,2062.8293
48.8072,8.124725,36915.605,2063.7896
48.801807,8.131408,36907.27,2064.9678
48.8013,8.128809,36886.004,2065.4546
48.799595,8.132871,36864.316,2065.5483
48.797382,8.131415,36884.645,2067.2434
48.79109,8.134855,36904.0,2068.663
48.796085,8.1313925,36911.137,2069.1086
48.791706,8.132909,36899.332,2070.8994
48.78583,8.135258,36962.754,2070.7012
48.785603,8.137991,36900.79,2071.2866
48.78456,8.137253,36854.758,2073.3257
48.782173,8.137352,36853.184,2074.4338
48.779015,8.13683,36922.965,2074.4602
48.778835,8.136464,36870.113,2075.861
48.774956,8.137124,36877.285,2076.7092
48.77174,8.140735,36936.395,2078.9893
48.769012,8.140293,36895.7,2080.0596
48.769672,8.139471,36995.582,2081.1362
48.770382,8.141324,36805.402,2080.8467
48.764793,8.140664,36809.582,2081.1826
48.763874,8.14058,36831.566,2082.539
48.75795,8.141007,36848.605,2082.867
48.759464,8.140205,36855.973,2084.4434
48.75706,8.143271,36879.023,2085.5408
48.750896,8.144105,36875.844,2086.4683
48.74811,8.146315,36904.277,2088.6052
48.75013,8.146133,36900.48,2088.343
48.747356,8.145966,36850.004,2089.933
48.745186,8.14427,36940.465,2090.1624
48.742702,8.144784,36856.574,2091.6748
48.73987,8.146624,36903.793,2092.0708
48.73968,8.146146,36874.93,2092.2578
48.735435,8.148659,36943.758,2094.4565
48.736,8.14827,36846.754,2095.6482
48.73267,8.146832,36886.15,2096.108
48.733322,8.149655,36875.84,2096.611
48.72667,8.149889,36958.203,2098.1687
48.725235,8.152414,36856.965,2099.3162
48.71985,8.152173,36836.61,2100.3662
48.72006,8.152179,36827.004,2099.7466
48.72202,8.14969,36828.785,2102.1943
48.715763,8.152753,36813.523,2102.1487
48.71083,8.154373,36892.01,2103.936
48.7132,8.153023,36848.973,2104.9507
48.71057,8.156811,36847.387,2106.1157
48.70823,8.156814,36867.484,2106.8298
48.70633,8.156538,36860.363,2106.898
48.70285,8.155688,36909.55,2109.033
48.702065,8.158901,36875.21,2109.6545
48.700184,8.159509,36869.195,2110.716
48.69896,8.158485,36882.645,2110.7878
48.695255,8.157938,36954.56,2112.1853
48.69379,8.162043,36917.29,2113.9275
48.688168,8.161141,36872.945,2113.787
48.690067,8.158019,36872.19,2114.9963
48.689117,8.162193,36927.426,2116.6724
48.680862,8.162036,36897.42,2117.3206
48.682163,8.161968,36883.15,2118.5408
48.68142,8.163924,36856.85,2119.2595
48.67706,8.1609125,36890.027,2120.0535
48.676,8.162888,36880.824,2121.059
48.672215,8.162068,36855.355,2122.4219
48.672607,8.163264,36851.633,2122.8105
48.66854,8.163632,36876.277,2123.595
48.670433,8.168486,36864.297,2124.1462
48.663937,8.164051,36914.5,2126.2961
48.65783,8.166833,36865.96,2126.6885
48.66231,8.164551,36878.85,2127.0254
48.661385,8.166337,36903.273,2128.214
48.657715,8.165501,36849.66,2128.5325
48.652397,8.17289,36849.05,2130.6765
48.650936,8.16922,36782.72,2132.3474
48.64884,8.167432,36923.035,2133.153
48.65006,8.170297,36823.137,2133.5774
48.647686,8.1666,36809.805,2134.7993
48.637978,8.177754,36924.54,2135.731
48.643227,8.170846,36752.184,2135.417
48.638508,8.174398,36896.574,2139.8186
48.635635,8.170166,36844.902,2138.9644
48.634693,8.172902,36742.082,2138.3462
48.631577,8.17429,36941.484,2139.6504
48.62783,8.175727,36876.8,2140.6365
48.629246,8.174623,36807.28,2141.9192
48.628983,8.176581,36806.457,2143.4749
48.62252,8.171651,36840.65,2146.6165
48.620827,8.17542,36819.26,2145.0388
48.62219,8.174494,36847.477,2144.893
48.61554,8.177905,36837.05,2146.8862
48.61579,8.177237,36812.066,2147.4976
48.61627,8.175825,36808.453,2148.5044
48.61247,8.173855,36829.56,2150.278
48.60951,8.17604,36835.68,2150.7593
48.60815,8.178729,36873.27,2151.4155
48.60623,8.178438,36817.703,2152.503
48.602913,8.178851,36817.29,2154.1619
48.599377,8.1795845,36814.086,2154.4866
48.59712,8.180768,36781.95,2155.6445
48.594467,8.180308,36776.105,2157.4377
48.59131,8.184095,36854.89,2157.5808
48.5921,8.180353,36825.754,2158.4707
48.584995,8.180127,36800.36,2159.6167
48.58527,8.184276,36786.137,2160.3418
48.583813,8.184861,36771.105,2161.2034
48.586014,8.182425,36795.79,2162.1821
48.575577,8.182909,36826.457,2163.6748
48.5762,8.183774,36822.598,2164.3757
48.576553,8.18484,36763.86,2165.395
48.570126,8.184593,36728.445,2166.3057
48.572918,8.188146,36775.676,2167.1267
48.57042,8.184896,36727.426,2167.2063
48.56878,8.184438,36768.44,2168.6934
48.561047,8.1836,36743.2,2169.7695
48.564415,8.187253,36710.45,2171.5522
48.561436,8.18522,36699.23,2172.4277
48.559525,8.188977,36780.363,2173.6526
48.55937,8.19161,36738.383,2174.5293
48.55472,8.185138,36732.355,2175.3987
48.55188,8.188923,36706.95,2175.711
48.548874,8.191182,36680.395,2176.9443
48.546112,8.193224,36803.703,2179.1824
48.545193,8.190168,36694.332,2178.7356
48.54421,8.189733,36709.344,2180.042
48.539455,8.191978,36722.793,2181.3494
48.538795,8.191199,36671.254,2182.1697
48.53743,8.192497,36670.496,2182.5972
48.535458,8.192474,36666.555,2183.3784
48.53305,8.189836,36664.574,2184.6929
48.529686,8.193274,36649.09,2185.8525
48.527245,8.19377,36640.91,2186.5781
48.527176,8.195411,36628.176,2187.1865
48.523922,8.1942005,36674.156,2188.5356
48.52481,8.195201,36620.074,2189.6675
48.51884,8.195399,36630.69,2190.3623
48.51697,8.195065,36627.305,2192.0886
48.516014,8.194181,36623.527,2192.7295
48.513107,8.197115,36586.516,2193.5715
48.51058,8.196231,36610.01,2194.04
48.50803,8.196295,36590.32,2195.574
48.50716,8.199512,36548.64,2196.7969
48.504425,8.198693,36575.74,2197.3875
48.503204,8.1984825,36555.453,2198.2283
48.49765,8.20025,36656.34,2200.2622
48.499104,8.198182,36535.086,2200.1558
48.49695,8.200157,36534.49,2200.968
48.49364,8.20289,36499.38,2202.2412
48.492428,8.198943,36567.19,2202.9685
48.48947,8.200968,36524.387,2204.0835
48.488037,8.199539,36532.03,2204.9382
48.48387,8.203038,36506.11,2206.283
48.482445,8.200497,36563.703,2207.015
48.48052,8.202336,36465.824,2208.7324
48.47839,8.201241,36535.02,2208.9463
48.476234,8.205558,36483.832,2209.8027
48.474243,8.203892,36491.875,2210.8103
48.472195,8.203335,36434.38,2212.4023
48.469925,8.205578,36429.637,2212.6938
48.46686,8.2062645,36476.863,2214.9143
48.465656,8.204815,36414.125,2215.1262
48.461548,8.202927,36440.684,2216.001
48.461147,8.203963,36429.387,2216.8645
48.45911,8.204895,36417.26,2217.1528
48.457153,8.204996,36404.953,2219.3555
48.453728,8.2062235,36415.168,2220.1511
48.452488,8.205949,36436.75,2220.6243
48.44831,8.207851,36390.992,2222.1416
48.44888,8.207744,36373.637,2222.5361
48.448128,8.206874,36379.26,2223.123
48.44455,8.207056,36362.855,2225.0015
48.44334,8.2092905,36368.777,2226.4272
48.437992,8.210171,36327.465,2226.6758
48.433586,8.209068,36438.766,2228.839
48.43368,8.207744,36295.008,2228.8855
48.43465,8.208516,36310.883,2229.69
48.4303,8.2101,36306.242,2230.5378
48.42766,8.209773,36280.953,2231.4656
48.425835,8.211243,36268.55,2232.757
48.423428,8.210264,36217.555,2234.716
48.419327,8.211995,36359.023,2235.0505
48.422424,8.212002,36241.617,2234.9287
48.421246,8.212811,36236.875,2236.2366
48.415318,8.213247,36238.285,2237.7869
48.414314,8.209687,36236.93,2238.2065
48.411964,8.212874,36234.348,2239.5337
48.41158,8.213184,36223.27,2240.5903
48.403725,8.211784,36215.89,2241.646
48.40472,8.214006,36142.97,2241.9167
48.40294,8.214682,36157.586,2243.5088
48.400066,8.214308,36167.24,2244.4678
48.398056,8.216516,36159.766,2245.3892
48.396267,8.215075,36177.977,2246.169
48.39488,8.216111,36163.297,2247.0151
48.39218,8.217692,36175.562,2248.5752
48.38928,8.216134,36151.01,2249.484
48.38575,8.217639,36136.242,2250.1604
48.385086,8.215185,36127.426,2251.0933
48.385296,8.218191,36115.01,2252.7312
48.380962,8.218172,36113.45,2253.085
48.377647,8.216201,36099.75,2254.1423
48.377716,8.219306,36072.152,2255.2656
48.375095,8.219832,36035.586,2255.8765
48.370808,8.218008,36095.32,2256.951
48.369335,8.218765,36043.418,2258.3215
48.369026,8.220952,36032.95,2259.313
48.364372,8.220583,36014.402,2260.39
48.362335,8.219717,35987.89,2261.375
48.35928,8.223402,36113.125,2263.2705
48.359436,8.218487,35970.73,2263.5728
48.355095,8.221175,35954.67,2264.3228
48.35482,8.220881,35986.348,2264.443
48.35364,8.221879,35996.38,2266.3877
48.349697,8.225052,35980.88,2266.9028
48.346363,8.223062,35975.555,2267.797
48.347008,8.220309,35956.06,2269.2466
48.344093,8.223514,35906.508,2270.2134
48.34084,8.224605,35909.215,2269.8152
48.33955,8.224951,35983.156,2272.868
48.339283,8.222743,35912.832,2272.5486
48.33381,8.2243395,35887.688,2274.1455
48.333706,8.228222,35868.59,2274.7837
48.329693,8.226483,35914.04,2276.4216
48.329582,8.227885,35847.562,2277.4763
48.32423,8.227377,35868.36,2277.2825
48.32236,8.228212,35845.605,2277.9849
48.322975,8.226396,35841.93,2279.3323
48.319935,8.229231,35809.254,2280.9775
48.31755,8.226208,35830.727,2281.4426
48.316467,8.227701,35801.94,2281.791
48.314945,8.224898,35754.098,2284.3337
48.312054,8.230676,35838.727,2285.0105
48.308945,8.22946,35795.13,2286.3384
48.307377,8.228563,35767.58,2287.1858
48.303345,8.228952,35745.07,2288.3481
48.30279,8.228373,35755.094,2288.4414
48.303112,8.232021,35752.996,2289.3726
48.29734,8.228745,35744.035,2290.1716
48.295086,8.232551,35761.402,2291.7568
48.295456,8.23129,35728.5,2292.7683
48.291912,8.230165,35730.18,2293.5593
48.288628,8.233033,35714.633,2294.3994
48.286114,8.234471,35701.344,2295.6023
48.284943,8.234502,35697.824,2296.3452
48.282543,8.233404,35662.46,2297.7314
48.2799,8.232578,35634.61,2298.2974
48.275284,8.2375765,35846.637,2300.279
48.276646,8.233051,35603.164,2300.6528
48.27338,8.233832,35701.53,2300.5322
48.270546,8.235295,35616.21,2302.719
48.26869,8.237117,35595.76,2303.612
48.26769,8.236673,35603.414,2304.2295
48.265644,8.236903,35603.84,2305.9077
48.26375,8.238234,35625.727,2306.4873
48.2602,8.237325,35578.57,2307.0312
48.257412,8.237509,35629.027,2308.5056
48.25655,8.24126,35572.277,2309.6301
48.253067,8.237677,35542.652,2309.7454
48.251835,8.239884,35690.617,2312.196
48.2508,8.238785,35547.69,2312.6128
48.246857,8.240772,35548.793,2313.0945
48.2454,8.238943,35547.344,2313.94
48.24302,8.241583,35569.676,2315.2097
48.241405,8.239015,35549.203,2315.6433
48.2388,8.243258,35507.805,2316.7473
48.23657,8.240469,35528.863,2317.8037
48.235542,8.245428,35601.652,2319.1748
48.232655,8.242685,35461.1,2320.5767
48.229145,8.242536,35478.11,2321.2866
48.229862,8.245169,35477.87,2321.8252
48.229195,8.243322,35561.18,2323.0862
48.22386,8.246767,35467.766,2324.3618
48.21919,8.242379,35453.25,2324.3872
48.21803,8.244858,35447.098,2326.9438
48.21761,8.245743,35529.38,2327.031
48.215237,8.247373,35419.7,2328.1309
48.210552,8.244602,35468.3,2328.974
48.20714,8.250142,35489.8,2329.951
48.20892,8.245772,35417.508,2330.601
48.207756,8.250272,35447.082,2332.1853
48.204494,8.248028,35389.34,2332.7375
48.203133,8.250655,35414.31,2334.187
48.2024,8.248426,35402.016,2334.4268
48.19636,8.245495,35433.99,2335.7864
48.194405,8.247964,35434.16,2336.6094
48.1939,8.249411,35389.504,2337.3984
48.18899,8.25039,35381.035,2337.9766
48.189175,8.250276,35492.273,2339.8186
48.18564,8.252032,35374.297,2341.1467
48.18506,8.253148,35386.14,2341.0122
48.181232,8.253416,35379.957,2342.1511
48.178642,8.254334,35315.656,2343.8286
48.177906,8.25151,35393.73,2344.4724
48.178467,8.251256,35314.52,2345.0654
48.17236,8.253816,35476.89,2347.4817
48.171387,8.253234,35288.74,2347.7566
48.169247,8.253758,35381.492,2348.9155
48.166435,8.25525,35319.23,2349.4187
48.164692,8.25578,35302.992,2350.667
48.16037,8.258031,35446.203,2352.3806
48.16092,8.256161,35345.035,2352.3923
48.15836,8.256269,35302.816,2353.032
48.15661,8.256336,35323.297,2354.1084
48.15515,8.255039,35323.3,2356.09
48.150333,8.257913,35354.98,2356.1194
48.15002,8.256389,35286.09,2357.3445
48.148266,8.258887,35274.465,2358.3682
48.145386,8.258993,35300.574,2359.1116
48.142727,8.261406,35279.24,2360.09
48.14218,8.258268,35279.832,2361.3345
48.13706,8.25977,35273.625,2362.2383
48.135265,8.257268,35340.88,2362.4426
48.13459,8.262651,35218.92,2364.286
48.1324,8.260209,35378.832,2364.6592
48.13016,8.26275,35209.12,2366.2253
48.127804,8.264678,35337.22,2367.5962
48.12745,8.262823,35161.676,2367.9343
48.12281,8.263181,35291.066,2369.8303
48.1217,8.263182,35324.973,2370.755
48.118736,8.262882,35176.7,2370.9841
48.11721,8.2659025,35249.09,2372.3179
48.11675,8.265102,35245.867,2373.0315
48.11245,8.266536,35243.71,2374.346
48.11005,8.266769,35263.016,2375.2217
48.10983,8.267376,35187.676,2376.2817
48.10531,8.267513,35209.19,2376.915
48.10427,8.266805,35213.574,2378.2288
48.10211,8.26723,35160.098,2379.3032
48.100048,8.266849,35115.832,2379.6157
48.098156,8.267135,35375.633,2381.1917
48.09684,8.271954,35049.8,2381.842
48.096214,8.268174,35093.05,2383.1045
48.092163,8.268323,35209.344,2383.7434
48.08933,8.270935,35061.348,2384.4382
48.086563,8.269939,35322.68,2385.9587
48.08321,8.273443,35177.992,2386.692
48.08236,8.271186,35072.15,2387.8965
48.079823,8.271998,35199.473,2389.1245
48.079037,8.271401,35176.637,2390.4263
48.076015,8.273638,35030.098,2390.7476
48.072277,8.273954,35234.355,2392.2659
48.073967,8.272611,35057.645,2392.9993
48.069843,8.270573,35114.438,2393.3062
48.06702,8.272139,35079.707,2395.531
48.066357,8.275266,35211.156,2395.2742
48.06501,8.276113,35074.934,2396.0332
48.06163,8.275468,35078.145,2397.4377
48.060528,8.2758045,35077.19,2398.13
48.057808,8.277325,35090.84,2400.2163
48.05345,8.277089,35100.24,2400.9668
48.052578,8.280254,35061.668,2401.8945
48.050583,8.28118,35069.867,2403.1104
48.047558,8.278281,35220.883,2404.7788
48.045788,8.277176,35082.668,2404.0994
48.04391,8.277407,35022.027,2405.2515
48.0413,8.280524,35012.57,2406.313
48.040417,8.281653,34952.094,2406.77
48.037907,8.279658,35178.43,2408.7026
48.03646,8.280637,35272.117,2409.8958
48.03393,8.282854,34930.023,2410.4792
48.034485,8.280029,35034.066,2410.7942
48.031372,8.283569,35026.86,2412.4229
48.02858,8.281209,34998.51,2413.4814
48.026417,8.280791,35050.305,2413.9749
48.02318,8.283009,34997.125,2415.7432
48.020164,8.284211,34940.523,2416.0688
48.01962,8.28407,34912.047,2417.2537
48.0177,8.281499,35196.66,2417.3203
48.014725,8.285193,34869.26,2419.182
48.013206,8.2852545,34841.86,2419.7415
48.00927,8.284456,35375.71,2421.7568
48.010185,8.287611,34738.81,2421.7676
48.004974,8.285557,35419.117,2422.817
48.004738,8.290103,34819.5,2423.8457
48.00238,8.287231,34843.152,2424.7793
48.001686,8.288318,34960.086,2426.3848
47.996387,8.287898,35169.066,2427.754
47.995754,8.2916565,34933.766,2428.2842
47.99335,8.289414,34934.84,2429.2822
47.99186,8.290916,34866.39,2429.217
47.990368,8.291366,34919.098,2430.7349
47.98803,8.291107,34893.094,2432.0747
47.98538,8.289739,34918.12,2432.148
47.983807,8.291386,34977.01,2433.555
47.98289,8.292109,34872.14,2434.8853
47.978897,8.292443,34881.39,2435.568
47.978264,8.292193,34885.547,2436.6086
47.972168,8.295861,34903.152,2438.1848
47.97309,8.292189,35096.45,2438.147
47.972065,8.292601,35085.137,2439.356
47.96702,8.295397,34774.082,2440.725
47.967865,8.295907,34765.29,2440.8687
47.964504,8.293523,35002.88,2442.5679
47.96235,8.294359,35109.23,2443.514
47.96087,8.298555,34794.367,2443.7656
47.95889,8.297281,34831.19,2445.7024
47.95543,8.297531,34853.86,2445.7275
47.954395,8.297282,34842.566,2447.2122
47.95127,8.295595,34858.867,2448.8386
47.94957,8.298343,34849.26,2448.711
47.946587,8.300093,34816.07,2450.4805
47.945812,8.301629,34722.426,2450.8481
47.94175,8.297964,35069.547,2451.7983
47.94252,8.298299,34936.99,2452.8538
47.939278,8.301465,34832.117,2453.559
47.93874,8.30263,34747.223,2454.9993
47.935547,8.299393,34820.938,2454.903
47.93231,8.298214,34835.234,2457.769
47.929188,8.302,34787.805,2457.3123
47.928604,8.30437,34739.047,2458.6765
47.927837,8.299811,35183.66,2459.6113
47.921955,8.303582,34687.63,2460.0823
47.922073,8.306691,34765.508,2462.1287
47.921192,8.303133,34994.715,2462.6328
47.91703,8.308536,34733.785,2464.1663
47.916733,8.310625,34750.758,2464.5483
47.913376,8.304645,34829.934,2465.1138
47.911972,8.304997,34785.57,2466.3762
47.90994,8.306443,34767.023,2467.7236
47.90707,8.304638,34978.508,2468.7954
47.90618,8.307213,34688.85,2468.924
47.903965,8.309105,34744.184,2470.4536
47.90023,8.307856,34764.25,2471.7905
47.90014,8.307771,34804.117,2471.7466
47.89669,8.309305,34685.57,2473.8325
47.894672,8.309014,34840.715,2474.4307
47.892227,8.311563,34709.125,2474.8376
47.892017,8.309443,34717.94,2476.1414
47.889698,8.311027,34798.99,2477.1682
47.885014,8.312658,34659.27,2478.1084
47.883957,8.3071575,35093.715,2478.8293
47.883854,8.312735,34588.555,2479.5425
47.878853,8.313608,34669.883,2481.1338
47.876064,8.312119,34947.5,2482.2935
47.877064,8.313867,34655.242,2482.8262
47.87539,8.313971,34710.887,2483.6956
47.871384,8.316387,34600.04,2485.1836
47.870037,8.3126955,34988.54,2485.7327
47.867332,8.31231,34975.2,2486.2583
47.86615,8.314832,34532.58,2488.0398
47.863686,8.313805,34869.46,2488.3398
47.863636,8.318331,34617.234,2490.0627
47.862648,8.317795,34622.73,2490.1907
47.856995,8.3138075,35010.414,2491.8127
47.854248,8.317461,34733.69,2492.7317
47.85358,8.320771,34557.188,2493.201
47.85053,8.315755,34959.465,2494.5945
47.850967,8.318541,34531.887,2495.632
47.84762,8.316684,34773.816,2496.2957
47.846165,8.319112,34822.094,2497.459
47.84117,8.321293,34819.715,2500.745
47.841347,8.320117,34488.94,2499.3833
47.838806,8.319676,34622.08,2500.9163
47.83557,8.321165,34780.984,2502.8542
47.83282,8.322263,34595.023,2502.3513
47.83199,8.322288,34667.5,2504.148
47.8298,8.322635,34672.9,2505.088
47.827225,8.321649,34643.492,2505.2925
47.824364,8.323104,34637.13,2505.6877
47.822044,8.3238735,34772.61,2508.1235
47.822163,8.322375,34618.355,2508.6707
47.81985,8.323985,34561.887,2509.1208
47.8179,8.321965,34880.953,2510.826
47.81414,8.328017,34569.348,2511.0505
47.81257,8.324428,34614.785,2512.3467
47.811623,8.322107,34622.383,2513.5576
47.80879,8.32613,34622.73,2513.7986
47.80768,8.327475,34597.297,2514.724
47.80522,8.3272085,34630.746,2516.3696
47.802742,8.326097,34564.195,2516.6887
47.801746,8.32672,34456.164,2518.0613
47.793987,8.330682,34767.293,2520.4229
47.795547,8.32648,34701.39,2519.1265
47.79361,8.32765,34416.88,2521.07
47.78914,8.326776,34851.086,2522.698
47.789623,8.328234,34415.496,2523.4314
47.784393,8.328055,34914.043,2523.2527
47.78712,8.333752,34483.63,2525.169
47.784245,8.32781,34560.543,2525.3645
47.78049,8.325532,34564.066,2526.6824
47.77855,8.331011,34503.164,2527.6045
47.775703,8.329833,34823.266,2528.7903
47.7772,8.33298,34490.03,2529.3857
47.772186,8.331781,34514.96,2530.7986
47.76911,8.330864,34677.06,2531.9844
47.767353,8.332468,34541.273,2532.9436
47.765747,8.334417,34489.684,2534.141
47.761986,8.335795,34636.234,2534.5835
47.76071,8.332784,34767.05,2535.3875
47.759296,8.335344,34395.23,2536.929
47.757492,8.33303,34727.285,2537.5771
47.75501,8.333414,34819.445,2537.5867
47.75492,8.335318,34471.125,2539.5696
47.751003,8.335615,34543.547,2540.7266
47.746483,8.334414,34585.617,2541.4727
47.746258,8.336085,34531.77,2542.351
47.74521,8.33686,34454.645,2543.235
47.742596,8.335535,34864.215,2543.9038
47.73987,8.338068,34433.84,2545.3323
47.73729,8.336439,34511.777,2545.611
47.73621,8.338688,34516.953,2547.3914
47.735363,8.335978,34424.0,2548.6326
47.728413,8.340834,34835.16,2550.7715
47.729523,8.33769,34424.42,2550.3926
47.72822,8.338896,34472.457,2551.0737
47.725574,8.339826,34459.125,2552.5662
47.723637,8.339292,34831.453,2553.435
47.71996,8.34143,34389.043,2554.2268
47.720234,8.339123,34533.92,2554.797
47.71577,8.340381,34433.97,2556.2388
47.7107,8.339742,34856.242,2557.188
47.7138,8.341844,34311.31,2558.1409
47.7093,8.341063,34644.336,2558.4487
47.708622,8.343397,34571.676,2560.2405
47.706123,8.342141,34402.094,2560.8076
47.702477,8.343062,34485.1,2562.2678
47.700993,8.342484,34505.496,2563.4683
47.699455,8.342677,34497.527,2564.2727
47.69679,8.343904,34486.883,2564.9243
47.694164,8.341764,34453.176,2565.585
47.690937,8.343667,34608.637,2567.333
47.6906,8.345646,34524.965,2567.035
47.687283,8.346202,34339.62,2568.236
47.685387,8.344047,34736.957,2569.7808
47.68082,8.3463,34545.78,2570.3486
47.68189,8.346218,34532.184,2571.68
47.68044,8.346436,34361.566,2572.2283
47.677914,8.344765,34703.668,2572.835
47.675262,8.345608,34331.31,2575.0276
47.67063,8.347999,34614.465,2575.9294
47.673695,8.346731,34626.79,2576.6465
47.6685,8.34834,34352.97,2576.1985
47.66406,8.348766,34775.344,2579.762
47.663486,8.349559,34325.773,2578.606
47.660515,8.346463,34612.77,2579.9844
47.6596,8.351638,34516.297,2582.9126
47.65587,8.352536,34484.613,2581.1262
47.654663,8.345931,34404.668,2583.9502
47.65157,8.34724,34395.734,2584.2708
47.64775,8.351593,34722.88,2587.6626
47.648567,8.350092,34244.555,2586.1248
47.645508,8.347622,34716.86,2586.4934
47.647026,8.352696,34290.812,2588.2935
47.642403,8.344347,34376.004,2587.383
47.640087,8.34547,34712.438,2591.0303
47.63714,8.35258,34371.41,2590.159
47.636387,8.352408,34467.74,2591.7288
47.63522,8.3520355,34472.227,2592.2786
47.632137,8.350376,34542.707,2593.6304
47.62841,8.353162,34439.668,2595.4202
47.625885,8.352665,34448.02,2595.6768
47.624435,8.354114,34431.83,2596.3127
47.62268,8.352534,34528.25,2598.2056
47.619415,8.355304,34404.945,2598.7883
47.616856,8.353581,34457.766,2599.4104
47.61618,8.354601,34440.793,2600.3638
47.61323,8.3544035,34385.004,2601.4478
47.61141,8.356191,34623.613,2603.0107
47.61007,8.354113,34392.953,2603.5005
47.606968,8.355218,34418.805,2604.7063
47.605095,8.356336,34416.67,2605.343
47.601753,8.355983,34423.617,2606.1362
47.60163,8.35767,34414.895,2607.519
47.598442,8.354447,34362.332,2608.9888
47.594112,8.357714,34470.086,2609.6729
47.595535,8.356412,34666.965,2610.4707
47.59316,8.357649,34276.58,2611.611
47.58929,8.35617,34590.312,2612.3901
47.58731,8.358916,34373.254,2613.4802
47.5878,8.358285,34417.465,2613.8303
47.58444,8.358044,34435.355,2615.152
47.58054,8.358412,34436.46,2616.3293
47.579044,8.35802,34405.312,2617.207
47.576534,8.360179,34321.336,2618.213
47.575294,8.358204,34545.574,2619.042
47.573196,8.360176,34515.242,2620.3215
47.571587,8.360763,34315.82,2620.7937
47.569134,8.361356,34270.145,2621.3467
47.56727,8.360379,34521.066,2622.7212
47.56177,8.363444,34702.39,2623.953
47.56313,8.3622675,34247.38,2624.9602
47.559864,8.362866,34282.855,2626.165
47.556286,8.359772,34655.734,2626.7869
47.556282,8.362879,34328.01,2627.6104
47.553402,8.363515,34375.707,2628.4277
47.552505,8.363467,34385.86,2629.825
47.549015,8.362041,34413.26,2629.9868
47.547012,8.361981,34377.324,2631.8699
47.545414,8.363424,34265.81,2632.2554
47.541077,8.363593,34810.79,2634.5745
47.543186,8.364374,34154.887,2634.6777
47.53832,8.364397,34451.4,2634.8445
47.536503,8.36444,34388.816,2636.7324
47.534714,8.365429,34543.902,2636.6675
47.532623,8.364888,34268.348,2638.4753
47.53155,8.365251,34359.465,2638.429
47.528324,8.365136,34385.066,2639.9102
47.526024,8.365671,34376.51,2641.5605
47.524742,8.365832,34332.344,2642.3357
47.519905,8.367257,34391.344,2644.607
47.520702,8.367452,34499.258,2643.7183
47.519096,8.366449,34292.254,2645.9392
47.51587,8.36608,34342.938,2646.0884
47.51145,8.36848,34329.71,2646.957
47.510906,8.368476,34258.766,2648.1548
47.511524,8.36612,34535.027,2648.847
47.502888,8.3704405,34515.016,2651.32
47.507652,8.367225,34186.906,2651.2764
47.501713,8.367681,34387.57,2652.1165
47.500614,8.3697605,34285.484,2653.3591
47.497177,8.367565,34242.586,2653.9197
47.49383,8.370743,34545.586,2656.4204
47.494984,8.369821,34359.28,2655.673
47.49328,8.37035,34201.605,2657.3755
47.48755,8.372349,34476.293,2658.7422
47.491173,8.36771,34405.7,2658.072
47.485126,8.369353,34270.37,2660.656
47.483402,8.370584,34414.86,2660.0732
47.4822,8.371852,34279.367,2661.734
47.480846,8.370342,34224.9,2662.1072
47.476604,8.371556,34652.312,2664.449
47.474518,8.372522,34163.91,2664.438
47.476234,8.372648,34404.47,2665.5095
47.471294,8.372347,34268.496,2666.3105
47.46895,8.37274,34299.895,2667.6091
47.46555,8.372879,34388.684,2668.543
47.4654,8.374031,34302.36,2669.5833
47.46133,8.374691,34284.89,2671.2996
47.459305,8.371897,34402.62,2671.5122
47.458218,8.375029,34193.926,2672.757
47.45695,8.373296,34446.68,2673.6436
47.454876,8.374027,34437.617,2674.4265
47.451595,8.375223,34212.92,2674.7957
47.45151,8.374355,34291.14,2676.4653
47.44605,8.374605,34484.164,2678.7783
47.447506,8.373936,34288.715,2678.511
47.44324,8.376234,34276.227,2679.5923
47.441677,8.376688,34275.25,2680.7097
47.4402,8.375203,34275.207,2680.9407
47.437927,8.376479,34276.98,2682.1658
47.43465,8.375031,34289.344,2683.0942
47.434025,8.37548,34268.08,2684.478
47.429157,8.376155,34214.375,2685.4163
47.42802,8.377091,34424.52,2686.2766
47.42498,8.379225,34186.13,2687.6528
47.424095,8.376625,34219.414,2688.3867
47.42334,8.375903,34305.01,2689.1682
47.421352,8.378134,34239.695,2690.4233
47.41835,8.378776,34187.88,2691.1394
47.415398,8.377215,34421.586,2691.7676
47.41378,8.37901,34099.17,2693.5881
47.41073,8.380776,34429.75,2695.0837
47.409203,8.379542,34290.055,2695.796
47.409004,8.378287,34091.535,2695.8545
47.40665,8.378411,34335.684,2697.1667
47.404213,8.378328,34325.2,2698.181
47.401817,8.378939,34139.9,2698.6938
47.400055,8.380423,34168.664,2700.4397
47.397472,8.380858,34222.453,2701.5566
47.395565,8.380785,34299.38,2701.685
47.39481,8.382216,34019.06,2703.105
47.389088,8.383891,34298.1,2705.2139
47.38744,8.383011,34401.4,2705.833
47.388496,8.381769,34039.375,2706.1528
47.384895,8.381352,34153.53,2707.352
47.382683,8.38237,34152.82,2707.7732
47.380245,8.380717,34250.496,2709.1663
47.37852,8.383924,34180.555,2709.7922
47.37685,8.383571,34171.07,2710.8604
47.37354,8.384584,34152.742,2711.8396
47.37209,8.382117,34182.555,2712.972
47.37078,8.384271,34272.566,2713.9897
47.367577,8.385171,34122.25,2714.9421
47.36579,8.385433,34133.586,2715.061
47.363525,8.384485,34145.438,2717.528
47.361897,8.3844795,34109.855,2718.235
47.35964,8.384608,34219.387,2718.067
47.358974,8.3836155,34104.95,2719.6155
47.355095,8.386522,34124.273,2720.7354
47.354748,8.38364,34130.117,2721.216
47.35167,8.383727,34122.57,2722.3179
47.348545,8.384392,34112.65,2723.8994
47.346764,8.38713,34085.125,2723.901
47.34662,8.3858185,34025.305,2724.542
47.33972,8.387312,34301.46,2726.3752
47.340485,8.38805,33970.773,2727.6907
47.3391,8.386357,34100.848,2728.398
47.336926,8.388417,34022.22,2729.064
47.334484,8.38792,34246.08,2730.2678
47.332172,8.38981,33982.25,2731.7908
47.32986,8.387676,34022.2,2733.178
47.328175,8.389438,34038.754,2733.1936
47.325012,8.387374,33981.75,2734.8481
47.32349,8.388854,34160.766,2734.7534
47.31975,8.390302,33883.89,2736.8257
47.31895,8.387384,34125.234,2737.481
47.31684,8.390185,34128.79,2738.757
47.316578,8.389063,33968.395,2739.3594
47.313156,8.389685,33819.688,2739.881
47.309692,8.388927,33967.027,2741.092
47.308537,8.389119,34116.676,2742.4165
47.306503,8.389882,34007.01,2743.1934
47.304287,8.389008,33896.867,2744.6729
47.30329,8.390893,33950.395,2745.023
47.30012,8.389606,33966.12,2746.349
47.29909,8.391518,33928.863,2747.2415
47.295372,8.392494,33920.676,2748.3281
47.293415,8.39188,33906.01,2749.1787
47.29222,8.392828,33886.797,2750.2847
47.288876,8.392153,33975.418,2751.1768
47.28786,8.3931875,33854.867,2751.9263
47.285423,8.393617,33867.754,2753.074
47.282455,8.392929,33915.61,2753.9463
47.28027,8.39396,33935.54,2755.2212
47.278736,8.393403,33858.32,2756.287
47.27704,8.393551,33866.34,2757.3975
47.27515,8.392849,33844.137,2758.0173
47.27204,8.393708,33839.562,2759.082
47.269497,8.393199,33784.453,2760.1807
47.269028,8.392429,33907.305,2760.6968
47.266117,8.394247,33797.293,2761.7686
47.26401,8.394825,33769.71,2762.864
47.262142,8.39404,33797.98,2763.5403
47.259727,8.394195,33795.242,2765.2288
47.25692,8.397766,33795.05,2766.0269
47.254578,8.396231,33788.934,2766.8638
47.252342,8.39738,33721.46,2767.8083
47.252045,8.395213,33881.28,2769.0166
47.249203,8.39626,33705.1,2769.9128
47.246227,8.396051,33733.188,2771.0608
47.242855,8.398656,33715.832,2772.2234
47.243965,8.398848,33691.156,2771.9988
47.240463,8.397918,33726.24,2773.5198
47.239704,8.396339,33875.297,2774.172
47.23655,8.397353,33618.15,2775.7195
47.232533,8.397042,33676.355,2776.4985
47.2308,8.401635,33653.17,2778.156
47.22883,8.400138,33568.848,2777.69
47.22744,8.3962555,33837.793,2779.4841
47.22352,8.398816,33545.15,2780.7173
47.220947,8.3989,33603.027,2781.532
47.21928,8.399812,33604.434,2782.4695
47.218987,8.399729,33602.33,2783.0122
47.21564,8.398672,33557.562,2784.3857
47.21442,8.398425,33505.38,2785.3386
47.211147,8.398684,33744.26,2786.5012
47.20878,8.400122,33468.336,2787.1045
47.20855,8.401153,33416.273,2788.5247
47.20525,8.399779,33832.684,2787.7644
47.20481,8.402129,33426.23,2790.2844
47.201458,8.403652,33416.33,2791.614
47.197823,8.400087,33557.707,2791.4775
47.19791,8.40287,33549.914,2791.8555
47.19309,8.402313,33415.598,2794.113
47.192482,8.402159,33470.88,2794.939
47.190277,8.402565,33382.305,2795.818
47.188084,8.4018,33358.945,2797.018
47.186684,8.401083,33564.06,2797.6514
47.183796,8.404518,33281.26,2798.4092
47.180496,8.404461,33500.277,2800.6438
47.179806,8.403061,33258.75,2800.0916
47.174763,8.402598,33490.766,2803.127
47.1752,8.403034,33271.023,2802.172
47.172478,8.403499,33316.566,2803.8757
47.1702,8.403718,33317.855,2804.5872
47.169174,8.403968,33299.137,2805.3533
47.1666,8.404168,33224.49,2806.9392
47.165615,8.401911,33490.887,2807.2312
47.16217,8.40528,33198.527,2808.7002
47.158897,8.40468,33209.79,2809.1968
47.15791,8.4054985,33132.867,2810.6365
47.153767,8.405158,33511.957,2811.7095
47.153522,8.407593,33082.812,2812.6606
47.151394,8.405227,33224.383,2813.2244
47.149033,8.406482,33146.69,2814.283
47.146362,8.406841,33140.297,2815.1345
47.145443,8.405571,33161.016,2815.0464
47.144222,8.406473,33016.195,2817.1523
47.137604,8.407116,33375.5,2819.2585
47.139755,8.405753,32991.383,2819.09
47.1358,8.409035,33041.77,2819.555
47.1348,8.408009,32990.453,2820.9187
47.13346,8.404966,33284.67,2821.675
47.128483,8.41147,32873.97,2822.9468
47.127945,8.4081135,33104.992,2824.282
47.125828,8.406676,33169.31,2824.3757
47.124317,8.407761,32827.875,2825.883
47.119705,8.408843,33128.516,2827.6646
47.121212,8.41053,32791.348,2827.5342
47.117,8.408996,33058.89,2828.5945
47.11408,8.409519,32972.52,2829.5564
47.11364,8.409096,32910.65,2830.0486
47.109898,8.408811,32891.582,2830.8777
47.108276,8.406877,32937.76,2831.97
47.10515,8.410277,32943.984,2832.2117
47.10308,8.414209,32689.121,2834.7375
47.102077,8.408973,33027.875,2835.483
47.099743,8.411518,32673.902,2836.2407
47.09488,8.413564,32831.086,2838.5872
47.09681,8.409287,32837.863,2838.3367
47.094112,8.412512,32657.256,2839.4707
47.091183,8.412674,32821.613,2840.753
47.088116,8.411454,32620.387,2840.902
47.0852,8.412083,32786.008,2842.7078
47.082787,8.412232,32578.338,2843.449
47.08167,8.4112625,32784.918,2843.943
47.082592,8.413492,32596.658,2844.4856
47.07603,8.413283,32590.82,2846.4126
47.07435,8.413808,32575.965,2847.1257
47.07362,8.416407,32468.7,2847.9707
47.073265,8.411445,32770.93,2848.2214
47.066425,8.416535,32556.695,2850.1797
47.065884,8.414991,32493.398,2850.0166
47.063587,8.415043,32462.926,2851.2002
47.06389,8.416229,32488.79,2853.399
47.059452,8.411892,32454.71,2853.8367
47.058094,8.415418,32411.64,2855.8342
47.057625,8.415466,32628.113,2854.9897
47.052277,8.416856,32338.193,2856.2466
47.05144,8.417112,32372.926,2857.872
47.050915,8.416144,32351.188,2858.8933
47.047855,8.417067,32242.215,2859.5051
47.043636,8.419165,32556.807,2861.0056
47.043247,8.416899,32244.502,2861.325
47.0411,8.417139,32232.82,2862.4617
47.040012,8.419083,32183.785,2864.0618
47.036587,8.420615,32504.305,2864.6882
47.034485,8.418115,32153.146,2865.8757
47.032413,8.418942,32182.496,2866.2168
47.031837,8.420171,32144.533,2866.85
47.029438,8.419996,32031.986,2868.0051
47.024075,8.42001,32310.67,2869.7302
47.023785,8.419182,32182.973,2870.915
47.02341,8.418638,32148.879,2870.9858
47.020058,8.4201145,32014.693,2872.9143
47.01774,8.422474,31985.248,2873.709
47.016476,8.420178,32277.346,2873.403
47.013657,8.420062,31953.852,2875.294
47.011486,8.420973,31974.453,2876.2715
47.00922,8.423623,31964.373,2876.8076
47.006897,8.421606,31934.965,2878.636
47.00379,8.421443,31898.322,2879.432
47.00376,8.423306,31886.506,2880.2722
47.00079,8.423592,31835.219,2881.5232
46.999546,8.421477,31985.31,2882.003
46.997,8.424275,31783.217,2883.3042
46.994526,8.423276,31819.377,2883.4238
46.992496,8.424212,31807.098,2885.4302
46.99022,8.425663,31727.91,2885.628
46.988956,8.422859,31756.941,2886.9055
46.983574,8.425076,31903.03,2888.9617
46.9835,8.423673,31659.104,2889.1428
46.982796,8.423521,31673.324,2890.0637
46.979748,8.424745,31685.506,2891.063
46.97876,8.424547,31650.56,2892.096
46.976307,8.4254265,31608.238,2892.3643
46.974537,8.425219,31530.982,2893.9102
46.968163,8.428186,31760.88,2895.0864
46.968426,8.428882,31468.035,2896.049
46.968254,8.426045,31448.477,2896.4143
46.96241,8.428573,31697.48,2898.731
46.96394,8.427504,31322.025,2898.9548
46.96012,8.428797,31685.326,2899.7778
46.960464,8.428602,31344.602,2900.7007
46.95841,8.427271,31388.691,2901.3047
46.954594,8.428679,31403.285,2902.4446
46.95206,8.4276,31278.873,2903.6353
46.951786,8.428374,31426.238,2903.9866
46.949665,8.428173,31415.646,2905.2727
46.94551,8.430966,31244.191,2906.44
46.946407,8.430307,31250.754,2907.9436
46.942245,8.430953,31202.068,2908.1912
46.940414,8.430353,31340.17,2908.8005
46.938866,8.433947,31045.363,2910.151
46.93448,8.4339075,31521.932,2911.8442
46.93331,8.431398,31020.432,2912.3416
46.932697,8.431338,31089.648,2914.0498
46.930058,8.432545,31150.072,2913.0442
46.93024,8.4325905,31076.746,2914.547
46.924747,8.433435,31074.049,2917.0989
46.92102,8.431994,31119.277,2917.3853
46.92222,8.435361,31016.346,2918.284
46.919308,8.43562,30994.607,2918.986
46.915707,8.433542,30929.701,2920.4507
46.91586,8.432466,31160.414,2919.6384
46.913074,8.43319,30886.23,2922.1538
46.912,8.435962,30901.285,2923.2078
46.90966,8.434342,30883.654,2923.8857
46.907967,8.436726,30880.074,2924.8508
46.90361,8.433991,30857.482,2925.843
46.90259,8.435831,30845.912,2926.2524
46.900536,8.436548,30796.686,2927.3313
46.898243,8.436344,30761.719,2928.6797
46.895504,8.43757,30848.291,2929.3545
46.894737,8.437058,30668.055,2930.822
46.893753,8.437483,30559.037,2932.314
46.887165,8.4398985,31232.385,2933.7214
46.887867,8.439537,30510.096,2933.6653
46.88613,8.438226,30596.377,2934.617
46.884796,8.438491,30603.807,2936.0981
46.88223,8.439978,30587.543,2936.2832
46.879536,8.441426,30556.105,2937.0605
46.87739,8.438891,30526.13,2938.9214
46.876488,8.437922,30504.885,2938.8628
46.872974,8.439458,30479.27,2940.4033
46.871567,8.439377,30416.123,2941.5027
46.869133,8.442466,30598.188,2942.4402
46.865715,8.43867,30371.639,2943.8367
46.86355,8.441751,30370.98,2944.4182
46.8623,8.441419,30331.74,2945.2751
46.860733,8.441952,30470.05,2945.8562
46.859863,8.441153,30296.354,2947.2534
46.856647,8.441988,30252.09,2947.8154
46.855156,8.442093,30177.299,2949.1458
46.850925,8.44561,30511.914,2951.6375
46.850307,8.442604,30147.793,2950.8406
46.848278,8.442548,30173.537,2952.1992
46.8463,8.444788,30140.598,2952.001
46.84388,8.443123,30288.549,2953.009
46.841934,8.443242,30080.943,2955.2268
46.839066,8.444799,30058.715,2955.711
46.83636,8.445713,30138.447,2958.25
46.834274,8.44677,30027.672,2957.2288
46.83434,8.445888,29856.809,2958.8862
46.828094,8.448069,30424.947,2959.9487
46.830032,8.445067,29837.959,2962.816
46.82509,8.446698,29905.053,2962.1023
46.8245,8.444701,29903.46,2962.1426
46.825325,8.44926,29951.18,2963.8738
46.821854,8.441541,29849.72,2962.3157
46.818794,8.44517,29844.418,2966.0442
46.815155,8.445983,29870.621,2965.0613
46.81494,8.448292,29785.748,2968.1997
46.813477,8.446699,29767.12,2968.941
46.809776,8.446669,29690.39,2969.2424
46.80417,8.452705,29918.725,2971.0884
46.80564,8.44994,29649.95,2972.06
46.80368,8.451266,29638.777,2972.1333
46.800053,8.447298,29727.668,2971.5938
46.79874,8.450458,29590.254,2975.3623
46.797165,8.4504795,29587.355,2974.4167
46.79434,8.4522505,29536.344,2975.792
46.793205,8.448855,29681.729,2976.569
46.79015,8.451621,29462.191,2978.5369
46.788128,8.451226,29495.152,2979.2786
46.787346,8.449183,29489.805,2978.5
46.784782,8.452206,29466.611,2981.2751
46.782143,8.453184,29418.137,2981.9272
46.78023,8.454683,29370.19,2983.2402
46.77971,8.454352,29400.496,2984.0442
46.774357,8.454342,29375.758,2984.1199
46.772747,8.454009,29239.62,2986.0537
46.774117,8.453843,29202.664,2986.966
46.768463,8.45696,29398.299,2989.1587
46.76831,8.454684,29175.328,2988.5723
46.765884,8.454745,29183.697,2988.5686
46.763092,8.455929,29151.324,2991.252
46.760506,8.453358,29165.85,2991.3672
46.75837,8.4570465,29200.936,2992.7158
46.75869,8.455704,29055.035,2994.247
46.756016,8.454736,29051.443,2993.9763
46.753094,8.457077,29044.008,2995.3535
46.75033,8.457432,29001.066,2996.3376
46.74927,8.458061,28992.832,2997.295
46.747456,8.459575,28948.215,2998.4243
46.743717,8.457303,28931.318,2999.9514
46.741898,8.458345,28895.605,3000.6057
46.74005,8.457934,28831.467,3000.78
46.740597,8.458541,28832.383,3002.0447
46.73485,8.4629,28944.885,3003.5571
46.733982,8.457526,28822.45,3004.1907
46.733536,8.461663,28739.533,3005.4617
46.72798,8.459695,28813.027,3006.54
46.72723,8.460683,28720.348,3005.5613
46.726257,8.460809,28739.895,3007.811
46.72317,8.459273,28686.861,3008.7693
46.72153,8.462633,28644.475,3010.381
46.719376,8.461035,28551.865,3011.4524
46.716866,8.465234,28751.566,3012.3267
46.715614,8.460019,28459.61,3014.2952
46.714317,8.4606285,28477.93,3013.396
46.707794,8.470231,28690.81,3016.433
46.70978,8.46726,28431.004,3016.009
46.708233,8.464261,28420.816,3016.5684
46.70455,8.464287,28529.592,3017.8647
46.704227,8.464406,28400.314,3019.469
46.699734,8.463977,28409.217,3020.2273
46.697624,8.466592,28356.951,3019.5938
46.695465,8.466908,28375.521,3022.7395
46.69555,8.463954,28330.86,3023.2227
46.691383,8.464062,28314.03,3023.1917
46.687912,8.46806,28243.965,3025.0195
46.689407,8.468255,28216.248,3024.964
46.685623,8.46608,28164.945,3025.6472
46.68648,8.467161,28131.97,3027.4324
46.68151,8.466186,28095.375,3027.9248
46.680714,8.466431,28138.771,3029.6118
46.67847,8.467877,28003.947,3030.8123
46.67467,8.470758,28143.672,3031.941
46.675514,8.469325,27992.209,3032.1365
46.670025,8.469548,28002.287,3033.347
46.66864,8.468501,27968.773,3034.2537
46.666046,8.472411,27915.242,3034.9653
46.665543,8.471484,27886.35,3035.9973
46.663746,8.469041,27921.703,3036.3352
46.66014,8.4712515,27810.371,3038.0986
46.658325,8.473315,27816.727,3038.6348
46.659245,8.471295,27788.973,3040.0918
46.653816,8.472339,27856.535,3041.253
46.653004,8.4733,27780.463,3042.3381
46.652077,8.472692,27689.244,3042.6965
46.64826,8.473037,27688.92,3043.539
46.64681,8.474229,27657.88,3045.2473
46.644814,8.474766,27570.398,3046.1555
46.645046,8.474858,27608.953,3045.4902
46.641132,8.477419,27657.305,3047.602
46.64025,8.476627,27382.988,3049.9165
46.636684,8.477644,27640.855,3050.401
46.63554,8.475083,27384.666,3050.9768
46.631004,8.475068,27442.209,3051.9236
46.631035,8.477108,27407.145,3052.8528
46.63,8.476657,27383.238,3053.5918
46.624733,8.475767,27369.604,3055.4614
46.622658,8.477651,27332.049,3055.3335
46.623085,8.478523,27307.777,3055.8477
46.62141,8.476953,27268.242,3057.2673
46.618263,8.478372,27280.979,3058.391
46.616325,8.479493,27212.49,3059.5078
46.61424,8.477142,27168.287,3060.334
46.61221,8.479194,27191.137,3061.4524
46.609108,8.477356,27127.04,3062.1772
46.609795,8.47883,27116.467,3063.7737
46.603535,8.480987,27084.336,3065.3796
46.603176,8.47829,27068.104,3064.851
46.60214,8.481166,27048.902,3066.258
46.5996,8.480038,26989.4,3067.617
46.59995,8.47932,26953.457,3068.1082
46.594475,8.480347,26885.68,3069.8086
46.594875,8.480923,26898.432,3068.8499
46.592636,8.481182,26829.295,3071.6794
46.589504,8.480761,26818.922,3071.257
46.588562,8.481681,26766.018,3073.8113
46.58524,8.485274,26738.332,3074.9788
46.582783,8.48621,26714.303,3073.3384
46.58127,8.481241,26683.918,3076.807
46.578243,8.483723,26647.33,3077.7695
46.578335,8.481375,26627.344,3079.077
46.573242,8.485976,26593.393,3078.6687
46.57479,8.485979,26534.629,3080.09
46.5746,8.486282,26591.441,3081.6677
46.570873,8.47674,26547.87,3079.0437
46.570015,8.481339,26455.967,3085.5015
46.566463,8.4905,26429.494,3082.6646
46.567177,8.485238,26400.95,3082.6936
46.560696,8.489919,26447.463,3086.0327
46.56475,8.483564,26288.992,3086.2969
46.556633,8.487152,26439.885,3089.5134
46.55469,8.483733,26275.205,3088.7312
46.554077,8.4932785,26244.934,3090.6633
46.55313,8.490185,26224.049,3089.1274
46.55134,8.486038,26237.494,3093.3428
46.54681,8.486165,26118.182,3092.8232
46.54279,8.489109,26153.344,3093.834
46.545334,8.48885,26139.889,3094.2888
46.54292,8.488876,26040.424,3095.2107
46.540546,8.488763,26032.174,3095.3276
46.539722,8.489492,25987.574,3097.1443
46.53672,8.488294,25976.447,3098.5632
46.53431,8.489547,25947.275,3098.5762
46.53515,8.490813,25920.441,3100.6577
46.532005,8.488812,25871.74,3102.2427
46.529663,8.489853,25881.285,3101.5847
46.527832,8.490104,25790.754,3103.8638
46.527313,8.490364,25854.055,3104.3083
46.524193,8.493464,25718.096,3106.4011
46.521496,8.490402,25735.664,3106.4016
46.52124,8.488993,25674.709,3106.7173
46.517445,8.490438,25596.03,3108.2222
46.51619,8.494537,25606.143,3108.8442
46.515045,8.4917345,25650.53,3110.3616
46.51311,8.491564,25520.76,3110.3027
46.50983,8.492742,25523.09,3111.9053
46.50601,8.493144,25509.445,3113.3416
46.506214,8.493156,25436.387,3114.2803
46.504482,8.490135,25427.162,3115.4285
46.503277,8.492945,25380.465,3115.9905
46.5019,8.492709,25322.742,3117.1216
46.49727,8.497673,25441.68,3118.369
46.49833,8.492733,25235.176,3119.4133
46.495575,8.493884,25231.098,3119.748
46.49354,8.493224,25244.28,3120.265
46.491646,8.495322,25196.883,3121.1638
46.489807,8.493567,25167.203,3121.831
46.4867,8.49655,25125.258,3124.1306
46.48419,8.495688,25119.408,3124.2622
46.484154,8.494125,25069.559,3126.1477
46.481976,8.495518,25033.545,3126.8308
46.478966,8.495716,25005.996,3127.5186
46.478603,8.497408,24964.613,3128.664
46.476337,8.497205,24909.43,3128.6602
46.473564,8.495117,24902.848,3130.4517
46.47096,8.496425,24855.031,3131.3735
46.470867,8.494488,24838.014,3133.0525
46.468807,8.497265,24773.4,3133.4915
46.465508,8.499155,24895.715,3134.663
46.465473,8.498747,24700.125,3135.5913
46.4642,8.495113,24733.719,3136.0056
46.46082,8.49445,24663.613,3137.4639
46.45767,8.500488,24659.652,3137.7078
46.457176,8.500462,24662.102,3139.3635
46.45598,8.49631,24622.78,3141.0288
46.453762,8.496369,24586.594,3140.6338
46.450558,8.499716,24483.332,3142.2646
46.449047,8.498983,24553.537,3142.4683
46.44575,8.502015,24457.941,3144.4749
46.44557,8.501075,24470.508,3145.1843
46.443623,8.498485,24509.938,3146.298
46.44187,8.497597,24325.195,3148.1047
46.43901,8.501781,24350.162,3146.5464
46.43782,8.503033,24318.904,3149.723
46.43665,8.499175,24265.83,3149.3994
46.433815,8.496843,24187.492,3150.7126
46.432945,8.497892,24231.852,3150.8806
46.428417,8.4974165,24159.777,3153.6414
46.429035,8.503231,24114.574,3153.2205
46.427345,8.502556,24099.25,3155.3845
46.42405,8.503507,24238.982,3156.7847
46.4257,8.501011,24001.635,3156.6628
46.422718,8.500616,23982.488,3157.2605
46.418285,8.502764,23980.07,3158.2388
46.418743,8.498195,23940.879,3158.2424
46.41859,8.499352,23894.516,3160.0325
46.414303,8.500598,23863.994,3161.7852
46.41203,8.502451,23818.895,3162.38
46.410454,8.50331,23807.303,3162.82
46.40847,8.501389,23715.03,3163.8845
46.40423,8.505514,23787.098,3166.267
46.404774,8.503529,23680.453,3165.6814
46.40333,8.503067,23643.742,3168.3489
46.398983,8.505035,23637.096,3168.022
46.398182,8.502221,23618.963,3169.9365
46.398293,8.501228,23576.213,3169.201
46.394993,8.501002,23539.105,3171.0923
46.393845,8.503641,23507.52,3171.476
46.391064,8.5052595,23504.076,3173.5317
46.39105,8.502711,23427.293,3174.0767
46.387844,8.504856,23402.266,3175.849
46.385696,8.504628,23383.611,3176.1829
46.385685,8.503239,23402.762,3177.7112
46.382824,8.502681,23316.016,3177.1719
46.38106,8.504338,23262.613,3179.0356
46.378784,8.506757,23356.113,3180.691
46.377823,8.505209,23180.28,3181.3623
46.374912,8.504824,23182.41,3182.0615
46.374126,8.503459,23148.654,3182.7363
46.3716,8.503892,23115.23,3183.5332
46.369488,8.5035305,23094.96,3184.293
46.368645,8.504937,23068.416,3185.1882
46.365906,8.505801,23017.87,3185.8975
46.36367,8.504979,23029.977,3187.0986
46.3629,8.506285,22950.305,3188.756
46.35988,8.503235,22942.346,3189.4653
46.35811,8.504351,22922.15,3190.499
46.35761,8.503017,22898.996,3192.3096
46.353596,8.508738,22907.979,3192.5105
46.35208,8.506683,22807.658,3193.759
46.352818,8.505449,22791.742,3195.7432
46.350048,8.505941,22783.23,3195.6924
46.3465,8.50631,22728.865,3196.6792
46.346504,8.506397,22713.479,3197.41
46.34371,8.503978,22700.66,3197.233
46.343502,8.502236,22669.24,3198.8198
46.342274,8.505889,22647.041,3199.1868
46.337803,8.506582,22578.422,3201.3823
46.33845,8.505253,22612.223,3200.6692
46.335682,8.505981,22494.166,3203.4995
46.333744,8.505089,22469.633,3203.5854
46.32885,8.507693,22565.87,3206.5955
46.328976,8.507159,22406.424,3206.162
46.328472,8.506923,22423.115,3206.5896
46.325714,8.506314,22362.186,3208.668
46.323235,8.5044365,22357.1,3207.8071
46.32076,8.505265,22326.36,3210.2148
46.321957,8.504965,22333.93,3211.191
46.316597,8.507909,22339.723,3212.0464
46.319256,8.506772,22275.014,3213.3657
46.31656,8.508251,22297.229,3213.4722
46.313206,8.504387,22178.54,3215.824
46.31212,8.507334,22176.19,3216.0828
46.309055,8.510673,22064.102,3217.7869
46.310505,8.504769,22090.398,3217.4492
46.30502,8.50845,22056.15,3218.3738
46.303104,8.504093,22009.463,3220.6804
46.30257,8.508009,22024.975,3220.77
46.301807,8.505635,21966.428,3221.8547
46.298664,8.506096,21975.6,3222.4692
46.29644,8.505918,21929.86,3223.5376
46.29613,8.507532,21895.271,3224.7852
46.294876,8.50769,21899.941,3225.7002
46.29298,8.507859,21855.883,3226.9287
46.291843,8.506779,21747.732,3227.7117
46.28732,8.507466,21782.91,3229.2136
46.286377,8.5054245,21747.773,3229.4072
46.28462,8.508883,21731.918,3231.1206
46.281677,8.504606,21627.557,3231.8723
46.281628,8.506776,21713.396,3233.7673
46.27897,8.504026,21592.547,3234.343
46.27624,8.504335,21596.17,3234.5317
46.27422,8.505708,21562.57,3236.7085
46.27522,8.5072,21534.21,3236.3806
46.27428,8.504513,21494.459,3237.8833
46.269108,8.510125,21558.666,3239.2024
46.269936,8.5052,21441.08,3239.4495
46.265633,8.5064745,21458.264,3240.9287
46.264828,8.505925,21434.285,3241.132
46.26306,8.5058155,21401.625,3242.6638
46.263626,8.506843,21404.217,3243.202
46.260143,8.505336,21343.443,3244.263
46.25818,8.508485,21346.723,3246.5186
46.25794,8.506043,21279.334,3246.3723
46.254784,8.5069685,21273.32,3247.2988
46.254097,8.507067,21278.182,3247.6294
46.25125,8.507767,21248.262,3249.7253
46.25097,8.508867,21213.256,3250.176
46.2494,8.508099,21198.63,3250.755
46.246933,8.504601,21147.416,3252.533
46.244095,8.513326,21171.947,3253.9375
46.244358,8.505148,21095.986,3254.4036
46.2411,8.508253,21089.525,3255.4182
46.240086,8.510808,21071.906,3256.4788
46.23969,8.507805,21054.89,3256.6453
46.237343,8.506403,21013.67,3258.8079
46.233612,8.508227,20974.596,3258.933
46.23488,8.508649,20958.197,3260.826
46.230965,8.50993,20952.77,3261.0903
46.231876,8.505437,20893.842,3261.4873
46.22921,8.507897,20851.531,3264.4358
46.226185,8.510168,20824.021,3263.3618
46.22602,8.508855,20800.008,3264.6523
46.22267,8.510662,20760.645,3264.6423
46.223427,8.507437,20801.38,3266.6768
46.219486,8.50819,20807.447,3268.0625
46.21542,8.508888,20741.45,3268.978
46.21665,8.511794,20669.74,3272.8667
46.213318,8.516351,20666.516,3270.4902
46.213078,8.506283,20632.938,3272.6548
46.208786,8.509292,20581.658,3275.3557
46.20931,8.506695,20592.16,3274.0857
46.20778,8.5101795,20543.021,3275.5334
46.20679,8.508857,20549.13,3274.277
46.208233,8.510765,20490.938,3277.4353
46.20505,8.50085,20512.0,3275.5137
46.20007,8.505831,20474.38,3280.711
46.19912,8.513137,20477.596,3276.899
46.20078,8.512778,20521.041,3280.6636
46.199024,8.511022,20442.152,3282.6128
46.1941,8.511377,20408.557,3281.7073
46.193382,8.510785,20435.588,3284.332
46.1932,8.512702,20364.959,3285.051
46.190323,8.510363,20335.336,3285.886
46.18625,8.51639,20321.295,3285.5803
46.18662,8.510649,20280.527,3289.4712
46.184174,8.510479,20287.398,3288.0305
46.183567,8.513701,20271.877,3289.562
46.180515,8.51158,20236.969,3289.577
46.18045,8.513526,20234.56,3292.3884
46.180702,8.513988,20156.143,3292.3718
46.175888,8.513486,20159.363,3293.924
46.17562,8.513273,20106.285,3294.6438
46.17198,8.511583,20118.291,3293.4124
46.17182,8.513695,20119.293,3295.9705
46.168663,8.515363,20080.902,3298.8962
46.167408,8.513386,20064.287,3298.613
46.16717,8.513548,20039.48,3297.494
46.166733,8.515341,19992.225,3301.9497
46.16422,8.515091,20018.367,3300.4146
46.16277,8.516346,19988.27,3301.6404
46.16066,8.515772,19966.715,3303.0764
46.157482,8.516219,19941.281,3303.5522
46.157845,8.51518,19920.434,3306.1033
46.15551,8.516868,19882.346,3305.68
46.152843,8.520928,19874.54,3307.4114
46.153454,8.516611,19831.496,3307.7935
46.15055,8.521104,19825.16,3309.3787
46.149494,8.516608,19822.934,3309.6406
46.147602,8.517365,19802.914,3310.664
46.14466,8.522413,19771.87,3312.0278
46.144375,8.5187235,19725.67,3312.4583
46.14269,8.520252,19707.975,3313.5835
46.141533,8.520735,19690.508,3314.6726
46.13989,8.519728,19673.555,3315.8967
46.139523,8.520973,19667.674,3316.6326
46.135895,8.521005,19620.336,3317.4465
46.134262,8.521863,19592.996,3319.2148
46.134228,8.521343,19596.143,3319.2832
46.132164,8.522998,19556.467,3323.1768
46.12991,8.527379,19494.86,3322.86
46.128666,8.520136,19479.387,3322.0269
46.129025,8.524626,19496.924,3323.0562
46.12378,8.523166,19482.812,3323.96
46.124397,8.523721,19479.434,3325.501
46.123795,8.525402,19434.434,3325.6199
46.120323,8.525027,19410.014,3327.3809
46.11923,8.525357,19431.682,3327.2507
46.118347,8.524476,19370.734,3328.5361
46.116684,8.525902,19338.814,3331.055
46.113884,8.524577,19352.72,3330.5752
46.112675,8.529206,19273.035,3332.0374
46.11253,8.526406,19312.822,3333.297
46.11235,8.524008,19281.697,3333.2737
46.10873,8.527676,19199.73,3336.0862
46.10561,8.529456,19196.414,3334.1133
46.107647,8.528867,19191.25,3337.4429
46.10538,8.529327,19177.68,3339.708
46.10008,8.528781,19177.912,3338.86
46.09973,8.533836,19144.926,3342.2625
46.098877,8.53632,19122.033,3339.3555
46.096695,8.531059,19108.904,3344.5051
46.09745,8.528483,19079.629,3341.8154
46.092594,8.533786,19002.99,3344.3796
46.09386,8.532066,18999.473,3344.2378
46.09238,8.530886,18988.684,3345.3105
46.091778,8.531531,18938.488,3347.6794
46.089333,8.531318,18909.047,3347.3438
46.086746,8.533681,18943.385,3346.9163
46.086533,8.532626,18933.39,3349.5183
46.084133,8.531766,18894.793,3349.6824
46.082767,8.533841,18824.799,3349.6978
46.08212,8.533524,18847.605,3352.3523
46.08136,8.53516,18818.432,3351.8372
46.079185,8.535237,18776.975,3353.6213
46.076946,8.536549,18780.05,3355.5906
46.076004,8.533911,18777.479,3355.7588
46.074356,8.53882,18737.98,3356.6553
46.072147,8.536228,18738.8,3358.3582
46.070995,8.539714,18711.736,3358.6763
46.070663,8.538903,18668.482,3360.2988
46.067333,8.537377,18644.715,3361.0776
46.066574,8.539221,18619.316,3362.4343
46.064198,8.538729,18604.902,3362.3052
46.063923,8.538979,18584.49,3364.677
46.063152,8.540571,18555.234,3365.6028
46.05923,8.540921,18520.076,3366.1736
46.05945,8.540548,18560.559,3367.5757
46.05731,8.540784,18559.783,3367.3096
46.054913,8.542495,18524.14,3368.9329
46.05539,8.544363,18488.977,3369.3655
46.053207,8.542486,18419.67,3370.9355
46.051052,8.54218,18419.469,3371.3147
46.049614,8.5463085,18330.605,3373.9685
46.04961,8.543188,18359.01,3372.981
46.047455,8.5429125,18339.121,3375.2007
46.044594,8.548622,18300.12,3376.0073
46.042694,8.549886,18235.414,3377.8423
46.04304,8.546858,18284.506,3377.778
46.041527,8.548051,18249.424,3377.9634
46.040512,8.549862,18210.164,3380.07
46.038666,8.549101,18191.213,3381.75
46.037636,8.549418,18172.19,3380.8127
46.035423,8.549304,18153.05,3383.088
46.033413,8.551686,18141.77,3383.7375
46.0336,8.551384,18098.207,3384.7148
46.03046,8.550991,18083.02,3385.533
46.030365,8.554236,18050.08,3387.0654
46.027493,8.553742,18061.998,3387.8843
46.0264,8.555298,18029.818,3389.1973
46.02592,8.55191,17992.062,3388.9338
46.023083,8.55576,17983.115,3390.9622
46.021973,8.556622,17953.479,3392.1628
46.021145,8.557076,17926.143,3392.1724
46.020676,8.557388,17926.986,3392.7458
46.019726,8.555687,17893.154,3394.6023
46.01774,8.554671,17871.748,3394.687
46.01453,8.558226,17869.605,3395.8616
46.012012,8.563784,17810.713,3398.8381
46.013577,8.559277,17847.541,3398.3586
46.011124,8.558882,17806.59,3400.5051
46.00802,8.562311,17783.035,3400.1292
46.00913,8.565233,17762.426,3401.8098
46.006065,8.562337,17741.795,3402.169
46.006268,8.564353,17665.477,3403.6562
46.003456,8.565719,17650.477,3404.6301
46.004707,8.565802,17617.31,3405.885
46.000916,8.567043,17595.414,3406.2202
45.999725,8.566516,17592.627,3407.2466
45.99649,8.56884,17560.947,3407.8877
45.99698,8.5685625,17548.312,3410.1064
45.99431,8.569305,17490.387,3411.0264
45.99205,8.571376,17517.623,3411.4753
45.992325,8.57154,17494.146,3412.0022
45.989487,8.572831,17388.408,3414.3196
45.989697,8.571998,17428.178,3415.507
45.987938,8.574077,17418.13,3414.5112
45.987747,8.576018,17286.65,3416.9575
45.983227,8.5750675,17367.996,3417.6108
45.982414,8.576752,17342.264,3419.1477
45.983006,8.5795,17255.42,3420.097
45.9799,8.5786,17250.441,3419.5166
45.978348,8.578103,17218.045,3422.3496
45.976715,8.581091,17164.57,3423.6785
45.976326,8.582838,17137.514,3423.3594
45.976227,8.582554,17178.94,3424.0376
45.970985,8.583281,17074.324,3426.7747
45.971134,8.581867,17126.523,3426.555
45.970585,8.584074,17095.092,3428.2356
45.968796,8.583546,17042.23,3428.925
45.96725,8.584797,17081.8,3429.5068
45.96583,8.587122,17046.49,3431.2234
45.964016,8.588626,17019.525,3431.636
45.963932,8.589201,16972.45,3432.3313
45.962048,8.588695,16930.22,3433.4866
45.959522,8.591299,16880.453,3435.1838
45.959328,8.591263,16899.186,3435.725
45.957504,8.592007,16867.504,3435.5496
45.956345,8.593404,16832.336,3437.812
45.95526,8.593307,16823.082,3438.0896
45.952747,8.596887,16727.395,3440.627
45.952938,8.595942,16772.205,3440.302
45.950924,8.5970955,16740.877,3441.5032
45.950016,8.596952,16716.85,3442.0051
45.94672,8.600377,16615.396,3444.72
45.946983,8.599542,16645.738,3444.6396
45.944633,8.601277,16601.662,3446.0906
45.94245,8.60291,16573.756,3447.4558
45.941353,8.603965,16579.318,3448.2913
45.94014,8.605294,16514.934,3449.76
45.94049,8.603849,16564.953,3448.948
45.9385,8.605832,16545.896,3449.5957
45.936325,8.607438,16476.992,3452.1658
45.935287,8.607702,16513.717,3452.145
45.9339,8.60786,16486.748,3453.237
45.933727,8.6102705,16453.574,3453.49
45.931675,8.611238,16416.49,3455.6553
45.929703,8.610147,16416.537,3455.9043
45.928318,8.613868,16394.82,3457.158
45.927395,8.613911,16385.164,3457.392
45.925026,8.614804,16332.339,3459.793
45.924835,8.614824,16341.192,3461.0972
45.92285,8.618321,16255.709,3461.6748
45.92138,8.619334,16227.035,3463.5752
45.91998,8.61863,16225.992,3465.5286
45.916965,8.620382,16173.546,3464.3574
45.917686,8.620223,16223.075,3464.62
45.917927,8.622313,16162.281,3465.8096
45.9146,8.619601,16173.268,3465.045
45.91313,8.620642,16166.342,3469.402
45.911167,8.625337,16160.083,3467.589
45.910393,8.62686,16164.541,3470.3804
45.91004,8.626991,16092.229,3472.0024
45.908306,8.627345,16076.109,3471.6484
45.906467,8.629141,16049.482,3473.102
45.905525,8.629951,16035.533,3473.8875
45.90281,8.634824,15947.288,3475.6191
45.901917,8.631954,16004.782,3475.0132
45.901264,8.634863,15956.608,3476.6143
45.900455,8.634368,15967.608,3478.2905
45.89939,8.633965,15928.177,3479.1333
45.89717,8.636401,15889.924,3479.419
45.894855,8.637524,15872.146,3480.7188
45.89495,8.637551,15865.55,3481.0337
45.89174,8.639497,15765.818,3483.0664
45.892365,8.640434,15768.876,3484.01
45.889244,8.642211,15725.262,3485.4744
45.88961,8.644076,15744.188,3485.7131
45.88802,8.645284,15724.905,3486.595
45.885994,8.645819,15682.395,3486.8906
45.885883,8.64739,15674.822,3488.1018
45.883553,8.647286,15645.573,3489.3875
45.88223,8.649123,15649.404,3490.6057
45.880745,8.649992,15640.409,3492.137
45.880165,8.652112,15619.081,3491.631
45.878853,8.652136,15587.993,3494.4197
45.8753,8.654786,15543.931,3494.917
45.87586,8.653898,15555.788,3494.8562
45.874157,8.656759,15523.218,3497.8157
45.872498,8.656332,15533.736,3496.9355
45.871815,8.659284,15488.547,3499.0852
45.870472,8.659357,15431.563,3499.4253
45.868336,8.659942,15425.243,3500.3496
45.868446,8.661912,15397.293,3501.883
45.86642,8.6622505,15377.909,3502.5513
45.86461,8.663101,15348.608,3503.5554
45.863457,8.664525,15339.62,3504.1204
45.862247,8.667078,15295.047,3505.893
45.860332,8.668425,15300.132,3508.4067
45.85899,8.66995,15223.213,3507.8145
45.857883,8.669387,15273.099,3509.873
45.85709,8.670088,15237.289,3509.9033
45.855694,8.672436,15217.634,3510.2803
45.854618,8.672738,15198.487,3512.182
45.853176,8.674523,15171.992,3512.677
45.85184,8.6767,15156.925,3513.893
45.851215,8.676081,15124.711,3515.0522
45.849365,8.678351,15112.678,3515.4043
45.847702,8.680169,15047.938,3517.1814
45.846806,8.67983,15113.365,3517.7
45.84592,8.681199,15088.4,3518.2576
45.842995,8.6841135,14984.227,3520.4653
45.843838,8.683882,15045.688,3520.6013
45.841328,8.68429,15011.73,3521.2446
45.839848,8.685801,14985.092,3522.9893
45.83757,8.691698,14792.663,3524.669
45.838314,8.6884365,14937.465,3524.9495
45.836876,8.68844,14929.841,3525.4336
45.83488,8.692457,14880.537,3526.978
45.834534,8.6940775,14857.521,3527.4333
45.833065,8.693091,14833.639,3528.7898
45.830864,8.695251,14781.094,3529.1255
45.831367,8.694691,14785.031,3529.7056
45.828255,8.696108,14782.176,3532.3677
45.827152,8.697902,14743.022,3531.7603
45.82525,8.699935,14747.216,3533.4714
45.825237,8.701197,14744.583,3535.4546
45.82379,8.701444,14713.789,3535.4263
45.821934,8.703998,14714.902,3536.25
45.821323,8.705846,14704.559,3537.6338
45.819588,8.706116,14649.778,3538.8916
45.818417,8.706247,14642.548,3538.938
45.815357,8.7104025,14494.602,3541.6985
45.815575,8.70954,14595.339,3540.764
45.81541,8.710503,14574.548,3542.0825
45.81348,8.709389,14559.367,3542.6726
45.810875,8.714434,14464.593,3544.1758
45.81127,8.716524,14355.513,3545.6394
45.809948,8.713996,14462.007,3545.42
45.808987,8.714662,14408.67,3547.0479
45.807503,8.71662,14389.193,3548.372
45.80646,8.719614,14352.822,3549.2588
45.80404,8.719583,14313.696,3550.2014
45.80159,8.723502,14205.067,3551.255
45.801216,8.721761,14312.044,3552.1382
45.80099,8.723112,14279.941,3552.7583
45.7993,8.72402,14266.023,3553.702
45.797882,8.72633,14208.024,3555.182
45.796795,8.727973,14197.582,3555.6033
45.79585,8.728068,14148.428,3557.6245
45.794792,8.728536,14214.875,3557.2107
45.79147,8.734829,13822.285,3560.5833
45.791965,8.730967,14182.414,3559.2659
45.789265,8.732805,14072.955,3560.5115
45.788803,8.733903,14100.575,3561.3757
45.788574,8.73479,14107.134,3561.706
45.784286,8.740216,13723.221,3564.4966
45.786064,8.736366,14069.368,3563.4897
45.78328,8.737883,13931.823,3565.8691
45.7828,8.740183,13941.432,3565.89
45.780735,8.742899,13729.204,3568.3113
45.780552,8.741691,13897.055,3567.7927
45.78007,8.74355,13834.592,3568.2969
45.77749,8.7438,13809.246,3570.3362
45.776577,8.744876,13804.954,3570.9019
45.774754,8.746447,13803.873,3572.4998
45.772987,8.748419,13712.337,3573.4832
45.77329,8.749386,13745.124,3573.8325
45.77105,8.751168,13695.497,3573.9631
45.771526,8.750748,13665.843,3575.4233
45.769745,8.750992,13646.267,3576.514
45.76674,8.755217,13581.651,3577.9368
45.76772,8.753993,13628.29,3578.6885
45.765156,8.756724,13575.212,3578.8572
45.763515,8.757498,13561.147,3580.235
45.762447,8.759265,13506.775,3580.9106
45.761982,8.759246,13500.669,3581.9373
45.760025,8.761013,13492.807,3583.2627
45.75817,8.763,13452.014,3586.2473
45.757854,8.76295,13471.804,3585.7114
45.755955,8.764504,13449.092,3585.7153
45.75435,8.767647,13189.876,3587.9722
45.754215,8.766125,13392.879,3589.3696
45.75241,8.767283,13354.733,3589.598
45.749733,8.77058,13222.357,3590.5007
45.75141,8.770532,13309.293,3591.0417
45.749626,8.77218,13156.555,3591.782
45.747387,8.770885,13281.718,3592.2227
45.745663,8.774192,13185.121,3594.7473
45.745026,8.773954,13306.483,3593.9626
45.74175,8.780104,12924.052,3596.5635
45.742577,8.776933,13193.878,3596.8945
45.742,8.776857,13175.679,3597.8252
45.738293,8.780376,13056.589,3599.279
45.738472,8.781157,13053.988,3600.0972
45.736294,8.783138,13020.581,3601.1511
45.73603,8.783381,13061.148,3601.0625
45.733612,8.784027,12998.285,3603.0151
45.733406,8.785842,12994.082,3603.5486
45.730843,8.787442,12937.327,3604.0369
45.731987,8.787038,13050.234,3605.9333
45.726887,8.791315,12788.609,3607.3018
45.725754,8.792563,12799.184,3607.8757
45.72779,8.790711,13009.902,3607.6118
45.724834,8.794043,12749.182,3609.156
45.724422,8.793863,12865.612,3610.5442
45.72325,8.793376,12845.803,3609.9915
45.721172,8.795482,12702.407,3612.4194
45.72046,8.797874,12754.346,3613.1191
45.71867,8.801262,12509.79,3614.2153
45.71818,8.799485,12742.025,3614.3123
45.716324,8.79999,12657.41,3615.4636
45.71677,8.800015,12727.945,3617.5518
45.713116,8.804287,12387.803,3617.902
45.712704,8.803568,12615.428,3618.4565
45.71192,8.804118,12674.059,3619.5952
45.71085,8.805571,12540.074,3621.068
45.708984,8.805995,12526.817,3621.3743
45.70903,8.805183,12620.039,3621.9485
45.705906,8.807977,12488.03,3623.3567
45.704533,8.813033,12202.638,3625.1995
45.70423,8.808952,12545.096,3625.5215
45.702454,8.81156,12362.223,3625.8794
45.701042,8.814148,12323.485,3627.0366
45.699627,8.813954,12297.012,3629.062
45.69937,8.813361,12429.448,3628.6333
45.697067,8.817809,12162.605,3630.525
45.69691,8.815666,12408.763,3629.4587
45.694622,8.817999,12193.159,3632.199
45.69351,8.819659,12170.686,3633.2239
45.692356,8.819575,12136.661,3633.4485
45.691647,8.820441,12222.611,3635.822
45.689693,8.823172,12108.3955,3636.2683
45.690033,8.820793,12353.338,3636.4272
45.686634,8.82653,11890.73,3638.3477
45.68451,8.82776,11841.841,3638.3484
45.685562,8.826551,12129.239,3641.5427
45.684643,8.826587,12060.376,3640.4062
45.683537,8.826703,12045.425,3642.6487
45.681007,8.830336,11912.57,3643.1436
45.680637,8.829577,11987.913,3643.0767
45.679153,8.830234,11951.904,3644.026
45.67789,8.831474,11921.132,3646.449
45.67725,8.832532,11926.7295,3646.2893
45.67556,8.8338175,11876.067,3647.9226
45.673016,8.835069,11837.66,3648.823
45.6729,8.836039,11797.343,3648.9993
45.671215,8.836384,11890.935,3650.1614
45.66909,8.838226,11743.1875,3651.42
45.66952,8.836783,11929.668,3651.2083
45.666492,8.840273,11694.26,3654.1985
45.665546,8.843482,11769.192,3656.3123
45.664425,8.843239,11669.944,3653.5303
45.663372,8.843453,11596.025,3658.4802
45.6614,8.842216,11670.475,3657.2117
45.660263,8.843303,11644.22,3657.3606
45.660664,8.845176,11632.055,3659.7927
45.658733,8.846812,11510.026,3659.9497
45.657524,8.84485,11673.779,3661.101
45.65512,8.84723,11419.234,3661.5837
45.654514,8.847681,11556.978,3664.0774
45.653687,8.84852,11549.867,3662.6206
45.652233,8.851035,11358.035,3664.6033
45.650574,8.851127,11453.896,3665.4907
45.65065,8.850958,11509.476,3666.1948
45.648113,8.853672,11313.294,3667.794
45.647243,8.85255,11441.903,3667.935
45.64567,8.855595,11305.572,3669.561
45.643967,8.854944,11368.411,3670.3123
45.642517,8.856368,11238.949,3671.897
45.64159,8.857189,11304.259,3672.0312
45.64059,8.856924,11331.634,3672.3918
45.638588,8.859488,11255.164,3674.1567
45.63746,8.860666,11248.594,3674.9402
45.6367,8.860702,11243.474,3675.756
45.635868,8.862844,11185.167,3677.7937
45.634552,8.862446,11239.903,3677.53
45.63089,8.864647,10817.968,3680.0005
45.63215,8.862099,11253.9,3679.3977
45.630398,8.864432,11031.027,3680.6667
45.62906,8.864599,11081.172,3681.5713
45.62664,8.866374,10969.287,3683.1282
45.626423,8.867611,10886.886,3683.4268
45.627415,8.865556,11188.119,3682.4197
45.623497,8.86883,10807.324,3685.637
45.623524,8.869229,10955.489,3685.963
45.621517,8.870123,10907.71,3686.9492
45.619877,8.871685,10814.4795,3687.72
45.620853,8.869076,11103.994,3687.325
45.617577,8.87158,10834.229,3690.1296
45.615505,8.874154,10658.443,3691.214
45.61525,8.87292,10790.376,3691.8506
45.614048,8.873621,10834.607,3692.184
45.612736,8.87435,10740.793,3693.3484
45.61109,8.875286,10720.882,3694.6711
45.61118,8.875511,10763.706,3695.2898
45.60828,8.87736,10595.547,3696.6465
45.608006,8.876156,10761.718,3696.8076
45.605835,8.878208,10538.605,3699.139
45.60487,8.879802,10535.37,3699.6052
45.604076,8.878077,10631.069,3699.3794
45.60171,8.879993,10564.059,3700.0608
45.600872,8.880583,10522.485,3701.868
45.600327,8.879725,10502.253,3704.4812
45.598183,8.88093,10397.604,3703.754
45.59685,8.882796,10490.585,3703.2747
45.5975,8.881603,10547.737,3704.6807
45.594635,8.883168,10349.773,3704.6328
45.593273,8.8837805,10317.699,3707.64
45.593517,8.882533,10519.0,3706.067
45.591053,8.88499,10291.939,3709.765
45.590153,8.885403,10395.769,3707.3965
45.58807,8.886948,10199.972,3711.1172
45.588657,8.887194,10335.809,3711.6956
45.58474,8.885549,10332.366,3712.9067
45.583378,8.890664,10089.226,3715.3547
45.58371,8.890228,10237.166,3712.9084
45.582302,8.889609,10238.808,3716.0386
45.580894,8.889952,10160.816,3715.096
45.578537,8.891156,10110.974,3717.126
45.578327,8.891782,10114.811,3717.7803
45.57714,8.892276,10131.861,3719.8538
45.57519,8.892967,9994.931,3720.2937
45.57523,8.892776,10023.503,3719.854
45.573555,8.892532,10033.743,3721.1514
45.57178,8.893822,10026.866,3721.2268
45.57096,8.895001,9978.584,3723.3274
45.570576,8.894324,9972.634,3722.9563
45.56789,8.895384,9855.959,3725.1038
45.569035,8.89276,10099.999,3723.804
45.565315,8.89702,9771.325,3727.3696
45.564453,8.896685,9806.042,3726.8308
45.56305,8.896498,9826.145,3728.419
45.562344,8.897995,9816.8,3729.615
45.561096,8.897565,9849.601,3730.0256
45.559273,8.899335,9718.452,3731.623
45.55782,8.898762,9762.719,3732.4272
45.55706,8.899142,9727.099,3732.7983
45.555008,8.898643,9705.776,3734.2678
45.5543,8.900633,9693.733,3734.9297
45.552864,8.90062,9611.422,3735.7378
45.5519,8.902227,9652.009,3736.8123
45.550022,8.90121,9699.598,3736.832
45.548737,8.901853,9615.282,3739.039
45.547447,8.902645,9529.35,3739.9119
45.546947,8.901814,9577.513,3739.9673
45.5463,8.903541,9589.606,3741.4438
45.542686,8.905192,9090.179,3744.0452
45.54442,8.902549,9724.627,3741.5398
45.541107,8.905078,9374.269,3743.9612
45.540886,8.905409,9409.109,3745.008
45.5397,8.905416,9449.977,3746.1326
45.53877,8.905249,9418.653,3747.2742
45.53494,8.905666,9231.504,3747.8438
45.536358,8.906493,9382.941,3748.493
45.53419,8.906025,9356.359,3750.3535
45.532127,8.908046,9233.885,3751.418
45.532665,8.907091,9352.621,3751.003
45.529686,8.908488,9179.673,3753.3884
45.529312,8.9085865,9243.583,3753.7974
45.528408,8.908387,9294.301,3754.6282
45.526737,8.908918,9176.2295,3755.8997
45.52512,8.909468,9169.009,3756.5078
45.524117,8.909988,9033.841,3758.064
45.52449,8.908354,9347.416,3757.142
45.52161,8.911193,9070.516,3759.7744
45.520454,8.911034,9075.916,3761.5884
45.519142,8.91079,9080.638,3761.6145
45.518612,8.910907,9072.644,3762.46
45.5163,8.912428,9000.551,3763.6233
45.516346,8.91196,9066.313,3765.213
45.514366,8.912465,8997.176,3765.7393
45.512447,8.912906,8972.161,3766.971
45.51159,8.912724,8949.012,3768.4766
45.51059,8.91427,8915.344,3768.1362
45.509727,8.914148,8883.394,3769.8386
45.506577,8.915238,8849.59,3769.4316
45.506943,8.914222,8885.977,3771.4788
45.505062,8.914003,8821.333,3772.4482
45.50396,8.91386,8847.042,3773.863
45.502396,8.915218,8783.675,3774.2139
45.501038,8.915826,8798.892,3775.5645
45.499847,8.916528,8747.401,3777.714
45.499043,8.916521,8812.717,3776.8467
45.497864,8.916073,8769.254,3779.1487
45.49552,8.917437,8621.321,3779.6797
45.496197,8.916742,8828.755,3780.4695
45.493523,8.918577,8626.556,3781.4856
45.49327,8.916721,8773.628,3782.2004
45.489582,8.919344,8436.193,3785.4985
45.489544,8.919936,8559.665,3784.5266
45.489468,8.918411,8717.638,3784.9932
45.487858,8.918012,8594.636,3786.866
45.485226,8.920225,8511.802,3788.4705
45.484825,8.92014,8499.408,3788.2856
45.4845,8.919722,8589.306,3789.0789
45.480484,8.921458,8268.101,3791.1255
45.481514,8.9206,8579.5,3791.6685
45.479866,8.920782,8476.075,3792.2869
45.478054,8.92162,8359.387,3793.7322
45.477345,8.922219,8452.074,3794.7231
45.47595,8.922304,8352.208,3796.1335
45.474762,8.922394,8371.882,3797.0283
45.473843,8.922165,8471.126,3797.0083
45.47252,8.923718,8301.671,3798.9639
45.47105,8.923511,8370.959,3799.4636
45.46938,8.924121,8331.281,3801.2883
45.468586,8.924128,8258.18,3800.8972
45.46732,8.924361,8262.565,3802.362
45.466076,8.924318,8326.778,3803.408
45.46478,8.925461,8198.653,3805.0483
45.464638,8.925308,8288.219,3806.1423
45.462395,8.925385,8126.213,3806.847
45.46164,8.9255,8186.4966,3807.8252
45.46047,8.926019,8152.289,3807.8635
45.458405,8.92733,8079.1064,3810.448
45.457436,8.926809,8119.729,3812.0796
45.456646,8.925582,8206.611,3812.09
45.455635,8.927603,8047.067,3812.6733
45.45339,8.928002,7988.765,3813.6582
45.452744,8.928133,8044.1274,3814.1067
45.45273,8.9275255,8084.304,3816.578
45.449715,8.928488,7948.655,3816.4236
45.449123,8.928652,7978.414,3818.208
45.44766,8.929325,7934.066,3818.6167
45.44631,8.930045,7824.563,3820.1943
45.44728,8.92717,8110.449,3818.6516
45.4442,8.93092,7767.927,3821.7156
45.442696,8.930959,7837.271,3822.6091
45.441555,8.931642,7778.913,3822.7651
45.44235,8.929206,7975.771,3824.2002
45.43918,8.93106,7765.6567,3824.8323
45.43877,8.931853,7769.4976,3826.9202
45.436836,8.9324255,7704.7896,3827.956
45.43632,8.931582,7751.4316,3829.0708
45.434338,8.932763,7641.3823,3829.5557
45.434994,8.929632,7846.84,3829.2595
45.43309,8.931031,7743.409,3831.3882
45.431503,8.932889,7639.3877,3831.8506
45.430973,8.932681,7728.294,3832.586
45.428448,8.933555,7579.9062,3834.5225
45.427708,8.932886,7601.256,3835.1213
45.42567,8.933182,7575.84,3837.3784
45.425533,8.93297,7583.219,3838.0513
45.423256,8.935482,7514.97,3839.7036
45.422688,8.935134,7511.9775,3838.5513
45.421925,8.933548,7608.01,3841.8298
45.419994,8.934264,7437.3525,3841.302
45.419235,8.934326,7497.1733,3842.7097
45.417892,8.934101,7484.6006,3843.5059
45.416748,8.9349985,7414.854,3843.965
45.41566,8.935053,7413.49,3846.1216
45.414486,8.934908,7443.2266,3847.3108
45.413403,8.935064,7353.562,3847.583
45.41252,8.93544,7335.5776,3848.5618
45.411407,8.935905,7337.0957,3849.3433
45.410538,8.935306,7425.4883,3849.4397
45.408817,8.936386,7232.1885,3851.811
45.4076,8.936564,7267.2295,3852.3213
45.40704,8.93612,7401.889,3853.0322
45.40518,8.936715,7221.1865,3854.3435
45.404266,8.936456,7214.404,3855.8494
45.40274,8.937827,7178.1514,3856.163
45.402626,8.935682,7333.8457,3857.1191
45.40077,8.937507,7160.341,3858.7617
45.399483,8.937365,7117.276,3859.0862
45.3991,8.936963,7223.5254,3860.5266
45.397076,8.938281,7151.6777,3861.6682
45.395367,8.939039,7077.1714,3861.731
45.395596,8.937585,7241.8677,3863.965
45.394173,8.937914,7056.504,3863.7295
45.39238,8.938799,7057.0127,3866.3447
45.390984,8.939016,6977.803,3866.0605
45.390774,8.938785,7112.9185,3867.0967
45.389057,8.939347,7008.523,3869.022
45.387756,8.938274,7048.4575,3868.885
45.386753,8.939385,6939.8623,3870.3162
45.387432,8.93844,7100.4033,3870.9268
45.384712,8.939889,6837.7827,3873.0635
45.3846,8.938085,7059.687,3872.7168
45.381763,8.940658,6520.878,3874.0889
45.383827,8.937151,7164.4,3874.7417
45.379784,8.940617,6728.5,3875.3079
45.380646,8.93971,6943.588,3877.7117
45.37841,8.940114,6828.2837,3878.6584
45.377377,8.940639,6780.537,3880.1094
45.377113,8.940147,6882.5605,3880.9214
45.375427,8.940213,6814.151,3881.534
45.374138,8.940181,6835.2764,3882.6768
45.37285,8.940357,6752.371,3883.1113
45.372425,8.940729,6760.2515,3884.7588
45.37098,8.940687,6733.7383,3885.6694
45.369835,8.941621,6605.546,3886.2473
45.369545,8.93975,6818.086,3888.0042
45.367912,8.941666,6600.872,3888.9941
45.36735,8.941187,6652.172,3889.0415
45.364998,8.94264,6523.907,3890.791
45.36525,8.941336,6724.607,3892.5603
45.36327,8.942117,6572.5586,3893.4314
45.36291,8.942061,6564.0483,3893.4048
45.36173,8.94218,6526.805,3895.723
45.360264,8.941997,6637.5864,3895.6047
45.358833,8.943369,6543.845,3896.6624
45.358124,8.943254,6591.6694,3898.8477
45.356853,8.942898,6245.626,3899.1323
45.35563,8.942232,6524.008,3900.0134
45.35466,8.943265,6520.0737,3901.416
45.355278,8.9438505,6459.05,3901.2944
45.352432,8.943001,6370.561,3903.0972
45.352467,8.943967,6340.8887,3904.2944
45.3508,8.943696,6353.411,3904.4045
45.350857,8.944016,6397.4316,3905.9534
45.348495,8.944236,6334.0366,3905.6462
45.347664,8.943784,6376.162,3907.6277
45.346962,8.944867,6261.2627,3908.3467
45.345306,8.944364,6296.633,3910.3054
45.344776,8.944057,6349.197,3911.9604
45.343376,8.945192,6251.2134,3911.2642
45.34257,8.945007,6226.3735,3913.5225
45.341698,8.944846,6206.2383,3913.1511
45.339924,8.945735,6235.2695,3915.5298
45.33909,8.945253,6145.4146,3916.2751
45.33974,8.94546,6226.763,3916.8074
45.336643,8.945049,6171.486,3918.7827
45.33596,8.946274,6202.65,3920.3774
45.336266,8.946139,6150.7305,3920.4702
45.333252,8.946413,5926.0283,3920.1133
45.333416,8.946796,6115.878,3922.4875
45.333496,8.944724,6243.6973,3922.747
45.332115,8.946588,5986.5396,3923.6233
45.330326,8.946597,6037.1016,3926.065
45.32961,8.947574,5993.635,3926.2463
45.328857,8.946015,6045.022,3926.8699
45.327824,8.946887,5948.2236,3927.6025
45.32717,8.946561,6001.915,3929.651
45.325462,8.947817,5893.3354,3930.3438
45.324703,8.948045,5842.0034,3929.9377
45.324642,8.947016,6083.176,3933.291
45.323204,8.948003,5842.766,3932.0762
45.321785,8.94763,5864.6157,3933.3914
45.320927,8.948131,5787.5884,3935.1514
45.32204,8.9468355,6073.8496,3936.342
45.318935,8.947661,5737.342,3935.3708
45.31836,8.947318,5793.1987,3937.7908
45.31733,8.947492,5833.7847,3939.2124
45.316547,8.947565,5810.473,3939.8472
45.315365,8.948015,5779.971,3941.3652
45.31432,8.947675,5796.6616,3942.4114
45.313732,8.948501,5739.175,3942.6028
45.312973,8.9483,5803.4556,3944.0034
45.312435,8.947995,5734.0405,3945.3083
45.310734,8.947446,5741.533,3945.5632
45.309605,8.947579,5698.1055,3947.3958
45.30938,8.9478855,5788.409,3949.5764
45.30828,8.947917,5672.0664,3948.1204
45.308437,8.9478855,5697.2925,3949.8787
45.307198,8.947747,5595.9614,3951.3958
45.306576,8.947351,5676.2285,3952.42
45.305363,8.947239,5648.6733,3953.1873
45.304256,8.947843,5610.978,3954.5664
45.30366,8.946919,5628.4775,3955.7617
45.302944,8.946957,5562.466,3956.8455
45.30174,8.94649,5647.9463,3957.9387
45.300472,8.946895,5522.4873,3959.0188
45.300068,8.946437,5522.5205,3959.8267
45.299458,8.946271,5503.9053,3960.771
45.298492,8.946316,5516.1094,3962.5073
45.297688,8.94596,5506.499,3961.7893
45.297024,8.945756,5532.7295,3963.2097
45.2963,8.945798,5472.0625,3964.9763
45.29552,8.945466,5511.344,3966.0908
45.29437,8.945318,5325.7534,3966.0159
45.294487,8.944956,5465.86,3969.251
45.29298,8.944147,5456.1367,3969.5679
45.292244,8.944071,5429.601,3970.976
45.2922,8.944609,5418.9697,3970.6006
45.291233,8.943391,5375.9346,3973.3745
45.290485,8.943534,5352.317,3973.7441
45.289818,8.942614,5353.486,3974.0295
45.289207,8.9426565,5356.149,3974.4023
45.288223,8.941949,5372.6313,3976.8015
45.287697,8.94237,5314.8013,3977.4976
45.287292,8.941698,5330.6064,3976.5784
45.28691,8.940787,5288.033,3981.9128
45.286148,8.9412565,5344.341,3980.6526
45.285446,8.940101,5235.6895,3979.9375
45.285107,8.939636,5225.719,3981.9263
45.283775,8.939301,5163.187,3981.6309
45.285408,8.939393,5448.4814,3985.6545
45.282974,8.938158,5124.4585,3983.4758
45.282482,8.93794,5164.843,3985.8308
45.282494,8.938115,5237.304,3987.4692
45.281647,8.937217,5185.0137,3988.4814
45.28153,8.936499,5193.1997,3989.6865
45.280624,8.936308,5197.0522,3991.1357
45.280106,8.935466,5156.0093,3991.2676
45.280178,8.934531,5190.6284,3993.4255
45.279194,8.934224,5182.7075,3993.9048
45.278713,8.933268,5135.102,3993.999
45.27866,8.932778,5141.1772,3995.3022
45.278046,8.932819,5126.354,3997.3936
45.277546,8.932005,5099.714,3995.9824
45.27811,8.93024,5091.199,3997.891
45.27682,8.930012,5062.4,3999.9102
45.276375,8.928931,5079.0483,4000.6245
45.276882,8.929164,5074.022,4002.7527
45.276066,8.926937,5005.526,4001.168
45.27568,8.926453,5047.6304,4003.5042
45.27604,8.925584,5089.9497,4004.8406
45.275074,8.924719,5005.341,4005.0962
45.274868,8.923974,5017.768,4005.7378
45.274548,8.9227295,4981.7715,4007.301
45.274975,8.921844,5020.3525,4008.3237
45.274334,8.921491,4971.8813,4010.116
45.274315,8.920484,4939.5146,4009.3699
45.27445,8.920283,5042.3975,4011.1853
45.27377,8.918596,4925.8384,4011.7998
45.273556,8.917577,4939.6914,4012.381
45.27374,8.91624,4959.5454,4014.9448
45.27389,8.916123,4973.877,4015.9482
45.273075,8.913785,4903.874,4015.2815
45.273304,8.913045,4849.212,4016.902
45.27335,8.911815,4920.8447,4020.0164
45.273434,8.91133,4855.479,4018.7754
45.273514,8.910301,4855.977,4019.0623
45.273495,8.908504,4867.213,4020.6445
45.273273,8.907132,4823.4326,4021.2146
45.273094,8.90664,4844.233,4023.211
45.27328,8.905503,4850.6895,4023.4395
45.273296,8.904659,4803.471,4024.0273
45.27341,8.903376,4769.541,4023.509
45.273575,8.90116,4791.4624,4025.384
45.273293,8.899356,4693.4873,4026.2183
45.27405,8.900064,4816.5664,4026.4258
45.273888,8.898247,4761.7065,4027.556
45.274097,8.896116,4649.547,4026.17
45.273743,8.895241,4604.6147,4028.8076
45.274338,8.894003,4796.112,4031.5234
45.274467,8.891873,4747.671,4032.1743
45.274746,8.891953,4745.285,4033.9167
45.275112,8.89035,4833.107,4035.226
45.275032,8.889074,4682.283,4034.495
45.275597,8.887304,4724.3506,4034.9868
45.27555,8.88625,4702.121,4036.5205
45.276127,8.884926,4716.1885,4036.9949
45.27679,8.8830185,4661.216,4037.682
45.27691,8.881284,4690.463,4038.0342
45.27768,8.880732,4700.7026,4040.8982
45.277283,8.879019,4638.4985,4038.8616
45.27954,8.876592,4787.561,4044.482
45.27762,8.876582,4678.4443,4041.4136
45.27854,8.8740635,4693.702,4041.8396
45.281166,8.874007,4665.865,4044.6355
45.28033,8.871294,4612.0723,4044.8987
45.281464,8.869704,4612.577,4047.8777
45.281548,8.869118,4584.122,4045.104
45.282112,8.8672085,4573.558,4048.5947
45.282406,8.866505,4636.969,4049.5918
45.282104,8.864716,4503.3677,4048.592
45.283848,8.863507,4650.8438,4050.5938
45.28415,8.861474,4585.1055,4051.105
45.284813,8.860535,4571.8345,4053.5955
45.28556,8.859087,4565.156,4052.9277
45.286068,8.857934,4561.46,4055.9185
45.286526,8.85645,4574.4595,4055.452
45.288063,8.855139,4570.9673,4056.6638
45.288677,8.853339,4520.7837,4056.8718
45.289455,8.852366,4545.9795,4058.609
45.289753,8.850995,4562.2812,4058.9382
45.290897,8.849522,4585.5103,4061.4321
45.291912,8.847778,4572.178,4061.4702
45.292564,8.846698,4546.6455,4061.888
45.2941,8.845324,4543.03,4063.0254
45.294243,8.844144,4507.474,4064.4172
45.29513,8.843666,4558.3413,4064.9321
45.295887,8.841417,4496.7075,4065.6318
45.296925,8.840145,4469.542,4066.0151
45.297497,8.839219,4484.7944,4067.9724
45.298344,8.837609,4466.932,4068.6099
45.29996,8.836161,4478.112,4068.3677
45.301258,8.835795,4464.043,4069.9604
45.30161,8.834982,4446.7544,4069.9119
45.302658,8.833385,4439.8374,4071.5872
45.303646,8.832017,4421.4585,4072.9094
45.304558,8.831145,4395.801,4073.1243
45.305786,8.829639,4450.197,4074.7617
45.30688,8.828276,4404.136,4075.52
45.307533,8.8274555,4413.576,4076.9353
45.30835,8.826787,4407.441,4077.1133
45.31016,8.825277,4408.2954,4076.621
45.311066,8.824013,4380.858,4078.0508
45.311947,8.822732,4392.0947,4081.027
45.31219,8.82205,4400.449,4081.455
45.3132,8.821641,4375.3228,4081.5647
45.315166,8.820711,4367.8203,4083.2703
45.315845,8.819678,4301.1694,4084.515
45.31678,8.817848,4289.0327,4084.8193
45.31799,8.817219,4367.9927,4088.379
45.319866,8.816492,4375.996,4086.6904
45.3204,8.815903,4342.2285,4089.3062
45.321335,8.815019,4320.84,4089.8987
45.322304,8.813838,4279.434,4089.472
45.323414,8.811983,4379.321,4093.1462
45.325157,8.811629,4408.209,4091.719
45.325203,8.811306,4371.1187,4094.0515
45.32725,8.810635,4459.498,4093.1055
45.327972,8.810024,4384.2637,4094.313
45.32874,8.809071,4366.633,4095.4592
45.330086,8.808824,4414.5566,4097.193
45.331287,8.807411,4372.005,4097.44
45.332222,8.806627,4364.882,4098.7817
45.33273,8.806102,4380.633,4100.6206
45.33441,8.805935,4371.017,4101.2847
45.335625,8.8047085,4346.034,4102.7065
45.33723,8.803735,4394.8975,4104.0386
45.3371,8.803611,4302.051,4104.265
45.339584,8.803179,4306.257,4105.811
45.34065,8.802157,4328.4497,4106.035
45.340794,8.801395,4346.034,4108.236
45.34296,8.801008,4337.9224,4108.9175
45.343544,8.801013,4225.4146,4108.904
45.34461,8.800049,4277.6514,4113.0415
45.34553,8.799872,4256.2026,4113.892
45.346756,8.799585,4273.0435,4113.286
45.348045,8.798583,4307.9165,4114.4404
45.34876,8.798532,4347.6343,4116.1284
45.349712,8.797715,4313.899,4116.741
45.35111,8.797942,4301.553,4117.359
45.35231,8.796843,4324.178,4120.4746
45.353153,8.796789,4289.368,4119.9893
45.354744,8.796709,4259.31,4121.3726
45.35592,8.795453,4319.1094,4122.531
45.356544,8.795183,4309.073,4123.365
45.35746,8.794769,4295.124,4126.427
45.358902,8.794685,4292.308,4126.6724
45.35976,8.794322,4260.128,4125.5054
45.360847,8.794073,4318.126,4128.7856
45.362087,8.793295,4309.405,4129.447
45.363155,8.793013,4271.4683,4131.596
45.36385,8.792915,4274.8384,4132.9673
45.365757,8.792668,4267.04,4133.143
45.36613,8.792853,4246.3315,4133.8813
45.36713,8.792186,4261.02,4135.6533
45.36817,8.792248,4214.1323,4137.428
45.369488,8.791547,4195.578,4136.9
45.37051,8.791516,4191.059,4139.367
45.370964,8.791616,4147.383,4139.285
45.37255,8.791403,4163.1206,4141.518
45.373493,8.790827,4184.905,4142.45
45.374542,8.791187,4201.0938,4143.067
45.375656,8.790875,4175.2974,4144.771
45.376686,8.790576,4163.692,4145.629
45.37763,8.790258,4130.6797,4146.594
45.378525,8.790159,4096.0156,4147.3154
45.37946,8.790179,4130.712,4148.923
45.380627,8.790038,4089.8564,4148.9263
45.381565,8.78962,4156.325,4151.4805
45.382523,8.789429,4144.2603,4152.9487
45.383636,8.789406,4113.5337,4154.6865
45.384426,8.789614,4088.8816,4153.616
45.385662,8.789536,4047.5273,4155.3306
45.386665,8.789239,4110.3286,4156.855
45.38768,8.78872,4117.012,4159.5327
45.387978,8.789195,4134.707,4158.853
45.3895,8.789615,4157.452,4159.9287
45.390984,8.789069,4110.609,4160.583
45.39157,8.787693,4142.0938,4159.454
45.392677,8.7882595,4099.084,4167.154
45.393406,8.788574,4091.7402,4162.19
45.39456,8.788396,4099.5293,4166.635
45.39537,8.788269,4099.82,4166.854
45.396114,8.788162,4085.0713,4167.529
45.39727,8.788241,4045.1145,4168.607
45.39791,8.787979,4053.7412,4170.219
45.3989,8.788149,4057.8406,4171.851
45.400032,8.7879305,4046.9614,4169.8506
45.40067,8.787627,4052.9973,4173.6274
45.4013,8.787731,4055.1965,4173.1934
45.402775,8.787481,4048.889,4173.0083
45.404087,8.787307,4016.4058,4175.2666
45.40445,8.787316,4024.2783,4178.75
45.404926,8.786989,4065.3997,4178.3364
45.406536,8.787105,4034.3845,4179.197
45.407112,8.786814,4022.9573,4179.579
45.407978,8.786873,4010.0806,4181.329
45.40893,8.7864065,4025.0586,4182.4033
45.409946,8.786769,4028.619,4183.2256
45.410812,8.786727,4038.9993,4184.095
45.41139,8.786782,4028.879,4184.5557
45.412167,8.786547,4026.8574,4184.7935
45.412876,8.786488,4023.9094,4187.0728
45.41392,8.786251,4026.5107,4188.427
45.414783,8.786143,3960.35,4189.293
45.415905,8.78612,3951.5742,4190.1187
45.416576,8.786296,3938.771,4190.1226
45.41743,8.785793,3993.8945,4192.1807
45.41783,8.785778,4006.4324,4193.518
45.418903,8.785559,4015.3506,4195.4873
45.41962,8.785494,4007.943,4196.369
45.4205,8.78555,3982.807,4196.828
45.421314,8.7853985,3958.007,4199.107
45.421898,8.7853565,3920.8232,4198.571
45.42324,8.784877,3935.38,4200.4253
45.423866,8.785044,3916.7136,4201.8335
45.42474,8.784614,3920.3057,4201.7056
45.42565,8.78459,3927.3137,4202.6455
45.426083,8.784367,3917.5823,4204.262
45.42693,8.784342,3918.5825,4204.467
45.427963,8.784063,3902.7637,4205.569
45.4287,8.784043,3864.6665,4207.759
45.42917,8.783781,3877.9834,4208.182
45.43024,8.783506,3838.2776,4209.804
45.430946,8.783564,3813.6082,4210.0176
45.43183,8.783107,3845.1536,4209.9717
45.432465,8.783407,3775.5657,4211.6177
45.433453,8.783054,3824.5981,4212.2407
45.434265,8.782678,3804.198,4213.307
45.435307,8.782484,3800.0051,4215.0264
45.435696,8.782263,3760.6396,4216.507
45.436554,8.782204,3778.4133,4217.2456
45.437267,8.782013,3772.3013,4217.5225
45.43832,8.782048,3786.187,4219.1504
45.439014,8.781489,3785.4365,4217.7246
45.4398,8.781245,3763.3235,4221.3633
45.440495,8.781304,3757.0527,4219.771
45.44133,8.781109,3787.543,4223.1035
45.44219,8.780869,3755.9087,4221.645
45.443115,8.780252,3767.2334,4223.465
45.44347,8.780573,3740.8267,4225.6235
45.44395,8.780058,3766.1663,4226.119
45.444878,8.780585,3683.9841,4229.3047
45.446053,8.780395,3659.1594,4226.143
45.44681,8.779608,3656.6902,4229.498
45.447212,8.779393,3632.725,4229.4644
45.447624,8.779157,3620.9705,4228.5884
45.448593,8.779019,3659.1387,4231.6904
45.44959,8.77881,3579.6912,4230.8857
45.450302,8.778562,3644.3826,4233.004
45.450893,8.778429,3649.6162,4233.088
45.452023,8.778042,3628.6436,4235.633
45.452633,8.7778845,3579.4038,4235.171
45.45377,8.77757,3561.8604,4237.5664
45.454205,8.777239,3568.2227,4237.447
45.45527,8.777046,3561.2546,4239.7695
45.455868,8.77689,3533.8755,4239.4697
45.45664,8.77651,3516.2893,4241.248
45.45723,8.776366,3475.0178,4242.42
45.458107,8.77622,3462.996,4242.497
45.458794,8.7759695,3496.2324,4243.4136
45.459267,8.775667,3507.3499,4244.1924
45.46005,8.775522,3495.3398,4245.6206
45.460915,8.775237,3486.2314,4246.057
45.46175,8.7749605,3502.127,4247.2036
45.46212,8.774704,3490.0437,4248.1885
45.462894,8.774653,3418.288,4249.2593
45.463577,8.774418,3418.8013,4250.065
45.464336,8.774175,3416.972,4251.1216
45.465527,8.773765,3452.3545,4252.3174
45.46587,8.773557,3511.662,4252.757
45.46673,8.77352,3499.4434,4253.1343
45.467808,8.77334,3485.8904,4253.4683
45.468117,8.773001,3439.0164,4254.301
45.46883,8.772954,3430.557,4255.5767
45.469517,8.772588,3428.6665,4256.4727
45.470367,8.772394,3411.8616,4257.0796
45.47115,8.772218,3392.2026,4257.867
45.471886,8.771985,3370.5361,4258.5186
45.47303,8.771592,3336.9712,4258.9277
45.473778,8.771192,3312.9827,4260.6167
45.474373,8.771142,3272.9014,4261.2144
45.47509,8.770812,3259.4666,4261.6978
45.47613,8.770674,3184.9663,4262.978
45.47648,8.770427,3179.4524,4263.775
45.477467,8.770192,3141.4194,4264.7773
45.478096,8.769939,3124.82,4266.029
45.47872,8.769524,3128.2483,4265.891
45.479343,8.769414,3093.392,4266.5864
45.48013,8.769222,3094.98,4267.5884
45.480953,8.768932,3144.4233,4268.283
45.48146,8.768737,3169.2979,4268.871
45.482143,8.768672,3177.7996,4270.7437
45.48251,8.768415,3216.8127,4271.2173
45.483566,8.768049,3223.207,4273.021
45.484264,8.76774,3229.669,4273.598
45.485004,8.767684,3174.3774,4274.2466
45.48606,8.7672,3129.3496,4275.9077
45.486843,8.76702,3079.544,4276.6006
45.48746,8.766758,3030.6592,4278.186
45.488647,8.766265,3024.827,4278.5312
45.48912,8.766194,2912.3203,4277.94
45.489883,8.765897,2891.946,4280.1147
45.490627,8.765795,2886.3176,4281.395
45.491554,8.765515,2890.39,4281.8057
45.49202,8.76513,2878.025,4283.861
45.492714,8.765101,2887.889,4283.9263
45.4934,8.7648115,2886.1611,4283.479
45.494015,8.764665,2893.794,4285.4834
45.49464,8.764407,2921.034,4287.6143
45.495354,8.764105,2912.6714,4286.485
45.496037,8.763937,2888.8792,4288.2866
45.496742,8.763727,2890.396,4290.5205
45.497322,8.763439,2863.8071,4290.755
45.49803,8.76326,2787.0208,4290.888
45.499046,8.762888,2707.671,4292.6387
45.499275,8.762767,2695.1648,4294.0117
45.50007,8.76262,2653.146,4293.9253
45.501213,8.762281,2667.0369,4294.285
45.501736,8.762139,2660.4143,4295.701
45.502293,8.761852,2676.1,4296.424
45.503372,8.761589,2714.4458,4297.337
45.503597,8.761483,2692.6614,4296.4297
45.504593,8.761116,2660.0981,4299.2793
45.505405,8.760925,2627.2646,4300.8066
45.50586,8.760744,2583.5305,4302.6406
45.50668,8.760581,2585.8367,4303.8936
45.506985,8.76032,2608.3535,4304.025
45.508377,8.760305,2618.4377,4306.2163
45.508766,8.759858,2574.254,4306.727
45.509262,8.759552,2546.6472,4306.463
45.510185,8.7594,2515.1812,4308.978
45.510643,8.759251,2469.439,4308.439
45.511387,8.7589245,2447.8254,4310.229
45.5122,8.758827,2420.3948,4310.386
45.5129,8.758485,2423.8647,4311.1543
45.513763,8.758289,2386.2834,4312.7295
45.514446,8.758029,2338.9482,4313.728
45.51507,8.757865,2318.2847,4315.086
45.515656,8.75751,2336.9934,4315.5234
45.51683,8.757622,2328.848,4317.049
45.51725,8.757493,2363.9753,4317.0903
45.51829,8.756954,2372.9495,4316.363
45.518993,8.756725,2356.6213,4317.198
45.519627,8.756534,2337.0735,4318.493
45.520325,8.756411,2333.4727,4320.0664
45.52054,8.756358,2314.1245,4321.8643
45.52153,8.756243,2247.827,4324.534
45.522293,8.75608,2237.1765,4325.329
45.52309,8.755931,2215.334,4326.4507
45.523903,8.755603,2244.4946,4327.3335
45.524666,8.75542,2241.984,4328.9956
45.52519,8.755203,2201.5486,4329.569
45.52598,8.754979,2146.4102,4330.6787
45.526775,8.754818,2132.9949,4331.309
45.527428,8.754653,2139.3748,4332.791
45.528423,8.754618,2161.23,4333.0664
45.528954,8.754199,2124.5803,4335.556
45.52973,8.7540865,2082.8877,4335.029
45.530506,8.753858,2015.9874,4335.88
45.53122,8.753753,2018.1113,4337.9595
45.53188,8.753419,2022.7632,4337.701
45.532734,8.753267,2036.5057,4338.782
45.53315,8.753223,2032.6128,4340.5967
45.533787,8.753002,2001.962,4340.391
45.534668,8.752496,2007.881,4342.4185
45.534973,8.752553,2006.5353,4345.125
45.535744,8.752342,2061.8623,4343.2446
45.536575,8.752195,2110.7222,4345.0996
45.53704,8.751747,2122.9673,4345.033
45.537697,8.751492,2099.9258,4346.6074
45.53849,8.751425,2079.4973,4346.629
45.538815,8.751273,2055.3186,4348.9023
45.539467,8.751268,1983.4888,4349.1157
45.54025,8.750995,2006.9594,4350.1245
45.541214,8.75068,1961.0663,4350.5806
45.542027,8.7504225,1926.265,4350.386
45.54242,8.750416,1821.664,4353.082
45.543327,8.750259,1745.4708,4352.7075
45.544544,8.749931,1731.104,4352.9546
45.54479,8.749245,1720.7683,4357.9385
45.545666,8.749359,1725.7662,4352.984
45.54614,8.749208,1714.4674,4356.4927
45.54694,8.748944,1708.5387,4359.339
45.547527,8.748778,1674.8099,4359.6504
45.548122,8.74868,1700.4182,4361.287
45.548965,8.748341,1692.2039,4361.578
45.549553,8.748184,1735.5507,4363.3604
45.550285,8.748039,1697.8602,4363.516
45.550972,8.747768,1644.0819,4363.882
45.551758,8.747561,1562.9532,4364.172
45.552193,8.747357,1558.2748,4365.3066
45.553032,8.747164,1558.0419,4366.181
45.55349,8.747078,1560.6152,4367.5635
45.5544,8.746883,1542.6617,4367.404
45.554924,8.746768,1547.6844,4369.039
45.55572,8.7465315,1519.3567,4370.064
45.556293,8.746412,1446.8851,4372.5654
45.556858,8.746172,1411.2881,4371.3105
45.557636,8.745921,1438.1952,4373.3
45.55835,8.745785,1426.9354,4374.7896
45.558865,8.745617,1461.8818,4373.6733
45.55942,8.745434,1477.9845,4375.2754
45.55975,8.745303,1430.138,4376.938
45.560944,8.7450695,1426.3684,4377.9473
45.561337,8.74494,1518.7614,4379.378
45.56195,8.74478,1580.0334,4379.7197
45.562496,8.744636,1618.1665,4380.79
45.563293,8.744228,1644.1085,4381.1235
45.56396,8.744627,1606.099,4382.392
45.564896,8.744066,1568.6302,4382.7437
45.56534,8.743983,1511.7123,4384.4473
45.565838,8.743794,1493.1517,4383.848
45.56653,8.743634,1474.2719,4385.23
45.566963,8.743501,1496.7246,4385.674
45.567528,8.743311,1492.8849,4388.03
45.568123,8.743042,1516.0175,4388.4707
45.56924,8.743025,1475.6283,4388.6724
45.569824,8.742552,1464.6593,4388.3276
45.570797,8.742933,1447.5293,4390.065
45.57164,8.742885,1467.7991,4391.1816
45.57222,8.741829,1485.2355,4391.7876
45.57256,8.742016,1492.2479,4393.454
45.573,8.741962,1539.96,4394.398
45.573555,8.741785,1539.1953,4395.6465
45.57456,8.741476,1511.9672,4396.503
45.575306,8.741173,1443.64,4397.684
45.57625,8.741367,1420.3348,4397.3984
45.57653,8.741303,1379.7318,4398.3804
45.577522,8.74037,1422.9807,4399.4004
45.57793,8.740435,1350.1217,4401.356
45.5789,8.74037,1349.5862,4400.6143
45.57984,8.740183,1404.0638,4404.0283
45.580235,8.740091,1479.95,4405.5166
45.580727,8.739644,1462.2554,4406.414
45.58132,8.739688,1419.0485,4407.269
45.58196,8.739537,1334.8413,4406.2163
45.582893,8.739501,1274.5094,4408.396
45.583164,8.738864,1316.317,4407.521
45.583553,8.738876,1385.3655,4408.3096
45.584156,8.73878,1414.5142,4409.05
45.58479,8.738598,1418.2708,4409.505
45.58547,8.738392,1402.1964,4410.973
45.586056,8.738202,1360.7345,4411.9844
45.586464,8.738158,1244.4368,4411.199
45.587086,8.737951,1196.6031,4414.6167
45.587696,8.737719,1197.3828,4413.599
45.588505,8.737321,1226.3842,4414.7173
45.589077,8.737848,1277.6989,4415.119
45.589912,8.737721,1263.9633,4416.993
45.590298,8.736673,1247.4818,4416.35
45.591244,8.736721,1186.5743,4418.256
45.59168,8.736587,1039.1632,4419.8315
45.592304,8.736449,975.8373,4420.5566
45.593025,8.736207,981.6804,4421.019
45.59371,8.735677,960.1115,4423.983
45.594532,8.736579,908.1613,4425.1045
45.59507,8.735892,846.02356,4426.5156
45.59634,8.735527,830.26965,4427.18
45.596886,8.73526,770.90753,4428.113
45.597595,8.735135,737.697,4429.988
45.598354,8.734881,681.288,4429.5215
45.59907,8.734638,629.6911,4431.4116
45.599804,8.734526,636.90924,4431.1357
45.60049,8.734274,645.14264,4432.3037
45.601143,8.734057,675.02496,4432.321
45.60183,8.733906,700.96014,4433.7725
45.602135,8.733848,674.06537,4435.378
45.602924,8.733626,650.50037,4436.078
45.603508,8.733549,646.74854,4437.6685
45.604195,8.733797,672.2994,4439.2666
45.60456,8.733117,703.591,4439.053
45.605145,8.733045,704.6269,4439.9683
45.60557,8.733123,741.24243,4440.1753
45.60633,8.733369,741.9584,4440.9844
45.60671,8.732183,688.7877,4440.3237
45.607048,8.732402,650.38416,4442.546
45.607906,8.732294,643.06976,4442.8325
45.608093,8.732224,650.0357,4443.568
45.608677,8.732076,676.6057,4444.9927
45.60928,8.731937,669.13605,4444.744
45.609776,8.731975,693.89343,4446.6587
45.61018,8.732358,695.0188,4446.7637
45.610367,8.731127,724.5731,4445.8945
45.610947,8.731384,760.57965,4445.032
45.611324,8.731384,729.1073,4446.82
45.611797,8.731221,764.4274,4447.868
45.6124,8.731046,836.69666,4449.923
45.612865,8.730969,903.91754,4450.561
45.613533,8.730736,847.4613,4450.875
45.614082,8.730606,800.73236,4450.3203
45.614582,8.730443,805.0523,4451.7886
45.615032,8.730298,857.2902,4453.979
45.61577,8.730086,909.85895,4455.0093
45.6162,8.729922,966.86523,4454.51
45.616688,8.729786,930.8219,4456.3037
45.617268,8.729549,827.5843,4455.659
45.617718,8.729434,818.86633,4456.2065
45.618023,8.729256,832.1294,4457.869
45.61823,8.72926,855.744,4459.4263
45.618797,8.728999,789.71204,4461.281
45.618942,8.728679,786.9208,4461.8223
45.61965,8.729197,858.77893,4463.0273
45.62003,8.728717,854.4135,4464.208
45.620422,8.7285385,858.28784,4464.24
45.621098,8.728356,843.0791,4466.1416
45.621407,8.728271,932.36914,4468.3896
45.622158,8.728096,915.29443,4468.7183
45.6226,8.727963,954.24414,4468.8247
45.622932,8.727905,865.0725,4469.2144
45.623077,8.727908,819.8208,4470.0723
45.623215,8.727545,755.62244,4470.937
45.623486,8.727548,681.89575,4471.975
45.62369,8.7274685,675.8278,4473.027
45.62409,8.727407,694.22833,4474.498
45.624542,8.727226,675.0238,4477.127
45.624954,8.727096,587.54535,4478.037
45.625393,8.726903,574.3199,4478.972
45.625607,8.7268095,649.81854,4480.16
45.625916,8.726743,720.1093,4479.3604
45.626328,8.726621,782.01733,4479.753
45.626503,8.726489,781.26025,4482.3564
45.626793,8.726415,738.2202,4482.792
45.627148,8.726199,659.2748,4483.7173
45.627346,8.726156,632.1646,4486.549
45.627342,8.726067,593.6358,4488.3794
45.627552,8.725919,675.75635,4486.995
45.628517,8.725767,705.4929,4487.1553
45.628555,8.725627,700.90576,4490.421
45.62909,8.725399,595.73627,4491.35
45.62912,8.725402,511.8222,4490.505
45.629707,8.72517,424.765,4491.8677
45.629772,8.725146,421.8045,4492.78
