lat,lon,alt,time
52.302143,4.7645507,347.62463,0.0
52.30054,4.7627883,238.70346,1.004465
52.300392,4.7621346,167.02576,2.0114036
52.299984,4.760933,257.53033,3.0083106
52.29946,4.7602406,219.6914,4.0162625
52.29931,4.7601833,191.44684,5.032549
52.298428,4.7590694,195.96266,6.037309
52.2978,4.7586827,221.7139,7.03224
52.297306,4.7583656,248.86946,8.027826
52.296604,4.75825,259.14508,9.063394
52.29615,4.7577443,279.98026,10.03704
52.2958,4.756311,307.47348,10.999337
52.295544,4.75609,358.09644,12.019382
52.29445,4.7549176,445.70547,13.012854
52.294037,4.75535,418.10635,14.002264
52.293983,4.7547483,410.99707,14.979611
52.293358,4.753515,397.087,15.993158
52.29302,4.752033,478.6734,16.960333
52.292393,4.75187,506.56415,17.994932
52.29244,4.7514977,536.99347,18.95414
52.29209,4.750948,583.7594,19.96497
52.291542,4.7503552,623.6095,20.909473
52.290573,4.7499075,590.97003,21.961836
52.290073,4.749294,590.4021,22.944508
52.28959,4.748848,613.9984,23.97568
52.288696,4.74826,606.0542,24.963318
52.288307,4.748203,594.95135,25.937605
52.288074,4.747026,611.74994,26.927711
52.287617,4.7467685,627.666,27.92614
52.28717,4.746518,689.7203,28.890312
52.286705,4.7454505,755.2264,29.832592
52.28644,4.7452345,799.4446,30.81973
52.285908,4.7441573,880.1331,31.750336
52.28504,4.7444167,915.5874,32.764404
52.28477,4.743631,969.0713,33.66308
52.284206,4.7435174,1039.6101,34.658146
52.284,4.742167,1092.216,35.640755
52.282936,4.7406826,1147.9299,36.662548
52.28277,4.7410817,1192.0867,37.71778
52.282166,4.7412496,1232.1686,38.63863
52.281536,4.740311,1260.7576,39.676815
52.28106,4.739071,1338.3535,40.74114
52.28053,4.7378006,1302.3619,41.877716
52.28045,4.737483,1317.569,42.764515
52.27934,4.7375464,1258.2897,43.762558
52.27999,4.737371,1278.1947,44.841015
52.279037,4.7361217,1330.7423,45.76044
52.278126,4.735464,1398.4447,46.82185
52.277958,4.735128,1415.4567,47.752506
52.277367,4.735072,1393.1158,48.78361
52.27681,4.734319,1492.0687,49.80237
52.27613,4.7336493,1569.3193,50.78721
52.27563,4.7330346,1587.5714,51.833
52.274952,4.7326293,1586.4493,52.877525
52.2744,4.7331166,1610.5553,53.904976
52.274025,4.732542,1568.9418,54.966087
52.2735,4.731621,1607.8893,55.946056
52.272785,4.731611,1610.4218,56.867683
52.27197,4.7310863,1655.303,57.809555
52.27138,4.730546,1663.591,58.74046
52.271557,4.7300825,1741.2313,59.703796
52.270065,4.7292857,1752.5092,60.74749
52.26927,4.7294655,1768.4744,61.73118
52.269295,4.729377,1796.6476,62.67325
52.26827,4.7291036,1824.3695,63.638218
52.26804,4.729553,1886.3608,64.75407
52.26773,4.7287245,1886.3639,65.74372
52.267147,4.728858,1895.9626,66.79699
52.266415,4.729047,1914.491,67.71797
52.26607,4.728984,1957.3539,68.673676
52.26535,4.7289066,1985.2861,69.51375
52.264557,4.7287936,2048.9688,70.61911
52.26436,4.728371,2062.2788,71.69997
52.263134,4.7293124,2092.226,72.57761
52.26288,4.7295547,2217.294,73.69163
52.26206,4.729687,2291.6262,74.6733
52.26194,4.729121,2395.9482,75.58451
52.26087,4.729946,2419.057,76.63097
52.260143,4.730836,2454.2795,77.58591
52.260483,4.731457,2417.6948,78.60712
52.259155,4.730976,2429.0823,79.50379
52.25889,4.730142,2484.642,80.51926
52.25823,4.731935,2519.9512,81.44162
52.257496,4.7324758,2548.1267,82.41279
52.257126,4.7331367,2592.894,83.42275
52.25661,4.7331777,2650.8975,84.43275
52.25593,4.73408,2660.9795,85.50981
52.25531,4.7342334,2740.315,86.544525
52.255074,4.7353077,2782.4094,87.45614
52.25421,4.735451,2867.2922,88.41722
52.253494,4.7366962,2884.3904,89.41528
52.253212,4.7375827,2936.5195,90.405975
52.25237,4.738286,2899.5469,91.43585
52.25206,4.7392354,2910.1265,92.39953
52.251305,4.7401567,2935.2495,93.359474
52.25088,4.739994,3042.0723,94.13278
52.25038,4.741116,3112.7834,95.24772
52.249847,4.743247,3127.777,96.03939
52.249172,4.7436757,3167.4465,97.1973
52.248684,4.744962,3163.5215,98.17937
52.24818,4.744978,3219.4634,99.19739
52.24722,4.7465863,3269.9067,100.19436
52.246845,4.7474422,3337.8955,101.18903
52.246532,4.749558,3361.0144,102.3004
52.245525,4.750723,3437.5615,103.04123
52.245354,4.751897,3464.5618,104.42945
52.244644,4.752452,3516.794,105.265465
52.24495,4.7534637,3586.6946,106.16673
52.243652,4.755399,3638.264,107.30657
52.244015,4.7566285,3690.7385,108.171364
52.24367,4.75784,3704.6882,109.19709
52.24248,4.7581325,3757.4158,110.4141
52.24228,4.7610416,3769.2651,111.40319
52.24198,4.7621336,3815.9624,112.46411
52.241814,4.763935,3874.1409,113.49562
52.241264,4.7648396,3919.2542,114.599556
52.240704,4.765817,3991.5156,115.6147
52.240215,4.767775,4039.6306,116.578926
52.2398,4.7690268,4061.991,117.56305
52.23953,4.7704654,4093.6772,118.5386
52.2392,4.7724133,4144.984,119.54905
52.23888,4.7739677,4179.6206,120.52104
52.2386,4.7751923,4239.164,121.76415
52.23789,4.7774014,4272.5996,122.53206
52.238094,4.777065,4333.72,123.911964
52.237114,4.780243,4358.0103,125.19142
52.23635,4.7806125,4507.223,125.899185
52.236385,4.783395,4583.8228,127.196815
52.236298,4.7847495,4626.092,128.01302
52.23595,4.785109,4699.9653,129.04639
52.235462,4.78786,4755.86,129.97932
52.234886,4.7886057,4806.993,131.02933
52.234722,4.7913427,4845.2295,132.06818
52.234142,4.79251,4896.0024,132.98859
52.234116,4.7943616,4952.753,133.91418
52.233635,4.797003,4985.0386,134.91655
52.233505,4.798329,5069.882,135.94374
52.23283,4.8000603,5145.303,136.90865
52.23252,4.8014617,5171.0884,138.12044
52.232105,4.803661,5213.9927,138.89688
52.231606,4.805408,5220.6655,139.92574
52.231663,4.80737,5237.4688,140.91469
52.23112,4.8095155,5298.629,141.62643
52.231037,4.810833,5334.6714,142.61154
52.230698,4.812632,5368.0806,143.43713
52.230164,4.8150253,5440.912,144.27777
52.229668,4.8165092,5511.624,145.33978
52.22963,4.8178277,5567.1343,146.3239
52.229233,4.8189754,5645.0625,147.2799
52.229122,4.821455,5655.798,148.25957
52.22883,4.823289,5688.797,149.23666
52.228645,4.8241844,5709.4355,150.44199
52.2278,4.826263,5759.0034,151.50406
52.22785,4.829707,5813.5176,152.44011
52.227688,4.8309565,5883.474,153.51985
52.227413,4.831613,5941.0864,154.88663
52.226173,4.834377,5988.352,155.65315
52.22623,4.8363347,6021.347,156.55333
52.226746,4.8386354,6072.0938,157.48434
52.22549,4.8369308,6165.202,158.28783
52.225147,4.8400297,6160.623,159.78282
52.224724,4.842896,6214.291,160.31622
52.22442,4.8461456,6232.185,161.64812
52.224174,4.847194,6336.384,162.40265
52.22317,4.8489547,6393.461,163.57387
52.223057,4.851079,6453.8604,164.54076
52.222473,4.852775,6493.7134,165.70418
52.22204,4.855155,6529.706,166.56659
52.222176,4.8571696,6596.0796,167.28825
52.22155,4.8590293,6599.3594,168.63892
52.22091,4.8604484,6692.043,169.28839
52.220345,4.863558,6739.385,169.88548
52.220814,4.86258,6820.8315,171.04959
52.219887,4.866754,6903.4614,172.3059
52.218487,4.8667264,6988.0874,172.95517
52.218655,4.869623,6999.0503,174.172
52.21836,4.870951,7041.6343,174.85265
52.2177,4.872617,7076.566,175.98451
52.217472,4.875151,7160.3887,176.85138
52.217144,4.8753057,7159.0483,177.98299
52.21658,4.8779874,7214.2764,178.89561
52.2158,4.879693,7236.655,179.8313
52.216,4.8822002,7298.642,180.89548
52.215214,4.8835454,7346.947,181.79958
52.21463,4.8859468,7380.1143,182.79597
52.214333,4.888506,7436.846,183.40082
52.21375,4.8896174,7440.287,184.63344
52.213486,4.892299,7515.118,185.6356
52.21287,4.8932433,7549.2114,186.57486
52.212452,4.895892,7614.889,187.4726
52.212215,4.8977714,7675.991,188.59364
52.21182,4.899624,7718.7773,189.41833
52.211235,4.900976,7743.9746,190.33122
52.210896,4.9023943,7811.633,191.51936
52.210423,4.903868,7876.7236,192.23055
52.209755,4.906151,7953.2686,193.29337
52.209232,4.9077883,8027.6323,194.27481
52.208797,4.909906,8071.121,195.13773
52.207882,4.911721,8115.822,196.04396
52.20821,4.914403,8151.0586,197.26685
52.207268,4.915542,8228.958,198.2429
52.20684,4.917542,8295.556,199.39023
52.206333,4.9198947,8369.699,200.15248
52.205585,4.9211926,8402.624,201.43594
52.20563,4.9236083,8458.359,202.23436
52.20501,4.9254923,8477.914,203.2071
52.20501,4.928086,8537.857,204.17859
52.20448,4.9301777,8597.427,205.21725
52.203648,4.9312644,8696.745,206.09346
52.20354,4.934022,8729.406,207.16164
52.202915,4.935741,8738.948,208.20079
52.202633,4.9383726,8781.238,209.10638
52.202133,4.9406676,8817.2,210.14478
52.20159,4.942692,8883.111,210.99387
52.201107,4.9446187,8928.969,211.99338
52.200798,4.9463873,8983.11,212.78761
52.20012,4.948416,9041.417,213.65656
52.199364,4.9506526,9076.358,214.73656
52.199512,4.9538975,9152.213,215.67233
52.199062,4.9543357,9181.201,216.55157
52.198643,4.956137,9277.312,217.66347
52.197765,4.9599853,9264.576,218.52258
52.198566,4.9620814,9353.395,219.62898
52.198265,4.9621854,9360.553,220.68979
52.197666,4.9644957,9411.985,221.58598
52.19708,4.966817,9449.9375,222.59833
52.19708,4.9699006,9469.522,223.4161
52.196835,4.970769,9513.687,224.25302
52.196056,4.973714,9560.511,225.25291
52.195778,4.975832,9611.8125,226.57097
52.195194,4.9782248,9650.833,227.34648
52.19471,4.979189,9721.351,228.14958
52.19423,4.9820924,9759.585,229.33984
52.194256,4.9835486,9834.913,230.19507
52.193527,4.9856343,9868.658,231.0116
52.193256,4.989106,9922.209,232.03719
52.19219,4.9906855,9911.278,233.13367
52.193195,4.991858,10013.589,234.14131
52.191288,4.9933796,10049.646,235.01823
52.191044,4.9971647,10135.863,236.36769
52.191387,5.0005813,10148.652,237.22281
52.190315,5.0008316,10179.046,238.0898
52.19023,5.0023026,10225.145,239.50145
52.18986,5.0039306,10219.227,240.39285
52.18958,5.0062947,10281.581,241.27644
52.189247,5.008137,10299.728,242.3189
52.188972,5.0096283,10316.278,243.29178
52.188694,5.011916,10333.546,244.1322
52.188183,5.0138073,10347.468,245.19489
52.18801,5.0163116,10395.107,246.22258
52.187458,5.017849,10426.991,247.03233
52.187065,5.019944,10459.201,248.1904
52.186543,5.0224705,10535.848,249.05197
52.185802,5.024706,10588.03,250.03671
52.186043,5.026914,10647.308,250.88925
52.18548,5.027997,10684.785,251.79279
52.184917,5.029823,10734.993,252.99911
52.1846,5.0326195,10811.057,254.12427
52.184204,5.035008,10891.369,254.87404
52.183777,5.0373755,10949.355,255.8716
52.183258,5.0394845,10983.757,256.55487
52.183178,5.0414214,11037.453,257.58084
52.18232,5.043086,11062.041,258.4935
52.18173,5.045264,11061.2295,259.52652
52.181984,5.047577,11075.176,260.5613
52.18111,5.0496993,11094.091,261.61362
52.18127,5.0512943,11129.186,262.83725
52.180946,5.05352,11134.07,263.71225
52.180405,5.0554223,11156.341,264.8271
52.179714,5.058578,11203.616,265.8946
52.1796,5.0597243,11235.056,266.7997
52.17896,5.0613203,11275.172,267.89877
52.178493,5.0628815,11349.718,268.79523
52.17803,5.065641,11364.835,269.88126
52.17747,5.0676503,11374.719,270.9213
52.176983,5.069908,11392.561,271.96924
52.176517,5.072335,11425.995,272.89178
52.1757,5.074649,11437.886,273.8082
52.1757,5.0772514,11468.752,274.72562
52.175465,5.0788774,11523.917,275.83838
52.174637,5.079995,11577.824,276.6226
52.173897,5.08291,11643.204,277.88287
52.173275,5.085123,11693.519,278.6832
52.17302,5.0873613,11755.911,279.60144
52.172195,5.0897,11755.618,280.5359
52.172115,5.091892,11831.312,281.58224
52.170685,5.0929184,11852.789,282.60345
52.169907,5.0954328,11907.735,283.63776
52.169285,5.099708,11913.302,284.9221
52.16895,5.1011605,11960.351,285.3397
52.168198,5.1007104,12003.599,286.95444
52.167107,5.1033206,12010.345,287.63165
52.16692,5.105592,12074.486,288.6072
52.166435,5.1080365,12118.675,289.6289
52.16567,5.1090326,12144.907,290.3298
52.16514,5.112351,12160.998,291.4886
52.164135,5.114991,12182.362,292.359
52.163666,5.117016,12241.841,293.2891
52.162926,5.1186314,12285.403,294.522
52.161858,5.120812,12316.776,295.20773
52.16152,5.1241283,12362.849,296.10428
52.1608,5.1251974,12374.953,296.98734
52.160225,5.1272573,12440.761,297.85513
52.15945,5.129342,12499.37,298.6618
52.15853,5.131741,12609.831,299.7723
52.15814,5.1334248,12617.39,300.68552
52.15716,5.1359143,12665.423,301.88458
52.156174,5.1380773,12696.568,302.91055
52.155727,5.1402574,12692.114,303.70187
52.154858,5.142725,12738.814,304.91364
52.15397,5.145321,12764.032,305.93335
52.153458,5.147545,12830.681,306.9707
52.15278,5.149677,12898.869,308.01596
52.152065,5.1521263,12961.284,308.994
52.151573,5.153485,13019.982,309.928
52.15051,5.1573687,13032.558,310.95007
52.149673,5.159388,13062.424,311.886
52.149017,5.161496,13145.053,313.07297
52.148167,5.16322,13170.944,313.9792
52.147194,5.1658096,13224.321,315.19128
52.146626,5.167763,13311.933,316.01257
52.145634,5.169563,13400.501,317.14026
52.144768,5.173145,13454.831,318.2789
52.144077,5.17395,13509.474,319.02103
52.14354,5.1765976,13523.392,320.0046
52.142605,5.1788616,13580.119,321.05334
52.142166,5.1807885,13583.754,322.22812
52.14126,5.183267,13677.5205,322.96634
52.14045,5.1841364,13729.914,323.79492
52.13975,5.1865325,13779.884,325.1479
52.13856,5.1889954,13804.096,325.95395
52.13831,5.1912303,13817.585,327.12592
52.136936,5.194586,13852.772,327.95575
52.13622,5.195648,13899.262,329.14386
52.1351,5.1981893,13933.56,329.91016
52.133812,5.2011037,13990.47,331.2038
52.133343,5.2019916,14007.527,331.89188
52.13263,5.2058706,14076.785,332.89203
52.131443,5.206391,14096.311,334.06076
52.130627,5.210162,14172.125,334.84225
52.12983,5.212472,14176.692,335.67984
52.129314,5.2137713,14222.461,336.6116
52.1282,5.216411,14245.516,337.88925
52.127083,5.2197404,14306.169,338.80466
52.12616,5.2212625,14331.0205,339.76123
52.125305,5.2235913,14371.052,340.7206
52.12421,5.225891,14445.628,341.73053
52.123363,5.2286863,14502.607,342.83316
52.12239,5.229992,14585.284,344.1409
52.121696,5.233357,14639.857,344.66898
52.120285,5.235103,14715.304,345.61404
52.11974,5.2370334,14781.152,346.62622
52.11881,5.2385116,14786.234,347.2092
52.117924,5.2399464,14807.325,348.74582
52.11709,5.24486,14818.698,349.09058
52.116154,5.2463117,14861.144,350.19073
52.114876,5.249256,14915.88,351.32996
52.11404,5.2502737,14949.211,352.27655
52.113327,5.252893,15006.744,353.54242
52.111828,5.25401,15084.908,354.29156
52.111446,5.2564507,15114.039,355.18204
52.110428,5.2581577,15123.729,357.00742
52.109505,5.2620053,15186.911,356.8991
52.10884,5.26397,15239.461,358.21216
52.10831,5.2635202,15289.429,359.6862
52.105976,5.2689238,15313.283,360.3309
52.105244,5.269323,15350.622,360.73904
52.105778,5.272509,15399.658,362.28854
52.1038,5.2737665,15495.993,362.8892
52.102818,5.2770414,15585.556,364.45963
52.10297,5.2780643,15629.747,364.96588
52.101154,5.2802052,15625.253,366.18063
52.100246,5.2850623,15678.699,367.38754
52.09922,5.2853985,15714.427,368.39868
52.09847,5.286141,15778.631,369.25757
52.09639,5.2869616,15779.271,370.3144
52.0961,5.2923985,15805.398,371.30466
52.09505,5.2946343,15801.711,372.19336
52.094177,5.2951856,15873.475,373.38098
52.09331,5.296564,16004.333,374.16336
52.092476,5.2985306,15998.632,375.2909
52.09137,5.302797,16029.807,376.32925
52.090454,5.3047986,16043.51,377.14438
52.08963,5.3068748,16068.824,378.26352
52.088238,5.3089213,16104.628,378.938
52.087055,5.311861,16167.76,380.22095
52.086746,5.31317,16219.868,381.4142
52.08533,5.314473,16219.987,382.47385
52.08415,5.319262,16272.301,383.47537
52.08328,5.321336,16316.632,384.64468
52.082798,5.322806,16406.596,385.57718
52.080288,5.322341,16432.43,386.51505
52.080326,5.3270464,16485.105,387.92233
52.07901,5.3307643,16528.422,388.429
52.077724,5.3318186,16552.2,389.78366
52.07675,5.333048,16617.805,390.60358
52.07558,5.336956,16620.11,391.60083
52.075417,5.3389864,16638.732,392.4798
52.073887,5.3414125,16644.29,393.61246
52.073235,5.3440156,16707.344,394.47433
52.07237,5.345053,16763.402,395.7206
52.071095,5.346897,16785.0,396.61227
52.06958,5.3505344,16850.404,397.30798
52.068756,5.3524804,16905.723,398.8355
52.06818,5.3535795,16961.053,399.313
52.066853,5.356431,16990.502,400.5679
52.065155,5.3582435,17045.861,401.70474
52.064777,5.3614297,17075.477,402.61053
52.0635,5.364477,17109.855,403.37634
52.062984,5.3649497,17169.07,404.55774
52.06149,5.3678193,17205.027,405.42105
52.06064,5.371064,17204.03,406.27713
52.060078,5.3733387,17266.908,407.1556
52.058342,5.3749533,17348.99,408.59814
52.057266,5.3775864,17368.598,409.39935
52.056614,5.3807654,17374.6,410.24625
52.05545,5.3824215,17354.502,411.45703
52.053837,5.3829274,17407.842,412.19592
52.052567,5.388747,17517.39,413.47552
52.0519,5.388097,17536.904,414.4577
52.051056,5.389374,17538.635,415.23984
52.050045,5.3920403,17597.725,416.34924
52.04803,5.396699,17622.266,417.53314
52.048088,5.3973885,17656.383,418.4979
52.04697,5.3988104,17693.438,419.27637
52.04495,5.400878,17779.836,420.59088
52.044247,5.4036074,17768.492,421.2211
52.04286,5.406506,17822.754,422.50934
52.041817,5.4095187,17863.52,423.20593
52.04072,5.412673,17880.926,424.81534
52.039734,5.4138875,17943.762,424.8363
52.039387,5.415676,17967.93,425.373
52.037712,5.4178977,18029.236,426.80417
52.036793,5.418689,18095.455,427.17065
52.035046,5.422583,18143.422,428.18326
52.034004,5.427782,18192.12,429.5748
52.033054,5.427456,18268.693,429.95505
52.032757,5.4287176,18241.092,432.01178
52.030254,5.4326806,18217.43,432.1122
52.03103,5.4364376,18259.457,433.5575
52.029278,5.4363537,18319.53,433.8927
52.02854,5.437351,18324.967,434.63284
52.027695,5.440058,18394.812,437.41107
52.026627,5.4458966,18425.586,436.96396
52.026253,5.447132,18438.273,438.7119
52.024254,5.4490614,18478.14,439.74988
52.022923,5.451616,18530.248,441.0024
52.02169,5.453568,18557.568,441.76675
52.020916,5.456758,18587.584,443.58087
52.020153,5.461484,18583.922,444.2481
52.018646,5.462541,18634.248,444.904
52.01783,5.464694,18733.996,446.3601
52.01637,5.4662294,18708.45,447.45322
52.015514,5.4680195,18778.992,447.91125
52.014244,5.471154,18795.584,449.33817
52.013,5.474081,18868.412,449.75867
52.012318,5.475284,18836.275,451.3361
52.01075,5.478436,18900.217,452.30353
52.00957,5.4832625,19003.078,452.2397
52.00863,5.4814863,19003.71,454.63763
52.007427,5.484664,19018.305,454.60175
52.005722,5.4900784,19167.902,455.16754
52.005768,5.490056,19135.115,456.87308
52.004448,5.4921637,19128.889,458.14594
52.002567,5.495375,19216.182,458.68542
52.002544,5.4988384,19209.988,460.16568
52.000782,5.5016036,19251.543,460.8152
52.000656,5.5024652,19287.445,462.2401
51.999004,5.50481,19307.682,462.85852
51.997528,5.5065646,19349.988,464.17258
51.996754,5.509736,19370.303,464.96902
51.99542,5.5126047,19392.504,465.89005
51.99506,5.515564,19393.773,467.14224
51.99338,5.5176015,19474.61,468.0583
51.992573,5.5201106,19494.832,468.97223
51.990826,5.5210757,19519.842,470.1426
51.990395,5.523741,19557.13,471.22537
51.989056,5.5269303,19582.193,472.074
51.988922,5.528538,19614.62,472.87238
51.98646,5.5324674,19697.291,474.44418
51.985065,5.536343,19765.277,474.69797
51.984917,5.536973,19730.531,475.93195
51.98332,5.5401764,19791.887,476.91605
51.98206,5.5404944,19837.842,478.24185
51.981014,5.5435815,19902.695,478.96594
51.980072,5.544904,19911.916,479.94177
51.978737,5.5491076,19925.479,481.19543
51.977764,5.5506854,19956.645,481.9062
51.97677,5.5531135,19998.14,483.26675
51.975216,5.5566835,20055.959,484.2026
51.974102,5.559475,20111.111,485.19992
51.973442,5.560697,20118.508,486.35532
51.97182,5.563374,20148.62,487.7497
51.97053,5.5669503,20197.906,488.00476
51.970085,5.5680356,20220.266,489.19104
51.968338,5.570207,20243.838,490.4151
51.967102,5.5721107,20225.56,491.30728
51.96557,5.578382,20345.873,492.44177
51.964264,5.580753,20388.201,493.18777
51.96423,5.579141,20332.594,494.28204
51.96254,5.5811563,20414.547,495.1726
51.961926,5.5845675,20408.873,496.45285
51.9609,5.5874095,20472.113,497.33255
51.95964,5.5889835,20502.332,498.17303
51.95884,5.592228,20520.27,499.48276
51.956966,5.5935926,20558.227,500.17776
51.955547,5.5957165,20571.547,501.56888
51.95456,5.6007414,20649.453,502.4587
51.953136,5.60333,20689.209,503.2892
51.95271,5.603685,20752.76,504.90903
51.951023,5.606257,20759.82,505.32898
51.9503,5.6099234,20785.086,506.5257
51.949226,5.6112676,20849.621,507.56287
51.948093,5.6125,20885.0,508.35617
51.946873,5.6155224,20917.416,509.89606
51.945866,5.619433,20939.057,509.99625
51.944954,5.6219277,20952.53,511.92438
51.943707,5.622904,20966.281,512.8792
51.94198,5.6273813,21105.592,513.8282
51.941654,5.628589,21005.56,514.59863
51.94005,5.6307225,21076.86,515.83276
51.938763,5.6322417,21114.684,516.2791
51.938274,5.6336627,21098.756,517.99634
51.936306,5.6383576,21210.945,518.2054
51.934822,5.6421504,21292.203,519.53955
51.934444,5.6415896,21206.732,520.6295
51.933342,5.644417,21280.652,521.4388
51.932228,5.6472044,21307.838,523.1396
51.92972,5.650434,21434.78,523.39966
51.92921,5.6537743,21416.918,524.6505
51.927975,5.6555367,21447.602,525.4994
51.927116,5.6560183,21425.598,526.57
51.92609,5.6587462,21467.654,527.16235
51.92432,5.6609216,21532.568,528.26874
51.923462,5.663723,21560.518,529.57983
51.922203,5.667065,21655.775,530.37384
51.921345,5.6671524,21614.03,531.3715
51.920017,5.6705894,21656.76,532.44183
51.91931,5.6724205,21687.998,533.4235
51.917816,5.673981,21728.03,534.2626
51.916965,5.6769977,21779.588,535.2771
51.916172,5.679166,21771.521,536.24176
51.91445,5.681434,21824.932,537.4116
51.913692,5.684427,21858.049,538.5836
51.911602,5.6863832,21895.543,539.28674
51.910847,5.6891737,21920.93,540.68176
51.910076,5.691681,21915.205,541.2474
51.90739,5.6949196,22071.41,542.615
51.90763,5.695667,22051.826,543.1705
51.906254,5.69799,22051.04,544.6876
51.90548,5.6999326,22088.174,545.5624
51.903286,5.703568,22186.412,546.3402
51.901722,5.7060437,22242.562,547.25867
51.90117,5.7067113,22138.33,548.4269
51.899254,5.7113605,22287.793,549.1826
51.898888,5.711464,22229.21,550.2987
51.896965,5.715596,22340.03,551.2864
51.89605,5.7192087,22379.584,552.0488
51.895103,5.7198706,22370.291,553.27313
51.893745,5.722769,22454.148,554.21484
51.892185,5.725117,22430.89,555.2858
51.891438,5.727342,22455.654,556.20795
51.889885,5.7290397,22483.129,557.0371
51.889103,5.7315583,22510.768,558.3859
51.88727,5.7341356,22570.357,559.355
51.885937,5.736579,22581.049,560.22015
51.88541,5.738852,22619.97,561.302
51.884457,5.7404237,22643.387,562.0129
51.882122,5.742624,22695.465,562.9202
51.881382,5.7455807,22673.453,564.2343
51.879356,5.7507534,22876.328,564.84766
51.87912,5.749711,22757.855,566.1283
51.877457,5.7532063,22821.008,566.7998
51.876102,5.754894,22858.357,567.9022
51.874855,5.757936,22886.268,568.52234
51.873238,5.7598886,22913.402,569.68823
51.872757,5.76365,22918.285,570.82324
51.870945,5.764334,22983.354,571.4709
51.869923,5.765666,23027.691,572.69543
51.86884,5.768253,23042.633,573.2829
51.867275,5.772585,23079.832,574.89734
51.866478,5.7735653,23132.338,575.3067
51.86521,5.7758937,23147.791,576.545
51.862988,5.7789464,23160.26,577.4265
51.86226,5.782241,23183.998,578.44946
51.8606,5.7833934,23194.395,579.23157
51.860336,5.786443,23203.521,580.44586
51.857742,5.790075,23332.629,581.6248
51.857487,5.790701,23311.035,582.7127
51.8563,5.793427,23344.762,583.49225
51.854465,5.7955313,23358.85,584.1939
51.852444,5.7982125,23379.88,585.531
51.852016,5.799877,23421.965,586.47296
51.85095,5.8007684,23438.928,587.10474
51.848934,5.804362,23518.38,588.21704
51.848392,5.8063574,23517.68,589.3473
51.8472,5.8088923,23538.34,590.2463
51.845657,5.8112717,23584.857,591.23834
51.844547,5.8125205,23578.662,592.2226
51.84275,5.8191447,23760.469,593.40643
51.841995,5.8181777,23603.201,594.2033
51.840626,5.820162,23649.69,595.3541
51.839104,5.822328,23667.49,596.382
51.83699,5.82671,23840.445,597.35516
51.83702,5.8266387,23775.104,598.058
51.835712,5.8293633,23814.691,599.20465
51.833763,5.8326445,23840.506,600.1736
51.833202,5.8339424,23823.154,600.9922
51.831367,5.839616,24005.615,601.9417
51.830437,5.839116,23896.707,603.266
51.828922,5.841501,23912.31,604.67365
51.82723,5.846457,24125.916,604.981
51.826973,5.84448,23976.758,606.0332
51.824932,5.849097,24025.762,607.45996
51.823658,5.852097,24102.95,607.9891
51.822914,5.852519,24121.541,609.2059
51.82106,5.8543215,24147.37,609.9287
51.81958,5.8569055,24182.768,611.0311
51.81817,5.860108,24207.389,612.0553
51.81691,5.861673,24225.176,612.62714
51.815533,5.8653126,24356.008,614.03784
51.814278,5.866279,24261.46,615.0538
51.812927,5.8713193,24374.283,616.02203
51.81208,5.870945,24303.717,616.7866
51.810505,5.8742127,24374.502,617.98456
51.809395,5.8766594,24426.268,618.8181
51.80752,5.8789353,24456.918,619.70044
51.806934,5.8806286,24485.45,620.79626
51.805244,5.883995,24505.63,621.8836
51.8043,5.885858,24535.969,622.8831
51.802483,5.8893714,24584.594,623.7763
51.80095,5.889473,24605.006,624.90924
51.80044,5.8931823,24640.396,625.8599
51.798725,5.895512,24678.746,626.7477
51.797947,5.8973684,24688.125,627.8378
51.79603,5.8997235,24710.236,629.0333
51.79476,5.901366,24742.955,629.81006
51.793896,5.904445,24773.8,630.5767
51.79235,5.9052615,24819.209,631.49414
51.790466,5.9094777,24830.447,632.894
51.78922,5.9120445,24848.588,633.5803
51.78892,5.914242,24866.29,634.60596
51.786987,5.9161754,24905.094,635.37036
51.785564,5.918452,24930.988,636.5324
51.784393,5.920893,24936.336,637.50183
51.782322,5.923923,24968.771,638.3307
51.78143,5.924456,24956.338,639.58154
51.779873,5.930841,25179.95,640.30005
51.779263,5.9296484,25029.2,641.34674
51.77735,5.932721,25110.154,642.19904
51.776493,5.9337225,25152.66,642.985
51.77452,5.936035,25183.162,644.54156
51.773323,5.9394317,25181.23,644.9374
51.772842,5.942122,25186.59,645.8894
51.77005,5.9463806,25352.764,647.2548
51.770027,5.9457664,25235.316,648.11035
51.767853,5.948867,25288.814,649.249
51.766285,5.9511952,25320.705,650.18896
51.765766,5.954258,25307.012,651.0878
51.763897,5.958789,25543.068,652.14636
51.76296,5.9566894,25376.338,652.89996
51.761436,5.9597764,25453.314,654.0719
51.759945,5.9626136,25485.291,654.7047
51.75885,5.964782,25485.744,655.902
51.757416,5.9685745,25604.762,656.8697
51.75581,5.968994,25551.605,657.63763
51.75435,5.9730015,25580.043,659.03015
51.753418,5.973785,25569.473,659.3554
51.75153,5.976417,25685.645,660.9932
51.750774,5.9781985,25631.105,661.6104
51.749508,5.9821653,25694.068,662.7486
51.748146,5.9800115,25637.674,663.39874
51.746338,5.988367,25929.584,663.7827
51.746086,5.9869723,25703.555,664.8096
51.74424,5.9872503,25796.414,665.52954
51.742634,5.9919763,25849.408,666.9773
51.741413,5.9931645,25832.727,667.33655
51.740242,5.9962144,25861.707,667.857
51.7384,5.9984374,25942.498,669.78375
51.73699,6.0014915,25990.326,670.4639
51.735634,6.002989,25966.414,671.3798
51.733814,6.006042,26010.62,672.6242
51.733006,6.0094705,26074.549,673.4965
51.73144,6.009396,26019.947,674.8654
51.730083,6.0156302,26227.936,675.6936
51.72861,6.0148807,26115.85,676.2918
51.727844,6.015818,26134.404,677.62225
51.72602,6.02078,26229.54,678.6098
51.724686,6.0211377,26224.65,679.16833
51.72363,6.0247397,26266.355,680.53687
51.721703,6.025594,26254.81,681.7414
51.720867,6.0284195,26310.557,682.66614
51.71899,6.03285,26364.031,683.1821
51.71854,6.0329742,26319.787,684.9304
51.716698,6.035938,26379.053,686.1617
51.714725,6.038124,26411.871,686.53705
51.713356,6.0401707,26445.74,687.46277
51.71296,6.0424957,26457.23,688.1954
51.711433,6.0440784,26510.021,688.6702
51.70975,6.0459814,26553.135,689.634
51.708424,6.0499268,26577.291,690.73914
51.70797,6.050765,26557.436,691.7658
51.70521,6.058172,26774.34,692.44305
51.705532,6.0555854,26602.139,693.85187
51.703465,6.058784,26698.486,694.7786
51.70116,6.059725,26734.193,696.0821
51.700886,6.0644145,26720.262,696.58984
51.698685,6.0669637,26776.406,697.7282
51.69732,6.0678725,26774.145,699.2168
51.69642,6.0704455,26832.834,699.83136
51.694836,6.073188,26851.309,700.7017
51.693375,6.076075,26830.412,701.66364
51.69223,6.078261,26928.578,702.86707
51.691246,6.0802774,26895.373,703.265
51.689518,6.081707,26925.818,704.7582
51.687336,6.0859146,26972.285,704.81445
51.68651,6.086397,26973.809,706.65515
51.68498,6.090147,27053.75,707.3586
51.683254,6.091736,27028.693,708.74554
51.682663,6.0921154,27045.55,709.2609
51.680878,6.0981216,27159.395,710.0845
51.679596,6.0982423,27104.729,711.17114
51.678535,6.0990086,27126.475,712.26624
51.676468,6.1008463,27202.041,713.593
51.675045,6.106119,27204.078,713.8667
51.67378,6.1071696,27260.77,715.33374
51.673397,6.1095057,27247.926,716.9504
51.670643,6.1125216,27356.283,717.6375
51.66928,6.1144123,27281.865,718.19824
51.668854,6.1179,27316.8,719.4926
51.66729,6.117005,27362.688,719.3811
51.666214,6.1184483,27354.082,722.25806
51.664692,6.123331,27370.604,721.5458
51.662838,6.1309295,27563.117,723.426
51.662384,6.1279984,27416.398,724.7403
51.660522,6.1309514,27443.117,725.4946
51.65823,6.133439,27492.656,726.15314
51.656742,6.1340365,27532.744,727.0549
51.655876,6.1380844,27547.77,728.4711
51.6538,6.140924,27516.836,729.4303
51.653454,6.1420035,27579.139,730.29156
51.651745,6.1439753,27535.879,731.404
51.650463,6.145762,27527.45,732.6006
51.648777,6.1531134,27756.732,733.4886
51.647686,6.1545506,27740.031,734.9027
51.64703,6.152801,27661.39,735.2191
51.644417,6.1584883,27799.701,736.8084
51.643192,6.159294,27751.428,737.01965
51.64181,6.161546,27744.102,738.187
51.64,6.163655,27800.629,739.4782
51.638523,6.165461,27827.28,740.6732
51.637486,6.168301,27869.068,741.0298
51.636047,6.170794,27903.61,742.3943
51.63548,6.1740046,27933.193,743.5093
51.63344,6.174367,27960.139,743.9123
51.632263,6.176635,27993.932,745.24603
51.630856,6.1811423,28048.135,746.203
51.628765,6.183944,28060.145,747.2413
51.627922,6.1867247,28101.852,747.91864
51.626637,6.1880417,28115.908,749.40485
51.62532,6.189419,28076.982,750.506
51.62283,6.1962614,28327.307,751.1212
51.622665,6.193473,28082.463,752.6155
51.62105,6.199478,28239.666,753.3949
51.619358,6.1990023,28180.56,754.2188
51.61847,6.2011943,28237.625,755.14935
51.616787,6.2036715,28279.352,755.8091
51.61495,6.207002,28297.38,757.139
51.613926,6.208449,28293.414,758.08466
51.611988,6.2103086,28314.055,759.0678
51.610004,6.2164097,28448.508,759.8464
51.609783,6.215709,28374.521,761.108
51.60827,6.218394,28420.45,762.2044
51.60659,6.220645,28443.686,763.17474
51.604546,6.2244554,28473.293,763.9079
51.603497,6.22721,28502.602,764.89264
51.603172,6.229058,28562.87,766.2686
51.59926,6.2285256,28583.895,766.9719
51.59911,6.232909,28598.705,768.4533
51.598194,6.2347627,28572.625,769.42883
51.595863,6.240049,28736.5,769.8612
51.59463,6.239146,28658.107,771.7312
51.59328,6.2415247,28699.516,772.49414
51.591816,6.24421,28768.066,773.158
51.590557,6.2470345,28750.834,774.2685
51.58966,6.2504845,28801.484,775.2935
51.587536,6.251672,28806.016,776.1233
51.58626,6.2558975,28837.818,777.6638
51.584877,6.2565317,28870.748,778.3003
51.58394,6.2564187,28864.783,778.5665
51.581417,6.2616153,28885.922,780.3806
51.58048,6.262844,28912.59,781.207
51.578537,6.266515,28949.635,782.16376
51.5779,6.2673783,28989.174,782.8587
51.57595,6.2708216,28985.66,784.5957
51.5744,6.273994,29031.408,785.1318
51.57346,6.27696,29074.43,785.963
51.570942,6.2770834,29104.266,787.22894
51.568363,6.2806807,29106.877,788.1467
51.569336,6.282011,29136.717,789.2942
51.566742,6.2847834,29168.615,789.8328
51.566185,6.287297,29162.629,791.2159
51.564533,6.2886605,29165.059,791.84607
51.563328,6.2938833,29356.842,792.63324
51.56251,6.293105,29222.58,794.55725
51.55957,6.2993207,29264.29,795.68866
51.558765,6.300245,29339.215,795.6446
51.557266,6.304085,29322.895,797.2672
51.556892,6.3041434,29313.18,797.9498
51.553368,6.310237,29477.838,799.68085
51.552597,6.3096614,29358.691,800.222
51.553185,6.3173223,29558.98,800.05066
51.5497,6.308699,29403.598,797.859
51.54915,6.317369,29483.857,796.5399
51.548508,6.3177986,29539.814,797.4633
51.546276,6.3192587,29514.338,799.83386
51.544506,6.324496,29647.664,799.3805
51.543736,6.3240952,29553.957,800.7956
51.54194,6.327545,29597.19,801.76385
51.53989,6.332052,29649.656,803.379
51.539818,6.331697,29656.139,803.49194
51.538544,6.33166,29664.25,804.4597
51.53613,6.3362937,29631.863,806.33344
51.533546,6.342035,29849.988,806.1823
51.53453,6.3409185,29672.514,808.34155
51.531292,6.343858,29816.973,808.97253
51.529423,6.3473377,29866.55,809.9853
51.528374,6.349253,29802.605,811.0449
51.52788,6.3507404,29852.41,811.7021
51.52572,6.353319,29883.39,813.0018
51.523685,6.355471,29895.383,813.54834
51.52239,6.3595295,30008.045,814.7191
51.5217,6.3599586,29932.639,816.12634
51.52053,6.3604403,29946.691,816.4625
51.518066,6.367187,30145.898,817.7764
51.51673,6.3668303,30036.242,819.1859
51.51599,6.369698,30101.914,819.52625
51.513966,6.371939,30122.398,820.9713
51.51218,6.3733077,30124.889,822.01917
51.510548,6.379213,30158.654,822.2087
51.51026,6.378974,30210.676,823.76624
51.507866,6.381476,30196.684,825.23865
51.506027,6.382969,30232.22,825.4034
51.504986,6.387465,30277.69,826.80475
51.50332,6.3883657,30310.717,828.2668
51.502464,6.390718,30316.709,828.7933
51.49976,6.3935666,30322.385,829.3798
51.49849,6.3972516,30447.357,830.4091
51.498604,6.3977003,30365.47,831.7897
51.495964,6.4008374,30409.652,832.889
51.49449,6.403028,30465.78,833.8216
51.492943,6.405934,30479.254,834.4894
51.49154,6.407865,30476.775,835.20386
51.48928,6.409914,30544.855,837.47235
51.48849,6.4132957,30575.133,836.84235
51.48661,6.415054,30573.098,839.52454
51.484512,6.418078,30593.5,839.6179
51.48405,6.4219284,30711.795,840.70087
51.483418,6.4223323,30561.312,842.2488
51.4813,6.4267507,30794.145,842.926
51.47997,6.426321,30669.354,843.3766
51.477764,6.42956,30696.812,845.13885
51.476307,6.4312706,30776.611,845.40283
51.47499,6.435726,30789.648,847.1327
51.474163,6.436171,30810.396,847.7201
51.471596,6.4391294,30846.803,848.6207
51.470783,6.440568,30860.951,849.9705
51.469593,6.4407773,30892.85,850.2621
51.467648,6.4441214,30905.486,851.58295
51.466694,6.448452,30931.781,852.22235
51.465214,6.451288,31016.629,854.2325
51.46359,6.451168,31038.912,854.92413
51.4612,6.4541383,31028.887,855.3023
51.45985,6.458167,31066.643,857.2799
51.458168,6.458485,31099.547,857.4621
51.45686,6.4621015,31125.639,858.8099
51.45533,6.464061,31131.6,859.92865
51.453964,6.464984,31158.29,860.82745
51.4529,6.469974,31159.523,861.6328
51.45059,6.4719353,31194.375,862.5136
51.450615,6.474531,31189.299,863.666
51.447998,6.4765143,31233.535,864.1881
51.445713,6.477378,31266.363,865.7256
51.444916,6.480725,31338.219,866.3504
51.443577,6.4823737,31321.85,867.75214
51.441414,6.4862113,31369.482,869.2835
51.440594,6.4879208,31423.322,869.431
51.439354,6.488721,31423.678,870.09485
51.43755,6.490993,31433.053,871.77155
51.43672,6.494956,31435.4,873.02435
51.43429,6.4972634,31442.848,873.4047
51.433243,6.495961,31482.174,874.6656
51.430954,6.4996195,31481.656,875.7428
51.429955,6.503513,31521.705,876.62225
51.42872,6.505399,31567.273,877.93054
51.426678,6.507476,31654.191,879.0973
51.424942,6.5091977,31563.668,880.04254
51.424076,6.513118,31635.865,880.84656
51.423058,6.519026,31702.928,882.19824
51.422096,6.514636,31712.465,882.5652
51.41967,6.516671,31725.57,885.1513
51.41912,6.521658,31726.07,883.98663
51.418015,6.5245743,31832.885,886.2066
51.41658,6.525307,31772.555,888.2638
51.413296,6.5289054,31847.61,888.2052
51.411217,6.5319657,31874.908,889.2022
51.411728,6.5333548,31809.107,890.3928
51.409023,6.5358186,31885.268,891.155
51.407116,6.537704,31921.887,892.8831
51.405846,6.5409775,31923.008,893.6135
51.404137,6.5442176,31965.479,894.1654
51.403366,6.545947,31941.496,895.1846
51.40105,6.5478544,31989.307,896.313
51.40017,6.548906,32028.803,897.68225
51.398243,6.551444,32111.729,898.78894
51.396847,6.5535107,32064.898,899.4063
51.39531,6.556916,32120.338,900.31335
51.393337,6.558302,32119.617,901.96643
51.392536,6.5608025,32160.348,902.4646
51.390244,6.5639515,32163.596,903.06476
51.388935,6.565125,32194.973,904.506
51.387806,6.568711,32190.67,905.70654
51.38624,6.570576,32214.826,906.6502
51.384396,6.572502,32282.56,907.95856
51.382626,6.575555,32302.799,907.9779
51.381405,6.5777974,32261.992,910.22894
51.37982,6.579712,32377.74,910.1523
51.37862,6.581409,32303.828,911.4687
51.37743,6.58429,32396.977,912.444
51.375114,6.5857873,32391.996,913.3263
51.374638,6.5883145,32408.139,914.39307
51.372204,6.5902405,32469.125,914.8767
51.370304,6.5917544,32453.635,916.2817
51.368317,6.596337,32477.152,917.40857
51.36752,6.5969605,32509.445,918.2428
51.36638,6.598968,32540.545,919.50183
51.363888,6.6002784,32569.04,920.8226
51.362297,6.6045184,32605.748,920.9971
51.362495,6.606094,32592.664,922.05676
51.36001,6.6087837,32619.703,923.53314
51.35865,6.6106434,32582.996,924.87354
51.35569,6.615481,32787.355,925.1898
51.35565,6.6153646,32633.037,926.4555
51.3535,6.6177244,32715.545,927.4444
51.352196,6.6208744,32718.691,927.831
51.349876,6.6234446,32743.18,929.41437
51.34825,6.624959,32763.326,930.4039
51.347034,6.629575,32765.676,931.2408
51.345917,6.6329403,32778.965,932.06085
51.34273,6.6294184,32831.637,933.243
51.34308,6.632178,32843.43,933.79974
51.341103,6.6362596,32825.36,935.5549
51.339214,6.638079,32897.18,935.89795
51.338356,6.640058,32904.93,937.09406
51.335796,6.6433396,32920.49,937.87054
51.33504,6.6454215,32940.23,940.1591
51.331768,6.6494403,33003.637,940.402
51.33136,6.653123,32985.21,940.6004
51.328766,6.6476517,33039.504,942.6098
51.325756,6.653259,33046.918,944.8685
51.326416,6.6567764,33059.54,944.1466
51.3244,6.6610622,33083.62,945.15656
51.325016,6.6612296,33075.523,946.1961
51.323185,6.6608458,33095.07,946.35785
51.32025,6.6585155,33181.758,947.21
51.31909,6.665931,33152.25,949.44904
51.316395,6.674717,33181.93,950.74866
51.31666,6.6728625,33241.99,949.75824
51.31408,6.674491,33250.492,952.4228
51.312992,6.675314,33267.89,953.2008
51.31061,6.6810737,33295.414,954.84753
51.309315,6.679235,33323.883,953.73145
51.31077,6.6772904,33263.957,955.19867
51.304905,6.681546,33360.344,958.17474
51.30612,6.690972,33358.977,957.4965
51.30581,6.68972,33428.2,958.7996
51.30151,6.6887016,33437.203,960.95435
51.298042,6.6949778,33423.266,961.30493
51.299095,6.6973734,33440.06,961.8153
51.297585,6.700286,33458.18,962.7855
51.293747,6.6999326,33499.508,963.7225
51.29478,6.702664,33498.145,965.09576
51.29244,6.7018766,33499.418,965.0946
51.29019,6.70806,33528.395,967.8949
51.28814,6.709637,33554.906,967.31067
51.28775,6.711267,33607.46,969.21625
51.283634,6.7116804,33630.13,970.2148
51.283527,6.714525,33645.74,970.90796
51.282055,6.7189884,33616.09,972.0976
51.27971,6.7225194,33765.027,972.21545
51.27975,6.7213855,33664.066,974.9754
51.276512,6.723641,33703.08,974.93024
51.276863,6.7249494,33734.305,975.52026
51.273666,6.728478,33721.15,976.924
51.272583,6.7285852,33783.66,977.556
51.271076,6.733561,33784.402,978.60443
51.267387,6.735965,33817.42,979.9459
51.269505,6.73741,33836.94,981.2073
51.265476,6.7364273,33842.523,981.4672
51.26423,6.7416034,33826.645,983.43134
51.261425,6.747087,33867.58,983.2834
51.262856,6.745778,33924.656,984.9506
51.258396,6.746662,33935.465,985.88837
51.257534,6.7500467,34007.598,987.07806
51.256477,6.754568,33965.547,988.42395
51.253345,6.755444,33996.95,988.1526
51.253063,6.7566433,34035.113,990.0049
51.250755,6.7570853,34045.484,990.0068
51.249973,6.759534,34039.613,991.8749
51.24737,6.7627335,34026.547,992.88824
51.246876,6.767392,34126.434,993.07684
51.24682,6.7672176,34058.68,994.90027
51.242744,6.766485,34138.22,995.2804
51.242573,6.7714643,34164.8,996.72253
51.240242,6.7743835,34174.86,997.84924
51.239944,6.777206,34194.47,998.7498
51.237488,6.778855,34198.938,999.3834
51.235027,6.7807574,34218.7,1000.7091
51.233627,6.781774,34255.004,1001.8572
51.231228,6.7843056,34264.14,1002.599
51.231396,6.785629,34291.367,1003.6116
51.229145,6.7898974,34284.918,1005.11755
51.22686,6.7931366,34270.26,1005.62933
51.22536,6.7946806,34324.535,1006.0949
51.222538,6.7964854,34350.004,1006.7219
51.222576,6.797872,34421.176,1008.29395
51.220104,6.8006954,34418.0,1009.82495
51.218094,6.801877,34415.957,1010.47705
51.218845,6.805667,34431.8,1012.40204
51.215736,6.8082747,34487.7,1012.0377
51.213844,6.8069983,34460.29,1014.31055
51.211174,6.810323,34506.637,1013.82556
51.210804,6.811338,34520.605,1016.2211
51.208847,6.8164816,34499.05,1016.6832
51.20811,6.816918,34518.574,1017.2935
51.20772,6.820516,34500.707,1018.5932
51.202896,6.822978,34560.676,1019.81476
51.203384,6.823662,34601.64,1020.44366
51.202152,6.8263545,34581.07,1021.00055
51.199287,6.828591,34592.72,1023.1894
51.196873,6.831552,34603.54,1023.1528
51.19714,6.8329425,34603.344,1024.641
51.193485,6.836785,34737.41,1025.6881
51.193886,6.8356967,34650.676,1026.6094
51.19181,6.8395987,34709.98,1027.5232
51.189213,6.839174,34711.938,1028.1472
51.186916,6.8445473,34703.492,1029.4861
51.18611,6.8459888,34773.81,1030.6808
51.185764,6.8466053,34779.023,1031.396
51.183132,6.8493047,34779.402,1032.3545
51.1815,6.851882,34787.504,1033.1611
51.18022,6.8548293,34781.465,1034.6498
51.1776,6.856065,34847.85,1034.6984
51.17768,6.8557444,34806.812,1036.8193
51.175686,6.8598456,34840.79,1036.5193
51.173706,6.8635063,34871.008,1038.6362
51.171288,6.865167,34869.387,1039.1255
51.170124,6.8666706,34894.6,1040.5266
51.16914,6.867906,34927.285,1041.3273
51.16636,6.8713245,34928.17,1042.6561
51.165497,6.871393,34909.312,1043.4164
51.162567,6.875863,35046.316,1044.443
51.16124,6.8772078,34945.43,1045.6313
51.159233,6.8801107,34981.176,1045.7129
51.158314,6.879601,35013.215,1047.6365
51.156487,6.8826823,34996.41,1048.0369
51.154808,6.885276,35016.01,1049.0503
51.15452,6.888846,35025.527,1050.4187
51.151413,6.8896832,35039.26,1050.9758
51.150394,6.8944144,35070.4,1052.0974
51.149353,6.8934207,35086.18,1053.1078
51.147133,6.89685,35122.363,1054.516
51.145184,6.900009,35115.152,1054.301
51.145397,6.898618,35197.812,1055.889
51.14267,6.9048276,35201.387,1057.9711
51.1382,6.9049377,35243.21,1058.3179
51.13964,6.9070163,35258.2,1059.6676
51.136982,6.9091544,35228.496,1060.2538
51.135227,6.910437,35215.58,1060.8345
51.13451,6.912647,35246.297,1062.0455
51.132988,6.912704,35218.82,1063.2067
51.130875,6.9197755,35331.918,1064.194
51.129097,6.9189487,35273.82,1064.7795
51.12863,6.922157,35314.73,1066.2338
51.1249,6.922864,35345.58,1066.7523
51.12382,6.9255905,35332.516,1068.4852
51.12171,6.927784,35337.61,1068.5231
51.121758,6.9289007,35295.355,1070.1823
51.119553,6.9330893,35443.957,1072.0466
51.11638,6.9342275,35354.414,1072.0719
51.115437,6.9361925,35387.08,1072.8678
51.11628,6.937358,35475.65,1073.7639
51.112682,6.9414997,35436.156,1074.9474
51.111366,6.942949,35467.973,1076.3335
51.109955,6.9461355,35469.496,1076.9071
51.1079,6.9470835,35478.01,1077.7501
51.106003,6.9493885,35485.004,1078.6873
51.105057,6.9505305,35519.02,1080.0934
51.102657,6.9545546,35544.22,1081.0592
51.10001,6.9527793,35521.926,1082.0878
51.100163,6.9573817,35522.645,1082.9434
51.097744,6.960412,35582.85,1083.9818
51.09554,6.962563,35589.215,1085.3965
51.094093,6.962401,35600.363,1085.777
51.092163,6.964252,35602.926,1086.6971
51.090664,6.96851,35606.312,1088.1742
51.089684,6.9690614,35636.844,1088.6111
51.089085,6.971738,35652.176,1089.9169
51.087006,6.9729185,35644.758,1090.3206
51.084915,6.975095,35698.56,1091.9485
51.084034,6.979376,35719.156,1092.9594
51.081707,6.9804907,35700.676,1093.8263
51.07958,6.9847374,35736.84,1094.469
51.078514,6.983902,35730.902,1095.6005
51.075943,6.988078,35746.914,1096.9192
51.075184,6.986731,35755.004,1097.8462
51.07258,6.9910607,35736.574,1098.874
51.07175,6.9949107,35839.098,1100.1488
51.070446,6.996806,35778.6,1100.4568
51.067795,6.999011,35809.62,1101.6982
51.066437,6.9986053,35808.242,1102.8303
51.064552,7.0022593,35899.094,1103.648
51.061756,7.0040526,35832.33,1104.7214
51.062416,7.007401,35859.195,1105.6049
51.060326,7.0068307,35864.992,1106.8125
51.058865,7.0087595,35877.03,1107.7712
51.056557,7.01239,35920.09,1108.4338
51.055912,7.0145583,35924.742,1109.8712
51.05344,7.018127,35948.254,1110.454
51.051693,7.0197906,35952.6,1111.7133
51.05075,7.0211024,35974.73,1112.6328
51.04728,7.024852,35979.875,1113.0729
51.046253,7.026265,36048.973,1114.8384
51.045013,7.0277505,35983.207,1115.9789
51.044117,7.02876,35995.523,1116.3342
51.041965,7.031959,36011.402,1117.9235
51.04047,7.0335994,36015.633,1118.646
51.038395,7.035735,36019.43,1119.8484
51.037083,7.037747,36051.742,1120.1261
51.034634,7.040423,36042.984,1121.3014
51.032494,7.042501,36073.79,1122.9735
51.03249,7.045585,36081.26,1123.7795
51.03083,7.046373,36099.742,1124.2567
51.028294,7.046976,36130.78,1125.8479
51.02635,7.0493736,36141.094,1126.5066
51.026184,7.0538673,36133.695,1127.4637
51.02362,7.0555487,36148.324,1128.8888
51.021835,7.056849,36156.727,1129.7318
51.021027,7.0612473,36131.492,1130.4186
51.018684,7.061369,36152.64,1131.7308
51.01697,7.0626845,36165.945,1133.1853
51.0163,7.0644875,36227.105,1133.7603
51.01408,7.0665007,36176.18,1134.2152
51.01252,7.0694757,36219.57,1135.3584
51.010784,7.0707135,36204.805,1136.6666
51.00858,7.074167,36167.613,1137.9784
51.00697,7.074819,36225.67,1138.422
51.00572,7.077915,36239.62,1139.4945
51.004063,7.079609,36248.996,1140.5668
51.001934,7.080713,36269.19,1141.4219
50.99973,7.084649,36283.87,1142.1544
50.99856,7.086333,36300.793,1142.9836
50.996677,7.0881433,36301.242,1144.5359
50.995705,7.0898147,36296.832,1145.8572
50.99418,7.0912175,36253.6,1146.67
50.99154,7.0968056,36387.312,1147.521
50.991386,7.096333,36273.652,1148.5621
50.98896,7.0983095,36314.566,1149.5264
50.98727,7.0996547,36333.027,1150.7252
50.98576,7.1033473,36356.344,1151.4492
50.984035,7.105057,36359.49,1152.447
50.98225,7.106307,36387.74,1153.2427
50.98098,7.1084566,36381.65,1154.4031
50.978497,7.109893,36347.895,1155.4369
50.977585,7.1142635,36398.258,1156.4045
50.975746,7.114561,36345.87,1157.3617
50.973267,7.1180286,36389.8,1158.6116
50.97231,7.120129,36406.508,1159.6418
50.970936,7.1215262,36414.35,1160.4401
50.969032,7.122981,36428.188,1161.2146
50.967827,7.1253805,36432.65,1162.3718
50.965557,7.127878,36415.133,1163.2299
50.96288,7.1293077,36512.062,1164.8212
50.962196,7.130956,36418.875,1166.0038
50.960876,7.133289,36469.734,1166.2654
50.959328,7.135443,36464.72,1167.5719
50.956608,7.1386876,36534.36,1168.6298
50.955776,7.140008,36450.434,1169.5007
50.95421,7.141178,36472.47,1170.0798
50.951847,7.142841,36498.75,1171.143
50.95009,7.1461744,36519.504,1172.205
50.9498,7.1476674,36539.555,1172.8208
50.946674,7.148802,36536.89,1174.4325
50.94552,7.1506367,36543.3,1175.2632
50.94293,7.1537766,36567.867,1176.5022
50.94284,7.155028,36547.465,1177.6372
50.94077,7.156699,36520.984,1178.76
50.938843,7.160771,36595.426,1179.0739
50.937496,7.160512,36504.21,1180.5502
50.935875,7.1650457,36502.953,1181.4146
50.933483,7.1673913,36644.242,1182.7087
50.9326,7.166783,36556.453,1183.154
50.92921,7.1695886,36609.434,1184.741
50.928864,7.17206,36635.39,1185.3828
50.925842,7.174844,36636.207,1186.0496
50.924793,7.1733074,36617.473,1186.6084
50.924698,7.1778445,36622.598,1188.5834
50.92207,7.1798496,36661.766,1189.1621
50.91962,7.181699,36652.703,1190.562
50.917976,7.183216,36627.94,1190.951
50.916706,7.185975,36684.52,1192.1986
50.91389,7.1858277,36652.36,1193.8165
50.914116,7.1876884,36683.793,1194.1597
50.911335,7.1935186,36678.574,1195.3674
50.90916,7.192862,36675.51,1196.3075
50.90937,7.196807,36701.223,1197.5029
50.90732,7.197929,36715.59,1198.4652
50.905136,7.200587,36673.79,1199.3779
50.903725,7.2014284,36693.656,1200.091
50.901875,7.2054553,36754.824,1200.6084
50.898335,7.2059965,36733.508,1201.8777
50.89805,7.2071447,36711.176,1203.384
50.89515,7.210743,36831.54,1204.4814
50.89381,7.2112517,36719.13,1205.4583
50.89273,7.2120934,36762.555,1206.4991
50.89148,7.2128534,36781.7,1207.244
50.88791,7.2172213,36771.61,1208.3624
50.88736,7.217074,36794.65,1208.6722
50.88548,7.2202463,36807.54,1210.3037
50.882984,7.221836,36805.254,1211.3754
50.881626,7.2249393,36808.258,1212.2854
50.880333,7.2247205,36779.996,1213.5991
50.878113,7.2270246,36759.74,1214.1991
50.876038,7.230405,36778.32,1214.8417
50.875587,7.230654,36796.85,1215.9631
50.873566,7.231909,36826.254,1217.2832
50.87099,7.2342224,36821.227,1218.1462
50.86998,7.2414865,36806.594,1219.783
50.86796,7.2419,36836.434,1219.5208
50.865692,7.24108,36858.94,1221.758
50.863575,7.241513,36856.285,1221.9941
50.863148,7.243252,36855.688,1223.4812
50.861706,7.246667,36833.86,1224.417
50.86014,7.249525,36864.805,1225.0671
50.85734,7.2536764,36868.855,1226.1655
50.8556,7.251827,36912.6,1227.0708
50.853897,7.25361,36889.63,1227.7853
50.851276,7.2559023,36909.18,1228.7739
50.85165,7.2573743,36911.312,1229.9064
50.848694,7.2604113,36924.19,1231.3433
50.845882,7.2599754,36933.82,1232.113
50.84484,7.263506,36945.17,1233.3911
50.84379,7.264233,36962.734,1234.3044
50.841705,7.267418,36942.18,1235.4934
50.839146,7.2690187,36945.016,1235.9324
50.838276,7.269716,36904.027,1237.2211
50.835266,7.2736826,37059.742,1238.1686
50.834114,7.2721367,36933.81,1239.2191
50.832733,7.274627,36945.496,1240.4012
50.830036,7.2783275,36964.637,1241.0239
50.82947,7.2798853,36957.215,1242.4006
50.82817,7.2785363,36994.758,1242.7363
50.826427,7.27987,36969.42,1244.6326
50.82443,7.282257,36984.34,1244.4117
50.824432,7.2852583,36977.54,1246.1039
50.821144,7.287882,37000.555,1247.2297
50.816704,7.290681,37051.26,1248.2164
50.816284,7.2913685,36999.63,1249.208
50.81376,7.2913704,37023.215,1249.9038
50.812305,7.297255,37049.375,1251.3337
50.81009,7.298368,37057.848,1251.8096
50.807877,7.2953258,37049.883,1253.2262
50.80734,7.299693,37037.46,1254.0322
50.806034,7.301404,37041.88,1255.3932
50.803547,7.301771,37074.254,1255.8558
50.802334,7.3029814,37110.984,1256.6421
50.79967,7.305988,37072.785,1257.7657
50.79855,7.307555,37092.13,1259.0084
50.795902,7.310554,37091.223,1259.887
50.79372,7.3088017,37092.89,1260.7622
50.79203,7.31248,37102.06,1261.5854
50.790863,7.312846,37107.746,1263.2256
50.78868,7.317678,37099.285,1264.039
50.78714,7.317917,37099.906,1264.9501
50.784973,7.3200827,37119.49,1265.9502
50.78353,7.3216248,37145.418,1266.8097
50.781143,7.3232784,37139.25,1267.8867
50.780148,7.321984,37139.125,1268.4803
50.77845,7.3259172,37149.438,1269.7019
50.77628,7.3264914,37155.434,1271.4556
50.774364,7.327093,37168.31,1272.0808
50.77164,7.33014,37154.344,1272.5822
50.77166,7.3317327,37171.664,1273.845
50.768772,7.3341146,37172.336,1275.3586
50.765724,7.3344483,37200.633,1275.8071
50.764244,7.3362575,37202.855,1277.0468
50.7626,7.335567,37187.367,1277.997
50.760487,7.341379,37253.664,1279.2089
50.759686,7.3416677,37179.387,1280.1302
50.758095,7.3417416,37209.34,1280.8584
50.753925,7.3445997,37198.48,1281.5542
50.75355,7.345525,37237.94,1283.4263
50.75023,7.346357,37245.277,1284.1759
50.748016,7.348866,37210.66,1284.2639
50.747154,7.350755,37263.695,1286.3405
50.74578,7.350296,37291.54,1287.3494
50.744522,7.351962,37356.363,1288.3433
50.741013,7.3554125,37257.277,1288.9094
50.742027,7.358227,37304.883,1290.3923
50.73852,7.356855,37288.44,1290.4
50.73739,7.354974,37311.637,1291.9797
50.735584,7.3591185,37340.133,1293.0743
50.733097,7.3626604,37298.832,1294.244
50.733,7.364015,37333.37,1294.2949
50.7296,7.3657703,37322.637,1296.0724
50.727936,7.3645606,37383.145,1297.0116
50.724506,7.3641405,37371.465,1297.8071
50.723003,7.3721375,37392.273,1298.7571
50.721542,7.3751993,37365.984,1300.1566
50.71865,7.3727674,37352.492,1301.0762
50.718964,7.3704004,37410.062,1301.2493
50.715797,7.3728228,37406.293,1303.1061
50.713535,7.371644,37433.19,1303.6051
50.71186,7.3755784,37401.418,1304.6787
50.71185,7.3780813,37368.758,1305.3678
50.70923,7.3802147,37392.16,1307.2314
50.704956,7.3834395,37443.766,1307.7181
50.705345,7.383891,37407.43,1308.161
50.701145,7.378914,37476.695,1309.7181
50.696747,7.387097,37444.37,1310.9211
50.699287,7.3871617,37437.258,1311.0015
50.697166,7.386883,37480.47,1312.5883
50.694134,7.3897743,37490.56,1313.5076
50.69328,7.388172,37493.938,1314.4961
50.692635,7.3888764,37471.117,1315.361
50.687916,7.3952527,37534.086,1316.3857
50.686512,7.397458,37490.984,1318.3502
50.68563,7.396695,37582.35,1318.0342
50.68492,7.395956,37540.55,1319.678
50.67946,7.398979,37522.047,1320.8335
50.68173,7.4025507,37517.973,1321.6665
50.6785,7.4001946,37516.715,1322.6069
50.676598,7.3995495,37566.62,1323.5918
50.673157,7.405165,37578.06,1324.964
50.67193,7.4070277,37544.086,1325.0392
50.67171,7.4083476,37574.05,1326.5938
50.66708,7.4079714,37609.285,1327.8691
50.66614,7.4098306,37603.22,1328.3008
50.66511,7.4104166,37620.21,1329.3154
50.66296,7.4116645,37607.168,1330.6538
50.660637,7.414037,37620.836,1331.4662
50.65863,7.414266,37636.145,1332.4546
50.656292,7.4148145,37679.13,1333.7693
50.654514,7.4169593,37671.434,1334.4705
50.65304,7.4184146,37656.566,1335.6904
50.65051,7.42002,37638.008,1336.4095
50.648922,7.4214587,37623.336,1337.8234
50.647633,7.42227,37623.895,1337.9092
50.64512,7.424016,37648.168,1339.4396
50.64312,7.4239955,37672.668,1340.1748
50.640934,7.4253106,37673.676,1341.2234
50.63974,7.4281554,37713.016,1342.381
50.637318,7.428883,37727.668,1343.4562
50.63528,7.429981,37703.46,1344.5663
50.63307,7.431536,37724.164,1345.7648
50.63177,7.431326,37703.062,1346.2351
50.630806,7.4327064,37720.105,1347.1829
50.628727,7.433297,37730.246,1348.6165
50.625893,7.4337444,37726.18,1348.9877
50.62336,7.4361997,37718.066,1350.1401
50.621086,7.4408894,37729.43,1350.7205
50.62186,7.4382,37731.508,1352.4879
50.617405,7.439279,37736.082,1353.2347
50.616043,7.4410667,37784.043,1354.6367
50.613323,7.4463134,37758.344,1355.2062
50.612534,7.4434686,37804.26,1356.3477
50.60922,7.4451766,37797.332,1356.8322
50.607758,7.447456,37782.594,1358.348
50.606663,7.4492407,37800.668,1359.1249
50.60462,7.450309,37796.742,1360.2957
50.602386,7.4491897,37816.0,1360.7947
50.60006,7.450134,37832.477,1362.3677
50.5968,7.4542704,37839.19,1362.9532
50.5977,7.454942,37859.223,1363.5709
50.59514,7.4539495,37849.996,1365.1024
50.59168,7.456299,37808.773,1366.3478
50.589607,7.4611163,37837.91,1366.7079
50.59078,7.456675,37881.14,1367.7373
50.586063,7.457294,37869.24,1369.1218
50.583202,7.4598527,37890.32,1370.0728
50.582726,7.465402,37857.555,1370.9989
50.580685,7.464909,37878.277,1371.8948
50.578117,7.4653177,37905.734,1373.8914
50.57502,7.46514,37918.31,1373.394
50.57696,7.4657197,37892.816,1374.8853
50.572174,7.4694324,37885.54,1375.9595
50.571056,7.468434,37909.0,1376.719
50.568653,7.470255,37907.547,1377.5898
50.565907,7.474417,37907.312,1378.4846
50.565865,7.473116,37924.438,1380.0955
50.564285,7.471841,37936.613,1380.9324
50.561203,7.4729505,37916.8,1382.0907
50.55815,7.477826,37965.72,1382.8105
50.557858,7.478645,37981.316,1383.9218
50.55478,7.4780602,37964.84,1385.2876
50.552284,7.480072,37981.09,1385.9744
50.55107,7.483889,37935.434,1387.2772
50.54971,7.4827037,37933.707,1387.8959
50.547012,7.4838557,37994.03,1388.7372
50.543896,7.4831743,37990.438,1390.0653
50.54246,7.4857373,37967.547,1390.6782
50.542805,7.485655,37990.996,1392.0082
50.539448,7.4868813,37995.92,1392.9567
50.537914,7.4869328,37984.41,1393.9054
50.5365,7.48751,37985.33,1394.5197
50.532906,7.4885755,38003.312,1395.6643
50.531357,7.4933753,38009.926,1396.6198
50.5281,7.4938354,38063.28,1397.7275
50.52793,7.493566,38023.98,1399.0602
50.52571,7.495123,38024.793,1399.6322
50.524242,7.4979663,38028.902,1400.7725
50.520298,7.499079,38032.72,1401.2948
50.519558,7.49451,38028.8,1402.2549
50.518723,7.4971213,38023.645,1404.3221
50.516644,7.501105,38018.258,1404.0828
50.516327,7.5029097,38029.29,1405.7181
50.513004,7.5030665,38034.004,1406.8141
50.509804,7.502628,38028.938,1407.7722
50.507755,7.5050735,38012.16,1408.7881
50.506393,7.507754,38037.113,1409.7319
50.505062,7.5079813,38046.83,1410.1823
50.502396,7.5069394,38061.914,1412.0667
50.501198,7.509941,38091.08,1412.6284
50.498734,7.5120435,38094.74,1413.5321
50.495975,7.512707,38063.35,1414.5001
50.494503,7.511748,38072.805,1415.4026
50.49265,7.5140553,38089.344,1416.7101
50.488964,7.5150657,38096.965,1417.7449
50.48809,7.516445,38103.62,1418.7174
50.486134,7.517144,38106.715,1419.5251
50.484818,7.519491,38105.254,1420.7959
50.481613,7.5183253,38126.39,1421.5673
50.479137,7.52237,38065.21,1423.0071
50.47754,7.5214376,38113.4,1423.4039
50.47605,7.5224204,38110.64,1424.6042
50.475357,7.5246367,38106.707,1425.557
50.47361,7.5233727,38114.242,1426.0754
50.46992,7.5256248,38120.273,1427.681
50.46802,7.528668,38130.574,1428.3881
50.46576,7.5291004,38134.586,1429.1814
50.465004,7.52952,38136.848,1430.5261
50.46269,7.531078,38130.73,1431.3412
50.46121,7.5326304,38125.477,1432.3813
50.45692,7.535268,38143.004,1433.4812
50.456257,7.5343156,38153.777,1434.3605
50.45513,7.5342956,38131.21,1435.836
50.45206,7.538224,38155.543,1436.0691
50.450855,7.537811,38122.633,1437.4803
50.44776,7.5382376,38117.613,1438.1085
50.44531,7.539505,38129.652,1439.3372
50.44391,7.5407267,38091.6,1440.3998
50.442856,7.5427594,38114.77,1441.3031
50.44138,7.54217,38134.05,1442.0808
50.43864,7.5434794,38158.387,1443.2241
50.436996,7.5458283,38138.066,1444.4298
50.43375,7.547736,38141.63,1445.3076
50.43366,7.547815,38137.8,1446.3878
50.430264,7.547747,38121.01,1447.0804
50.42878,7.54948,38139.918,1448.0657
50.426685,7.5511,38147.547,1449.1753
50.424034,7.5517054,38151.074,1450.11
50.422215,7.5530515,38159.13,1451.3488
50.420387,7.5565495,38143.37,1452.2174
50.418453,7.557312,38133.668,1453.4344
50.416855,7.5561905,38129.273,1454.121
50.415417,7.557764,38120.004,1455.155
50.412773,7.5588217,38153.637,1456.2155
50.409325,7.5601172,38155.46,1457.0891
50.407444,7.561621,38153.633,1457.9963
50.406857,7.563731,38176.66,1459.3197
50.40425,7.563483,38183.56,1459.9373
50.402786,7.5632553,38144.715,1461.1707
50.3999,7.5661216,38180.76,1461.8951
50.39845,7.5675664,38193.12,1463.1881
50.396824,7.56847,38185.816,1464.0361
50.394154,7.56847,38164.777,1465.0907
50.393032,7.5725694,38154.215,1466.1587
50.39096,7.574029,38185.59,1466.832
50.389317,7.5729156,38189.1,1468.2041
50.38611,7.5730968,38203.324,1468.622
50.38311,7.573223,38204.605,1470.222
50.383293,7.577266,38187.74,1470.9222
50.38031,7.577384,38179.87,1471.9574
50.378742,7.5780454,38199.715,1472.8057
50.377098,7.5783024,38192.52,1473.9753
50.373547,7.5803304,38200.33,1474.8911
50.372528,7.583732,38186.008,1475.7584
50.371372,7.583897,38198.367,1476.6075
50.367676,7.582531,38188.67,1477.9407
50.366753,7.585005,38206.133,1478.8882
50.364674,7.584997,38189.867,1479.6948
50.362225,7.5865874,38186.977,1480.766
50.361206,7.587462,38195.633,1481.9867
50.359062,7.5891137,38190.55,1482.8091
50.35754,7.590638,38181.37,1483.9352
50.355274,7.591725,38203.348,1485.0536
50.35269,7.592873,38190.027,1485.8622
50.35182,7.594329,38193.156,1486.7164
50.348682,7.5955267,38188.395,1487.4681
50.348118,7.5978947,38198.402,1488.4926
50.344746,7.5949087,38193.89,1489.8235
50.343754,7.5950365,38191.7,1490.9391
50.340515,7.5983176,38199.89,1491.4314
50.338646,7.604012,38180.41,1492.7318
50.33753,7.601466,38235.324,1493.676
50.337154,7.602714,38209.684,1494.7433
50.332157,7.6030927,38169.59,1495.7489
50.332546,7.608263,38203.742,1496.9001
50.328724,7.607295,38196.688,1497.9755
50.326157,7.60507,38201.75,1498.447
50.324417,7.6095343,38203.77,1500.0142
50.32377,7.6125355,38166.4,1500.9141
50.322895,7.6114774,38165.625,1501.7559
50.31723,7.612117,38156.75,1502.6278
50.318977,7.6134415,38204.645,1503.6945
50.31474,7.6146107,38215.84,1504.8582
50.31197,7.616475,38237.066,1505.865
50.312035,7.6195145,38207.793,1506.729
50.308277,7.6189795,38156.52,1507.2318
50.307446,7.619792,38198.23,1508.4808
50.304977,7.6203523,38194.875,1510.255
50.30315,7.6191287,38186.56,1510.8556
50.30111,7.6225624,38178.03,1511.2869
50.29966,7.6239676,38192.598,1512.6058
50.297573,7.6245747,38179.094,1513.6805
50.29397,7.6282115,38164.844,1514.7404
50.294384,7.6277447,38186.113,1515.3567
50.291664,7.627758,38192.895,1516.625
50.28891,7.6294627,38198.01,1517.5245
50.28637,7.6319733,38142.2,1518.275
50.286125,7.632642,38198.86,1519.6957
50.282593,7.6337695,38191.195,1520.5502
50.281487,7.634009,38183.258,1521.4479
50.28006,7.6384068,38193.934,1522.63
50.279583,7.640273,38112.035,1523.9707
50.276722,7.636143,38181.234,1524.4332
50.274513,7.6391444,38146.145,1525.4641
50.269768,7.640195,38176.504,1526.3737
50.270756,7.6407704,38178.414,1527.8457
50.267223,7.64003,38190.766,1528.3013
50.265545,7.646299,38160.1,1529.8308
50.263863,7.6474557,38199.812,1530.4946
50.26199,7.645479,38202.58,1531.2379
50.258152,7.6449428,38180.66,1532.8354
50.25644,7.6494584,38181.98,1533.3315
50.25553,7.648128,38161.734,1534.3356
50.25273,7.6515417,38158.13,1535.277
50.250908,7.651455,38174.465,1536.2638
50.24971,7.653032,38171.33,1537.0461
50.24699,7.6533003,38167.125,1538.1763
50.245277,7.656152,38173.598,1539.3425
50.24426,7.656594,38178.77,1540.1874
50.242638,7.658521,38180.008,1540.9819
50.240234,7.658296,38202.4,1542.376
50.236603,7.661691,38202.156,1543.5002
50.235916,7.6607647,38173.44,1543.9907
50.23353,7.663885,38179.87,1544.9901
50.23166,7.6633687,38173.117,1546.2769
50.229397,7.6663256,38164.465,1547.0168
50.227364,7.6668754,38175.523,1548.3048
50.225338,7.6698155,38185.57,1549.366
50.223835,7.6685863,38179.246,1550.3564
50.221596,7.6698513,38160.31,1551.075
50.219265,7.671679,38152.906,1552.0221
50.218357,7.6708126,38173.21,1552.9894
50.21607,7.6716204,38160.07,1554.334
50.214165,7.674924,38097.918,1555.3344
50.213013,7.6776953,38106.66,1556.1578
50.210587,7.676773,38163.863,1557.0984
50.20745,7.6766133,38160.438,1557.7417
50.208347,7.6790433,38155.88,1558.9895
50.20429,7.6809745,38182.79,1560.434
50.20179,7.682901,38152.047,1561.0398
50.201157,7.684222,38152.3,1562.5234
50.19892,7.6848483,38174.035,1562.9313
50.194668,7.6870356,38089.74,1564.366
50.195248,7.6853695,38170.547,1564.9758
50.193977,7.683607,38168.113,1566.1792
50.190395,7.688526,38155.758,1566.9047
50.1878,7.691052,38151.582,1567.7595
50.1855,7.6903377,38145.56,1569.2037
50.184254,7.691848,38154.29,1569.9398
50.182423,7.6919246,38169.367,1570.743
50.18143,7.6963215,38140.91,1572.2424
50.178413,7.6960526,38143.51,1573.0884
50.176296,7.697011,38148.688,1574.3629
50.175056,7.698127,38148.39,1574.9801
50.174015,7.70129,38119.594,1576.2305
50.170578,7.7023335,38125.42,1576.7509
50.169193,7.7023478,38160.855,1577.517
50.168045,7.70268,38143.08,1578.6616
50.165646,7.7050695,38149.055,1580.1698
50.163315,7.7044744,38154.21,1580.5286
50.163,7.7071815,38137.85,1581.627
50.159775,7.708986,38143.223,1582.9098
50.156094,7.7079015,38145.555,1583.4839
50.155663,7.7093997,38118.934,1584.6755
50.15366,7.7111497,38133.137,1585.8474
50.150013,7.711825,38154.79,1586.6855
50.149113,7.7134404,38167.7,1588.2828
50.146626,7.715043,38175.395,1588.6869
50.146046,7.7173414,38161.246,1589.7224
50.14362,7.7168207,38131.68,1590.6322
50.14283,7.7192993,38119.996,1591.0417
50.139812,7.7180724,38138.47,1592.6554
50.137417,7.719401,38151.82,1593.431
50.135696,7.720863,38154.535,1594.6531
50.1333,7.72459,38114.094,1595.7075
50.131798,7.726921,38121.793,1596.4854
50.12988,7.7266283,38119.49,1597.4989
50.12774,7.7275996,38134.496,1598.2332
50.126503,7.729544,38139.04,1599.3934
50.12341,7.7327943,38117.95,1600.6941
50.12199,7.7311306,38177.023,1601.6726
50.121067,7.7361727,38131.27,1602.7119
50.11942,7.7346272,38132.824,1603.2814
50.115673,7.7347193,38119.39,1604.2388
50.11453,7.7364492,38101.25,1605.2488
50.11248,7.737434,38125.945,1606.5746
50.109917,7.7395215,38119.402,1607.683
50.10923,7.7385764,38148.215,1608.5907
50.105297,7.740479,38131.582,1609.5807
50.103836,7.7423787,38153.844,1610.2808
50.10228,7.7447886,38160.676,1611.2557
50.09973,7.745209,38147.324,1612.3506
50.098522,7.747552,38158.707,1613.4071
50.09614,7.7471476,38144.523,1614.3475
50.094955,7.7479925,38125.516,1615.3337
50.091003,7.7464347,38163.414,1616.3755
50.090275,7.752948,38139.766,1617.4672
50.089428,7.753628,38147.207,1618.3131
50.086235,7.752968,38131.668,1619.8468
50.08478,7.752147,38144.164,1620.0112
50.082375,7.75533,38122.99,1621.4258
50.07993,7.757204,38141.65,1622.2246
50.079697,7.7596426,38139.457,1623.3319
50.07734,7.757864,38127.59,1623.7249
50.0743,7.7616205,38142.67,1625.3287
50.073467,7.763447,38162.83,1626.2322
50.071644,7.762713,38165.113,1626.7599
50.06842,7.7633433,38154.74,1628.0751
50.067272,7.7669153,38150.133,1629.7711
50.065132,7.767067,38147.84,1630.2634
50.06288,7.768034,38157.703,1630.8303
50.060093,7.769427,38155.69,1632.1238
50.059933,7.77124,38162.67,1633.3734
50.05662,7.7732286,38173.242,1634.2222
50.05493,7.7721334,38165.406,1635.2716
50.053547,7.7724643,38093.223,1636.701
50.050484,7.775271,38146.777,1637.2328
50.049755,7.7773533,38150.35,1638.0468
50.047756,7.777535,38175.34,1639.0814
50.04462,7.7807064,38160.266,1640.1312
50.044067,7.782445,38167.203,1640.8901
50.041615,7.781436,38158.16,1641.9271
50.0393,7.783739,38157.4,1642.8805
50.037796,7.7842016,38112.746,1644.1052
50.036057,7.7845025,38155.914,1645.2053
50.03307,7.7854133,38161.43,1645.8021
50.031242,7.787708,38136.188,1647.0339
50.030205,7.788721,38162.24,1647.823
50.028133,7.7894993,38149.965,1648.8251
50.025772,7.791542,38156.26,1649.9778
50.02402,7.7917466,38157.156,1650.901
50.022816,7.793985,38148.965,1651.9778
50.02033,7.7960753,38155.586,1652.8198
50.01885,7.797139,38165.254,1653.7595
50.016045,7.797451,38135.938,1654.5779
50.015064,7.7988834,38136.7,1655.5035
50.010902,7.79941,38128.387,1656.9717
50.010723,7.8029428,38124.043,1657.957
50.009,7.8017497,38132.586,1658.8113
50.006798,7.804003,38151.734,1659.8219
50.0046,7.8049192,38150.062,1660.5001
50.00318,7.8059654,38164.605,1661.775
50.000767,7.806667,38186.234,1662.5647
49.997406,7.8093824,38164.336,1663.8395
49.99674,7.8100805,38166.816,1665.1663
49.9939,7.811419,38170.914,1665.9736
49.992126,7.8138423,38161.613,1666.5752
49.990078,7.813109,38187.79,1667.8365
49.989426,7.8150406,38161.816,1668.5337
49.98663,7.816034,38156.168,1669.4961
49.984943,7.818025,38162.56,1670.7678
49.98264,7.8180857,38179.574,1671.5192
49.98074,7.819743,38187.383,1672.6498
49.979134,7.8212,38186.043,1673.4814
49.97762,7.8206463,38176.49,1674.8832
49.975365,7.8220305,38160.457,1675.7084
49.97419,7.825137,38156.08,1676.3381
49.970577,7.8273273,38160.645,1677.4523
49.97032,7.8276215,38180.88,1678.5181
49.96593,7.8291955,38186.523,1679.5062
49.965145,7.82971,38196.7,1680.513
49.962585,7.8328915,38165.45,1681.5819
49.961796,7.833154,38184.01,1682.0005
49.958748,7.8325224,38183.703,1683.4952
49.955982,7.8349986,38171.438,1684.3353
49.95582,7.8366394,38156.5,1685.2184
49.951458,7.837637,38163.594,1686.6769
49.951138,7.839453,38178.66,1687.5688
49.948902,7.840462,38151.375,1688.5641
49.946476,7.839402,38177.168,1689.4978
49.944496,7.8421254,38178.227,1690.8938
49.944828,7.8425775,38205.477,1691.4907
49.94153,7.843242,38190.664,1692.703
49.940117,7.845218,38184.88,1693.6249
49.935173,7.848944,38099.348,1694.8269
49.937656,7.8480687,38161.547,1695.0677
49.935104,7.8482966,38118.266,1695.7565
49.930862,7.846889,38177.37,1697.0294
49.930916,7.850231,38179.023,1698.7108
49.926804,7.8539248,38177.633,1698.9739
49.925888,7.854742,38177.586,1700.7933
49.923374,7.855494,38153.434,1701.2689
49.922558,7.8569407,38194.223,1702.131
49.920593,7.8583255,38198.06,1703.3832
49.917427,7.8587713,38216.78,1704.2823
49.915924,7.8633747,38159.613,1705.1685
49.91376,7.861467,38220.63,1706.3737
49.912094,7.864315,38168.81,1707.5509
49.91041,7.864689,38212.96,1708.1157
49.907776,7.8674684,38109.86,1709.3853
49.906456,7.86585,38222.414,1710.1187
49.903748,7.8695793,38200.566,1711.4891
49.900944,7.8699965,38202.562,1712.0831
49.900757,7.869003,38206.906,1713.2191
49.898556,7.871318,38181.074,1714.1967
49.896347,7.872969,38188.668,1715.1266
49.89354,7.873316,38192.2,1715.9868
49.892147,7.873393,38189.383,1717.468
49.8889,7.877104,38189.55,1718.1974
49.8885,7.878721,38189.94,1719.0629
49.887135,7.8802977,38197.766,1719.9646
49.885002,7.88215,38134.75,1721.1105
49.882233,7.8824472,38212.945,1721.9385
49.880394,7.881844,38176.434,1722.5433
49.878178,7.884,38194.492,1723.8059
49.876846,7.88437,38211.08,1725.0234
49.875137,7.8864746,38210.355,1725.8386
49.872856,7.888136,38203.605,1726.9347
49.870434,7.888522,38178.754,1728.1003
49.86873,7.8895903,38175.973,1728.4778
49.86714,7.889604,38199.223,1729.6775
49.864986,7.8916802,38190.64,1730.8679
49.86289,7.893494,38195.816,1732.0071
49.860016,7.8958335,38195.96,1732.6261
49.859337,7.895798,38166.023,1733.557
49.857124,7.8967843,38187.703,1734.8342
49.85422,7.8981433,38190.29,1735.8208
49.854202,7.898471,38202.18,1736.5878
49.85213,7.900751,38140.69,1737.5922
49.850437,7.9016933,38182.348,1738.4785
49.846935,7.9038134,38169.266,1740.0057
49.846016,7.90353,38155.285,1741.1757
49.843784,7.9045954,38167.61,1741.5746
49.842464,7.906159,38190.24,1742.7948
49.840343,7.9104104,38190.066,1743.6586
49.83858,7.907915,38214.797,1744.3708
49.836437,7.909036,38198.203,1746.0071
49.834034,7.9130225,38239.73,1746.6423
49.831715,7.9126763,38188.582,1747.6543
49.829792,7.915145,38193.434,1748.994
49.826412,7.9151173,38210.492,1749.5774
49.826046,7.9162145,38181.996,1750.4307
49.82365,7.9173884,38208.074,1751.4485
49.81959,7.9200573,38202.824,1752.4863
49.81882,7.9188175,38166.53,1753.2698
49.817787,7.9214344,38183.92,1754.5848
49.814606,7.923633,38131.863,1755.5809
49.812893,7.9252067,38180.145,1756.1793
49.81292,7.9245462,38197.035,1757.4388
49.810043,7.9266844,38203.234,1758.3837
49.80787,7.9267664,38210.84,1759.5208
49.805862,7.9309897,38170.5,1760.7605
49.80499,7.9295487,38208.242,1761.5688
49.80221,7.9308677,38203.633,1762.6046
49.800266,7.931771,38185.863,1763.3267
49.797882,7.93251,38180.67,1764.039
49.79656,7.9340835,38190.188,1765.2765
49.793804,7.936721,38187.297,1766.6523
49.792454,7.936669,38188.5,1767.3206
49.789925,7.937881,38169.137,1768.2181
49.78928,7.9380836,38189.883,1769.0361
49.786636,7.9399204,38188.76,1770.4518
49.78477,7.940261,38194.46,1771.3932
49.78222,7.9423194,38204.83,1772.3109
49.77986,7.942602,38192.066,1772.9646
49.778297,7.945434,38163.312,1774.4199
49.776833,7.9453516,38196.957,1775.0858
49.774517,7.947257,38176.76,1776.3202
49.77294,7.9487424,38187.387,1777.1063
49.77045,7.94928,38176.46,1778.3513
49.768158,7.9499054,38169.223,1778.9723
49.767166,7.95185,38188.508,1780.0531
49.764984,7.953129,38161.152,1780.9708
49.763134,7.9548993,38175.137,1781.9806
49.76085,7.9552755,38176.703,1782.9194
49.75945,7.955157,38197.758,1783.867
49.75773,7.957749,38190.39,1785.0587
49.755383,7.9594445,38190.742,1785.7258
49.753178,7.960692,38108.96,1787.7367
49.752407,7.959589,38178.633,1788.38
49.749672,7.9612727,38174.86,1788.9955
49.74723,7.9631314,38184.953,1789.9572
49.745342,7.9643145,38185.977,1790.8691
49.743126,7.966153,38183.656,1791.7625
49.74116,7.9686627,38179.652,1792.7179
49.739487,7.968161,38193.668,1793.9454
49.73696,7.968643,38161.656,1794.4727
49.734314,7.9713354,38212.652,1795.8242
49.73313,7.9716415,38190.945,1797.0511
49.732452,7.9722733,38206.906,1797.4805
49.728912,7.972038,38196.016,1798.5352
49.727703,7.9774365,38149.605,1800.255
49.724625,7.976668,38161.375,1800.3973
49.72213,7.9779043,38185.074,1801.6724
49.72047,7.9788227,38206.543,1802.74
49.718975,7.978995,38199.37,1803.9136
49.716164,7.97946,38215.496,1804.7728
49.714775,7.9828086,38180.336,1805.7732
49.713776,7.983711,38194.6,1806.7238
49.71113,7.984252,38188.945,1807.8125
49.710056,7.985052,38198.0,1808.253
49.706947,7.9845705,38180.555,1809.7632
49.705326,7.988599,38210.53,1810.4193
49.703556,7.9877987,38135.113,1811.8068
49.701576,7.9893427,38191.22,1812.6421
49.69907,7.9918,38196.336,1813.5153
49.696938,7.9924107,38200.25,1814.602
49.695137,7.9929757,38212.7,1815.5518
49.695683,7.9948955,38136.95,1817.2863
49.692017,7.9949083,38176.31,1817.5947
49.690403,7.996176,38208.734,1818.7128
49.68723,7.997548,38154.93,1819.716
49.685844,7.998248,38187.14,1820.5807
49.683903,7.999368,38175.66,1821.3951
49.680992,8.000831,38114.348,1822.3807
49.679413,8.002153,38179.324,1823.3569
49.677197,8.00459,38153.09,1824.4976
49.67545,8.004585,38163.88,1825.3562
49.67397,8.005211,38138.242,1826.1361
49.672123,8.006493,38130.8,1827.352
49.66934,8.008659,38138.223,1828.6975
49.66745,8.00838,38165.1,1829.1176
49.665596,8.009016,38168.09,1830.2742
49.663837,8.011803,38167.293,1831.4917
49.661964,8.012126,38171.812,1832.2612
49.660072,8.013924,38114.973,1833.6934
49.65971,8.012968,38160.805,1834.1567
49.65677,8.013926,38164.05,1835.413
49.654575,8.01614,38150.875,1836.3376
49.653408,8.017948,38160.883,1837.2043
49.65018,8.019914,38153.152,1838.5734
49.647858,8.019211,38171.805,1838.9825
49.646397,8.020736,38184.043,1839.958
49.64276,8.021266,38163.152,1841.187
49.64238,8.02294,38138.934,1842.0879
49.640396,8.022602,38125.43,1842.7329
49.637375,8.023553,38133.39,1843.9675
49.635246,8.026522,38157.53,1845.3872
49.634136,8.025466,38162.297,1845.9261
49.633247,8.028519,38161.76,1847.0697
49.630665,8.029587,38142.785,1848.2155
49.62897,8.030794,38155.402,1849.3705
49.626583,8.029683,38158.67,1850.1726
49.624382,8.031194,38137.637,1850.8738
49.62227,8.035095,38106.938,1852.6932
49.621,8.0338125,38150.473,1853.1824
49.617935,8.034354,38135.57,1854.0588
49.61552,8.035858,38130.71,1854.9906
49.614643,8.036904,38134.504,1855.9824
49.61133,8.038343,38138.26,1856.8298
49.611027,8.038928,38146.164,1858.1189
49.60833,8.039529,38121.555,1858.9381
49.60712,8.041053,38144.76,1859.8433
49.60391,8.042078,38139.848,1860.8658
49.603558,8.043451,38171.406,1861.8585
49.60167,8.045766,38141.133,1863.1508
49.59866,8.044362,38145.348,1863.8381
49.596806,8.045538,38175.67,1864.7886
49.595505,8.047178,38136.21,1865.3989
49.59401,8.04828,38155.52,1866.8502
49.59001,8.050571,38138.887,1867.6317
49.5897,8.05127,38136.934,1868.8057
49.585056,8.050671,38119.277,1869.4163
49.583775,8.052328,38150.977,1870.4899
49.582664,8.055357,38156.848,1871.8488
49.580444,8.05439,38159.797,1872.182
49.57952,8.056156,38179.777,1873.834
49.57582,8.056696,38146.625,1874.7335
49.575428,8.058185,38140.793,1875.7582
49.57278,8.059235,38151.555,1876.7207
49.570698,8.059862,38146.203,1877.596
49.569996,8.060255,38125.86,1878.4349
49.566605,8.063521,38134.71,1879.4369
49.565666,8.061586,38111.406,1880.3896
49.562824,8.064594,38131.36,1881.4536
49.56178,8.063937,38133.355,1882.3617
49.55923,8.067504,38068.66,1884.0054
49.55586,8.066501,38123.453,1884.525
49.555016,8.06652,38131.902,1885.1978
49.553207,8.068696,38129.457,1886.2462
49.550243,8.069969,38136.215,1887.091
49.55001,8.071659,38123.098,1888.7397
49.548203,8.07216,38116.758,1889.7638
49.54485,8.073794,38112.953,1890.4167
49.54333,8.073889,38090.117,1891.5022
49.540905,8.074803,38072.82,1892.1168
49.538654,8.077042,38109.08,1893.2867
49.53698,8.076402,38126.812,1894.4089
49.534004,8.077831,38133.703,1895.2712
49.533485,8.07844,38120.06,1896.2975
49.531307,8.080369,38124.88,1897.3826
49.528587,8.080456,38139.215,1898.2737
49.527306,8.081415,38138.67,1899.5466
49.524338,8.08346,38121.098,1900.5946
49.523422,8.084581,38115.613,1901.3451
49.520226,8.085157,38098.03,1902.3792
49.517822,8.085456,38084.703,1903.0646
49.5173,8.08815,38096.117,1904.3207
49.51441,8.088356,38118.973,1905.3296
49.51248,8.087845,38118.168,1906.2139
49.510616,8.090226,38095.348,1906.8289
49.50813,8.090874,38119.367,1908.2322
49.50636,8.091452,38103.97,1909.0444
49.503853,8.090786,38100.53,1909.8641
49.501144,8.093489,38104.004,1910.9982
49.499397,8.095776,38119.062,1912.2616
49.499138,8.096501,38109.055,1913.185
49.495773,8.097124,38108.707,1914.0344
49.493256,8.097693,38088.062,1914.8531
49.491608,8.101088,38109.438,1916.0885
49.49016,8.100618,38119.6,1916.8433
49.487667,8.10126,38118.434,1917.765
49.48676,8.101842,38134.01,1918.7463
49.48561,8.101876,38119.07,1919.7125
49.482224,8.104197,38110.582,1921.4034
49.479725,8.104421,38118.316,1921.8615
49.479256,8.106178,38080.848,1923.0287
49.476704,8.106192,38087.87,1924.0353
49.475254,8.108083,38102.504,1925.3351
49.472237,8.108279,38105.17,1925.7316
49.469597,8.109638,38088.316,1926.7113
49.46955,8.109621,38081.062,1927.8716
49.467655,8.110335,38097.83,1928.7029
49.46611,8.112996,38085.973,1930.3354
49.46026,8.114795,38106.605,1930.0238
49.460796,8.113893,38085.137,1931.8628
49.459274,8.113972,38105.586,1932.8271
49.455887,8.114692,38090.676,1933.5853
49.454807,8.119324,38077.492,1934.9274
49.453022,8.118171,38101.566,1935.5951
49.449993,8.119132,38098.543,1937.18
49.44788,8.11988,38102.566,1937.33
49.446064,8.120848,38087.227,1938.955
49.4442,8.12309,38092.04,1939.7156
49.441853,8.122624,38081.07,1940.8296
49.440823,8.123651,38085.27,1942.0663
49.439846,8.123864,38065.746,1942.8322
49.43637,8.124161,38083.137,1944.1484
49.43429,8.127085,38084.285,1943.9827
49.432568,8.128015,38052.676,1945.9033
49.430912,8.127805,38064.08,1947.1296
49.427116,8.129927,38098.348,1947.8838
49.425823,8.129067,38103.48,1948.4403
49.426777,8.131014,38052.65,1949.4434
49.422318,8.1306095,38074.996,1950.2766
49.420437,8.132895,38073.85,1951.6442
49.418705,8.13348,38081.133,1952.6716
49.41556,8.136054,38060.215,1954.2098
49.413685,8.136034,38084.066,1954.4895
49.41267,8.136452,38070.74,1955.5504
49.410492,8.137272,38068.84,1956.3236
49.408165,8.138586,38049.41,1957.4268
49.40473,8.139065,38066.938,1958.3647
49.40313,8.139422,38056.477,1959.6373
49.40242,8.140872,38050.246,1960.6556
49.39951,8.142683,38042.59,1961.3999
49.39798,8.141738,38078.312,1962.6669
49.39588,8.1448145,38060.14,1963.8757
49.394604,8.145617,38062.977,1964.4207
49.392662,8.146466,38056.633,1965.7587
49.390293,8.147575,38073.316,1966.2192
49.388508,8.148711,38078.94,1967.7236
49.386913,8.149753,38048.305,1968.7421
49.384266,8.150966,38059.984,1969.6193
49.382603,8.151075,38066.777,1970.0056
49.381393,8.1530285,38044.3,1971.1674
49.378326,8.152362,38079.05,1972.3015
49.376335,8.153684,38081.45,1973.2552
49.373207,8.154727,38064.934,1974.5035
49.37149,8.155248,38016.453,1975.0773
49.36939,8.15664,38038.1,1976.3807
49.36797,8.156385,38059.03,1976.9769
49.365414,8.157877,38063.605,1978.0303
49.36448,8.15904,38079.758,1979.1813
49.36275,8.159588,38076.887,1980.1908
49.360275,8.161222,38039.777,1981.6466
49.35836,8.161906,38060.71,1982.1091
49.355778,8.162275,38078.703,1983.018
49.354935,8.163407,38088.1,1983.8632
49.350853,8.164519,38101.742,1984.9839
49.349415,8.164808,38084.76,1986.2556
49.34662,8.165959,38065.656,1987.18
49.34437,8.168564,38056.273,1988.2063
49.344658,8.16745,38074.902,1988.9089
49.341537,8.1689415,38077.992,1989.4513
49.341232,8.167913,38069.566,1991.0911
49.33967,8.170991,38076.68,1992.1277
49.335114,8.172724,38067.54,1993.0577
49.333736,8.173103,38077.562,1993.392
49.33207,8.174465,38056.203,1994.894
49.33077,8.175074,38068.34,1996.2155
49.325947,8.173284,38062.777,1996.8776
49.323807,8.178176,38071.848,1998.7291
49.323135,8.181024,38083.484,1998.7322
49.32065,8.179492,38035.645,2000.2891
49.320206,8.179066,38075.98,2000.3965
49.316166,8.180784,38040.06,2002.0631
49.31494,8.180767,38064.96,2002.6769
49.3128,8.182098,38059.83,2003.8418
49.311863,8.1834135,38064.61,2004.9325
49.310287,8.181914,38076.8,2005.1847
49.308357,8.183651,38043.91,2006.8866
49.30596,8.183799,38043.484,2007.653
49.303844,8.184216,38023.56,2008.3878
49.30317,8.188117,38056.74,2009.6997
49.299896,8.188487,38054.37,2010.5245
49.298244,8.187836,38050.01,2011.8109
49.296085,8.190573,38049.18,2012.7539
49.292686,8.190713,38030.12,2013.7225
49.290558,8.191382,38056.05,2014.5537
49.28948,8.191481,38056.863,2015.8502
49.287647,8.19364,38068.625,2017.0834
49.285286,8.193732,38046.047,2017.6702
49.2843,8.195792,37993.734,2019.144
49.282166,8.196698,38029.965,2019.6895
49.280075,8.197341,38032.92,2021.0671
49.277145,8.198907,38014.848,2021.8945
49.276127,8.199305,38042.594,2022.5945
49.273293,8.198566,38047.17,2023.672
49.270733,8.200297,38041.902,2024.3644
49.270008,8.201405,38028.555,2025.8481
49.267704,8.20284,38040.535,2026.7946
49.264904,8.203614,38028.438,2028.0166
49.263252,8.205208,38051.32,2028.3259
49.261612,8.205922,38030.402,2029.517
49.258224,8.205878,38012.19,2030.7505
49.257874,8.206043,38020.49,2031.4016
49.255074,8.208037,38028.68,2032.2522
49.252247,8.208781,38041.492,2033.5292
49.25045,8.210609,38029.6,2034.2903
49.248627,8.209682,38022.797,2035.4615
49.247738,8.211208,38042.594,2036.3231
49.245102,8.212744,38038.047,2037.2324
49.24253,8.213946,38042.844,2038.5459
49.24095,8.215153,38028.97,2039.6257
49.23819,8.214188,38036.652,2040.5776
49.23664,8.215924,38036.445,2041.8254
49.236313,8.216853,38042.645,2042.4545
49.23331,8.218224,38017.457,2043.5585
49.230995,8.216825,38037.324,2044.5187
49.23075,8.2203,38038.363,2045.355
49.2268,8.221623,38051.492,2046.4823
49.226746,8.221051,38043.36,2047.3046
49.22404,8.221197,38048.94,2048.121
49.221996,8.22355,38029.734,2049.8704
49.21866,8.224477,38015.98,2050.5898
49.218292,8.223944,38056.215,2051.2178
49.21505,8.225689,38048.008,2051.887
49.21455,8.226221,38035.01,2053.291
49.210808,8.228362,38030.48,2054.377
49.208775,8.228126,38016.273,2055.0156
49.207558,8.229171,38045.418,2056.2983
49.20522,8.228922,38040.73,2056.824
49.203228,8.231266,38019.49,2058.5984
49.200672,8.232834,37985.492,2059.4915
49.19977,8.232213,38006.625,2060.3342
49.197815,8.234482,38020.582,2061.424
49.195053,8.23403,38055.652,2062.3296
49.192528,8.235199,38055.086,2062.9626
49.19074,8.235155,38034.65,2064.762
49.188404,8.237886,38009.656,2065.2861
49.185963,8.238094,38014.26,2065.592
49.185402,8.238911,38032.234,2067.1157
49.18302,8.239567,38028.63,2067.8936
49.181202,8.241081,38016.64,2069.1794
49.179054,8.241476,38031.312,2070.0908
49.177547,8.243576,38038.71,2070.826
49.174965,8.242219,38064.26,2072.1904
49.172104,8.246819,38031.11,2073.7356
49.17193,8.245623,38048.89,2073.6387
49.17141,8.246279,38074.902,2075.184
49.16603,8.246992,38062.945,2076.334
49.163025,8.248234,38085.047,2077.1946
49.164173,8.251505,38057.2,2078.3127
49.15992,8.249467,38024.074,2078.8408
49.15963,8.249016,38053.387,2080.4104
49.156788,8.251068,38065.902,2080.6343
49.15549,8.25204,38067.484,2081.806
49.152817,8.253993,38057.414,2082.9746
49.151752,8.254013,38055.18,2083.8455
49.149464,8.2560625,38054.598,2084.828
49.14713,8.256239,38069.492,2085.7524
49.1456,8.256136,38074.12,2086.8176
49.143036,8.256881,38080.02,2087.6228
49.14242,8.257747,38075.484,2088.828
49.139523,8.260393,38066.254,2089.6616
49.137844,8.259415,38056.195,2090.3667
49.134705,8.262494,38032.387,2092.5583
49.133755,8.260841,38073.715,2093.124
49.131332,8.26389,38013.266,2094.209
49.12715,8.26372,38043.24,2095.0906
49.12827,8.26363,38067.715,2096.7368
49.126,8.265392,38080.19,2096.6418
49.124138,8.266689,38094.895,2097.7307
49.12193,8.266335,38070.203,2098.6377
49.11961,8.267562,38076.87,2100.0142
49.117558,8.266763,38060.63,2100.2522
49.114586,8.2681,38073.953,2101.65
49.113388,8.269223,38068.43,2102.9678
49.111473,8.270315,38064.043,2103.3713
49.108253,8.271363,38076.38,2104.763
49.10593,8.273138,38073.098,2105.7253
49.10574,8.27424,38076.37,2106.8445
49.10181,8.275052,38080.438,2107.8257
49.101334,8.276252,38061.125,2108.0942
49.09995,8.277172,38076.523,2109.5986
49.097878,8.277316,38091.21,2110.5276
49.094994,8.278467,38094.58,2111.4624
49.09271,8.278439,38083.004,2112.5432
49.090916,8.28068,38089.875,2113.59
49.089462,8.2798815,38078.82,2114.3928
49.086838,8.281644,38069.92,2116.284
49.084854,8.281757,38080.71,2116.977
49.0826,8.282732,38034.24,2118.3442
49.081837,8.283863,38094.13,2118.2932
49.077713,8.283902,38074.055,2119.5393
49.075493,8.284016,38101.832,2120.3967
49.074577,8.284451,38120.35,2122.246
49.072433,8.285528,38110.55,2122.3455
49.0705,8.286356,38121.098,2123.416
49.07138,8.288779,38109.31,2124.2988
49.06668,8.285088,38091.035,2124.272
49.06538,8.287927,38106.957,2126.4902
49.062622,8.289495,38132.727,2126.4695
49.060005,8.291482,38105.56,2128.4333
49.060112,8.291572,38143.03,2129.464
49.055775,8.291405,38140.773,2130.0093
49.053696,8.293529,38153.92,2130.9443
49.05093,8.295047,38117.805,2132.7273
49.050503,8.295838,38137.043,2133.2673
49.04931,8.296236,38140.71,2133.6455
49.04715,8.296177,38159.945,2135.9111
49.043694,8.296706,38126.758,2136.31
49.040382,8.299521,38173.47,2136.5645
49.040855,8.298057,38169.22,2138.3013
49.039303,8.300797,38157.812,2139.2507
49.034035,8.296453,38174.98,2139.708
49.033344,8.301409,38200.28,2140.9907
49.03042,8.300153,38168.26,2141.899
49.028805,8.301264,38167.66,2143.3123
49.029045,8.3036785,38157.043,2143.8672
49.026043,8.303476,38165.047,2145.2893
49.022804,8.305033,38156.586,2145.9106
49.021793,8.304535,38138.754,2146.8188
49.02216,8.307151,38165.582,2147.8315
49.01853,8.305733,38162.58,2149.0994
49.01675,8.306966,38156.535,2149.695
49.013245,8.306986,38155.973,2150.469
49.01182,8.308772,38184.863,2151.695
49.00973,8.309834,38200.414,2152.6562
49.006653,8.309747,38193.887,2153.837
49.006073,8.311322,38199.426,2154.9065
49.002674,8.3100815,38194.484,2155.647
49.000153,8.311829,38203.2,2156.921
48.999294,8.313971,38199.605,2157.6238
48.99716,8.312202,38200.047,2158.6245
48.994755,8.313518,38212.7,2159.4778
48.992104,8.315448,38201.82,2160.842
48.99265,8.314256,38209.195,2161.5208
48.9888,8.317203,38209.008,2162.6
48.987404,8.31714,38195.594,2163.4504
48.98549,8.317675,38207.39,2164.5957
48.98271,8.31696,38221.57,2165.3496
48.981438,8.317703,38240.246,2166.2922
48.97817,8.318953,38234.656,2167.345
48.977974,8.318589,38221.324,2168.5234
48.97612,8.321343,38251.785,2169.6353
48.9734,8.320327,38238.0,2170.66
48.970448,8.321131,38162.164,2171.407
48.9686,8.321275,38236.582,2172.6743
48.96757,8.32233,38237.715,2173.5315
48.963573,8.323604,38142.805,2174.5557
48.962685,8.324209,38261.727,2175.9631
48.961277,8.323023,38156.46,2177.2566
48.959145,8.324701,38203.832,2177.4937
48.955544,8.325253,38224.582,2178.457
48.953484,8.325181,38238.848,2179.1868
48.95137,8.32734,38267.49,2180.313
48.95029,8.326278,38261.348,2181.4902
48.949768,8.328059,38243.43,2182.5234
48.945633,8.328893,38247.656,2184.0312
48.943966,8.330822,38268.11,2184.364
48.942223,8.328602,38244.746,2185.1558
48.939114,8.329405,38236.59,2185.969
48.938496,8.330238,38257.773,2186.829
48.93551,8.330262,38258.977,2188.245
48.933907,8.330924,38245.56,2189.2712
48.93181,8.332181,38276.797,2189.6643
48.928066,8.332825,38224.355,2190.9202
48.927593,8.331894,38275.11,2192.0947
48.924534,8.334241,38258.367,2193.1304
48.922253,8.334317,38261.973,2193.9924
48.921326,8.334393,38287.973,2195.3706
48.918705,8.335239,38283.137,2196.1245
48.91704,8.336705,38278.67,2196.9504
48.913864,8.33517,38259.016,2198.063
48.9117,8.336044,38295.207,2199.336
48.91157,8.335632,38288.57,2199.8784
48.90779,8.337106,38282.83,2200.9277
48.90787,8.338175,38287.43,2201.7517
48.904633,8.337081,38272.28,2202.9624
48.90333,8.338389,38260.773,2203.1401
48.901257,8.340302,38261.676,2204.4758
48.898514,8.341719,38281.414,2206.2334
48.89637,8.339928,38239.2,2206.5747
48.895634,8.340956,38272.72,2207.6785
48.89269,8.340748,38267.973,2208.524
48.890152,8.341219,38266.8,2209.701
48.889465,8.342274,38282.14,2210.9355
48.88654,8.341546,38275.02,2211.7566
48.885296,8.343539,38250.883,2213.2786
48.882923,8.3449545,38301.746,2213.884
48.8794,8.342681,38248.125,2215.0164
48.8781,8.34407,38270.49,2215.3037
48.876106,8.344532,38277.47,2216.3528
48.87333,8.343802,38216.13,2218.659
48.871716,8.3455105,38304.48,2218.5164
48.86972,8.345556,38284.28,2219.7222
48.86734,8.345936,38248.87,2221.0398
48.866356,8.347615,38266.188,2221.8894
48.862823,8.346682,38270.055,2222.389
48.861958,8.348417,38279.777,2223.7427
48.859146,8.347612,38283.26,2224.43
48.85763,8.349273,38277.445,2225.9673
48.855865,8.347478,38248.52,2226.2874
48.85377,8.349655,38260.71,2227.2056
48.850727,8.349092,38248.805,2228.5496
48.848724,8.349527,38257.035,2229.0305
48.84688,8.350384,38242.66,2230.533
48.844616,8.350085,38252.555,2231.7285
48.84334,8.350554,38251.996,2232.547
48.84034,8.35121,38242.99,2233.2507
48.839043,8.351746,38254.68,2234.1655
48.83585,8.351235,38233.438,2235.4858
48.83501,8.35275,38253.832,2236.6306
48.833065,8.3521,38236.906,2237.46
48.831505,8.354249,38254.902,2238.4104
48.828083,8.353029,38181.684,2239.6245
48.827286,8.352883,38245.695,2239.9702
48.825497,8.352914,38249.32,2241.359
48.822952,8.355051,38215.99,2242.4167
48.819183,8.353435,38200.03,2243.062
48.818447,8.354026,38223.113,2244.2883
48.817818,8.353849,38203.137,2245.2344
48.814198,8.355254,38213.945,2245.8333
48.811314,8.355766,38196.125,2247.4934
48.808975,8.357723,38195.566,2248.3516
48.80735,8.356436,38188.28,2249.1965
48.805637,8.357163,38219.297,2249.812
48.80252,8.357652,38184.844,2251.236
48.80235,8.3563175,38190.426,2252.3806
48.799103,8.3587,38179.16,2253.0198
48.797657,8.358251,38157.535,2255.0518
48.794666,8.357257,38168.875,2255.815
48.79387,8.358732,38163.54,2256.3625
48.78991,8.358321,38173.473,2256.5862
48.78882,8.360476,38155.848,2257.9211
48.785904,8.356952,38136.434,2259.5623
48.783684,8.360423,38109.996,2259.9668
48.782078,8.36016,38113.777,2260.7656
48.779457,8.361662,38112.695,2262.051
48.779026,8.360547,38119.89,2262.651
48.776943,8.360846,38112.52,2263.4172
48.77412,8.359652,38115.176,2265.0393
48.772755,8.361964,38117.832,2265.992
48.76929,8.360994,38127.617,2266.726
48.76709,8.359739,38037.598,2267.8953
48.766342,8.362958,38078.55,2269.5117
48.76445,8.362084,38066.867,2269.9397
48.761566,8.362242,38030.93,2271.2842
48.759113,8.362519,38032.05,2272.0452
48.756912,8.362213,38053.45,2273.252
48.754997,8.362729,38062.617,2274.6208
48.752354,8.364727,38018.65,2275.2136
48.751553,8.364954,38066.055,2276.1
48.749535,8.363697,38050.293,2276.6355
48.74709,8.3666115,38048.055,2278.303
48.747112,8.364178,38018.594,2278.9128
48.743664,8.366336,38026.67,2280.1538
48.742516,8.364143,38010.56,2280.676
48.738693,8.364634,37979.97,2282.276
48.73873,8.364362,37996.645,2282.719
48.736374,8.365815,37988.68,2283.3892
48.73219,8.365985,38000.25,2284.8423
48.730724,8.366142,37998.164,2285.869
48.727413,8.36684,37983.41,2286.6
48.727737,8.366847,37983.242,2287.7947
48.72533,8.3672,37967.11,2289.379
48.722706,8.366693,37950.992,2289.7227
48.72121,8.367389,37942.027,2290.5918
48.71744,8.366994,37941.816,2292.35
48.715977,8.367295,37941.273,2292.8142
48.713623,8.369253,37925.42,2293.762
48.71245,8.367734,37917.496,2294.6384
48.709972,8.369601,37887.387,2295.778
48.707443,8.369655,37876.62,2296.665
48.706367,8.368172,37874.23,2297.3042
48.703175,8.370605,37874.457,2299.0166
48.700768,8.3690815,37902.04,2299.6006
48.70001,8.369461,37880.117,2301.5618
48.698666,8.368986,37865.17,2301.788
48.69488,8.370285,37851.41,2303.6543
48.691963,8.371896,37858.793,2303.5715
48.6919,8.370102,37849.91,2305.0283
48.689774,8.370719,37842.207,2305.9587
48.68524,8.369854,37853.938,2306.6587
48.68399,8.372573,37823.91,2308.4636
48.681797,8.373739,37800.64,2308.275
48.680378,8.371461,37792.81,2310.4338
48.67792,8.370043,37792.89,2310.3394
48.67478,8.372703,37790.31,2311.942
48.672348,8.372477,37777.87,2313.182
48.673096,8.373595,37761.293,2313.453
48.671627,8.372134,37744.594,2314.8208
48.670464,8.369049,37746.816,2314.5962
48.66654,8.370994,37759.39,2316.9924
48.66533,8.373164,37727.56,2317.443
48.662426,8.375896,37739.863,2318.9683
48.66043,8.374742,37744.336,2319.0422
48.65954,8.372281,37716.293,2320.7065
48.656372,8.376067,37721.844,2321.9292
48.6525,8.376982,37710.066,2323.014
48.653355,8.373869,37710.926,2323.1216
48.65188,8.375264,37703.457,2324.6772
48.646893,8.374971,37720.383,2326.0698
48.646084,8.375046,37706.11,2326.6162
48.64497,8.377925,37686.844,2327.882
48.64162,8.3750925,37677.84,2328.3035
48.639782,8.375467,37664.62,2330.2268
48.637257,8.377209,37665.984,2330.218
48.63595,8.379173,37653.45,2332.27
48.632202,8.377431,37641.473,2332.532
48.63129,8.377172,37639.246,2333.6963
48.63028,8.377733,37638.09,2334.8142
48.627525,8.3761835,37641.977,2336.0107
48.626213,8.378108,37634.52,2336.5867
48.622997,8.378628,37620.09,2337.4753
48.623226,8.379656,37608.94,2338.7078
48.619682,8.379247,37585.395,2339.585
48.616463,8.379692,37615.184,2341.1328
48.61609,8.376578,37552.785,2341.6
48.612965,8.3777485,37598.457,2341.8438
48.61042,8.378665,37573.46,2344.045
48.607254,8.3810835,37564.934,2344.8416
48.606865,8.381042,37550.37,2345.311
48.60594,8.380376,37526.293,2346.8418
48.60242,8.380917,37541.53,2347.4634
48.599724,8.381027,37526.89,2348.2666
48.598904,8.380584,37516.773,2349.8455
48.59771,8.382042,37508.08,2350.802
48.59606,8.381475,37493.727,2351.3086
48.592876,8.38258,37526.836,2353.193
48.590088,8.380976,37488.9,2353.7488
48.58776,8.382675,37487.855,2354.9717
48.58594,8.381802,37500.176,2355.3726
48.58462,8.382952,37516.586,2356.5417
48.581646,8.382999,37489.715,2357.5894
48.580074,8.383736,37510.96,2358.4153
48.578033,8.382561,37516.42,2359.2627
48.575684,8.38324,37518.035,2360.3074
48.57356,8.386364,37443.19,2361.8704
48.57166,8.38342,37464.863,2362.9746
48.56871,8.385615,37435.9,2362.9282
48.56968,8.383113,37484.555,2364.268
48.565895,8.387653,37453.9,2366.185
48.563137,8.384822,37418.008,2366.3708
48.56172,8.386794,37426.066,2367.4297
48.558064,8.386011,37434.906,2368.688
48.55729,8.385687,37412.145,2369.6843
48.556904,8.384324,37386.26,2370.3699
48.552204,8.38618,37399.13,2371.9167
48.550194,8.385059,37375.24,2372.2598
48.548252,8.38939,37364.05,2373.3748
48.5455,8.387933,37381.25,2374.8103
48.545406,8.385984,37422.984,2374.987
48.544285,8.385576,37393.645,2375.7905
48.540226,8.38717,37385.004,2377.9644
48.53831,8.388228,37384.883,2378.4404
48.53497,8.38998,37373.78,2379.5732
48.53627,8.391174,37365.72,2380.5981
48.53117,8.387982,37366.56,2381.0264
48.5309,8.38691,37329.22,2382.2275
48.527534,8.388998,37332.656,2383.4385
48.52503,8.389961,37334.324,2384.112
48.52496,8.38994,37308.543,2385.6375
48.521004,8.388217,37338.48,2386.099
48.520626,8.389466,37300.08,2387.2556
48.517612,8.390071,37350.42,2388.42
48.516193,8.390071,37290.625,2389.5054
48.514565,8.390599,37323.984,2390.2302
48.512074,8.391954,37298.195,2391.3494
48.510906,8.391123,37266.57,2392.1016
48.507397,8.391419,37319.12,2393.8435
48.506428,8.391618,37299.96,2394.2922
48.503853,8.3911085,37301.93,2395.5042
48.501797,8.391816,37302.438,2395.9395
48.49985,8.391105,37303.26,2397.361
48.498398,8.393773,37298.152,2398.4463
48.49517,8.392237,37268.055,2399.078
48.494987,8.394099,37263.39,2399.9683
48.4919,8.392811,37270.684,2401.3022
48.490013,8.394431,37267.824,2402.1543
48.48802,8.395255,37256.29,2403.4426
48.48532,8.394334,37245.758,2404.3108
48.48371,8.39352,37281.96,2405.1343
48.48099,8.394074,37247.812,2405.631
48.47913,8.392819,37299.58,2407.1602
48.476868,8.395669,37220.617,2408.2173
48.47504,8.396663,37242.535,2409.2393
48.472584,8.39511,37196.613,2410.2327
48.472008,8.394942,37214.85,2411.464
48.468735,8.396704,37217.324,2412.1445
48.466774,8.397794,37203.65,2412.7212
48.46441,8.396917,37223.2,2414.3406
48.462635,8.3975115,37227.9,2415.014
48.460835,8.397082,37216.586,2416.1477
48.45822,8.397127,37230.84,2416.9592
48.456463,8.399897,37199.363,2417.8198
48.454166,8.398346,37211.043,2419.108
48.45248,8.399929,37198.324,2420.1667
48.450195,8.399829,37182.426,2421.5554
48.44913,8.399262,37171.344,2421.8672
48.446312,8.398935,37246.164,2422.669
48.44433,8.401024,37149.176,2424.0771
48.442875,8.400245,37153.58,2425.167
48.439877,8.400035,37186.73,2425.4236
48.43789,8.402447,37122.18,2427.5903
48.4351,8.399484,37201.727,2428.2485
48.43309,8.404369,37156.83,2429.011
48.431175,8.403573,37146.37,2430.5803
48.42917,8.402977,37211.3,2430.5815
48.428474,8.399102,37186.17,2433.0874
48.42331,8.403703,37124.684,2432.6255
48.423832,8.404898,37169.414,2434.3225
48.4231,8.403039,37124.902,2434.3599
48.419228,8.402074,37135.445,2435.3613
48.418232,8.402967,37130.723,2437.8257
48.416576,8.404112,37150.06,2436.382
48.4157,8.406396,37118.406,2438.9626
48.41065,8.40898,37114.727,2439.3374
48.41157,8.405778,37132.43,2440.63
48.407078,8.404086,37129.906,2442.7195
48.402626,8.403674,37143.867,2443.3467
48.40341,8.409875,37102.53,2444.3494
48.40216,8.408607,37092.69,2445.2334
48.39873,8.409152,37111.395,2447.2153
48.396595,8.405389,37110.457,2446.7825
48.39538,8.409696,37088.28,2448.1992
48.392593,8.407469,37100.48,2448.7117
48.391727,8.408554,37091.348,2450.1938
48.388153,8.406765,37122.527,2450.1902
48.386143,8.408041,37121.746,2451.5898
48.38451,8.408922,37079.938,2453.2012
48.383366,8.410357,37097.293,2453.6433
48.380505,8.409699,37077.47,2454.5505
48.379906,8.412494,37074.273,2456.098
48.376827,8.41091,37088.53,2456.8362
48.376057,8.411757,37065.156,2457.6975
48.37317,8.408882,37035.758,2459.097
48.37183,8.411297,37019.984,2459.6223
48.369015,8.408373,37069.816,2459.961
48.36632,8.412547,37026.523,2462.256
48.364243,8.413594,37003.797,2462.9019
48.36264,8.410542,37107.566,2463.3162
48.36161,8.414262,36997.254,2464.6587
48.35774,8.409581,37113.164,2465.7007
48.355972,8.412965,37012.82,2466.7114
48.356438,8.415923,37034.285,2467.4412
48.35362,8.413254,37019.152,2469.3376
48.351242,8.4128685,37032.855,2469.101
48.3494,8.415534,37006.754,2470.9844
48.347427,8.415216,36988.54,2472.1538
48.3453,8.415112,37011.41,2472.5562
48.342422,8.416506,37007.977,2473.306
48.340446,8.417334,36990.645,2474.5217
48.338055,8.414768,36981.152,2475.4663
48.337975,8.4156,36955.79,2476.249
48.33388,8.417863,36968.914,2477.3467
48.332127,8.415967,36982.004,2479.0383
48.330658,8.41774,36969.656,2479.4006
48.3277,8.417981,36975.24,2480.744
48.32538,8.415758,37014.832,2480.5303
48.322838,8.415063,37020.73,2482.0596
48.321445,8.418978,36954.312,2483.7893
48.319508,8.419029,36966.707,2484.3308
48.3169,8.417146,36991.523,2485.0818
48.314022,8.416881,37015.062,2485.5398
48.31415,8.418467,36951.137,2487.5186
48.3128,8.420313,36951.71,2488.33
48.309616,8.420396,36930.137,2489.4695
48.309216,8.420808,36940.695,2490.325
48.30601,8.418538,36940.797,2490.5266
48.305435,8.419891,36931.625,2492.7332
48.30316,8.421009,36919.715,2492.6047
48.30028,8.423692,36892.06,2494.476
48.296738,8.41896,36939.23,2493.744
48.295895,8.419961,36935.117,2495.5396
48.294044,8.421463,36908.637,2497.3525
48.290783,8.421908,36917.613,2498.0894
48.28836,8.425696,36898.766,2499.8628
48.287277,8.426691,36896.63,2499.351
48.28349,8.422807,36897.06,2501.803
48.2824,8.422787,36891.62,2501.4421
48.2789,8.4203615,36909.855,2502.5002
48.27848,8.424252,36879.59,2503.7295
48.276585,8.424396,36861.77,2505.152
48.27738,8.4245405,36874.477,2505.905
48.273705,8.423649,36866.02,2506.5986
48.27176,8.42227,36863.902,2508.494
48.26977,8.425378,36870.0,2508.3923
48.26647,8.425067,36872.055,2510.4163
48.26606,8.424088,36861.688,2510.9814
48.262657,8.422756,36866.59,2511.2444
48.259346,8.427608,36826.0,2512.886
48.26083,8.427734,36851.03,2513.8867
48.257027,8.425654,36846.473,2514.5015
48.256886,8.424911,36855.43,2516.5251
48.2532,8.4284525,36819.426,2516.3496
48.25251,8.427489,36805.477,2517.4739
48.2492,8.427448,36821.766,2518.5793
48.24717,8.429384,36820.95,2519.948
48.244648,8.427194,36816.137,2520.293
48.242493,8.429079,36805.625,2521.6987
48.240135,8.425201,36860.41,2522.42
48.238426,8.431583,36801.33,2522.9307
48.235596,8.428559,36777.17,2525.1514
48.23342,8.424958,36781.73,2525.3333
48.232597,8.430356,36747.832,2526.2766
48.22986,8.429549,36769.363,2527.5564
48.227997,8.430066,36778.535,2528.6165
48.22604,8.426599,36813.996,2529.4739
48.224266,8.426465,36801.105,2529.9512
48.22215,8.432755,36751.387,2531.2825
48.220516,8.428999,36765.145,2532.5928
48.217598,8.430389,36742.395,2533.2173
48.21469,8.432593,36720.96,2534.6453
48.21496,8.428672,36745.016,2534.402
48.21191,8.431041,36729.363,2535.8035
48.210136,8.432125,36732.793,2537.4436
48.20856,8.429082,36760.414,2538.137
48.206474,8.432373,36715.035,2539.4858
48.20385,8.430861,36725.355,2539.89
48.202133,8.430927,36712.42,2541.5535
48.200245,8.432834,36702.043,2543.4302
48.198025,8.434682,36675.73,2543.5613
48.196945,8.435032,36683.91,2544.4128
48.194057,8.433228,36679.508,2545.7646
48.192448,8.435167,36687.527,2546.0771
48.189625,8.434553,36686.996,2547.6384
48.1902,8.435613,36685.195,2548.5762
48.185555,8.436372,36672.01,2549.4463
48.184444,8.434972,36665.367,2550.0276
48.181618,8.434011,36642.625,2551.769
48.18103,8.432949,36666.836,2552.5837
48.178223,8.433767,36663.98,2552.944
48.173367,8.434732,36674.89,2553.7666
48.176094,8.437835,36645.027,2555.5242
48.173218,8.435439,36661.254,2556.4077
48.170063,8.43409,36631.52,2557.3623
48.16576,8.436124,36604.28,2557.5828
48.166107,8.441917,36589.535,2558.3733
48.16691,8.437797,36626.758,2560.238
48.159336,8.436285,36620.79,2560.3408
48.160896,8.435755,36602.26,2561.7583
48.157875,8.437134,36554.0,2563.561
48.154045,8.43437,36599.23,2562.8848
48.15343,8.44439,36589.516,2565.3083
48.151115,8.434398,36644.05,2566.0642
48.150364,8.437257,36583.176,2568.0266
48.1421,8.435669,36581.97,2567.454
48.147213,8.444136,36534.285,2569.4285
48.145794,8.439161,36551.832,2569.2822
48.141495,8.434401,36581.29,2570.745
48.139763,8.437786,36547.234,2572.5432
48.13726,8.436365,36545.25,2571.58
48.137844,8.440592,36546.24,2574.3972
48.13236,8.440154,36547.582,2575.1304
48.129726,8.4407835,36519.805,2576.0469
48.131466,8.442105,36516.65,2576.6074
48.128315,8.441417,36505.723,2578.086
48.123684,8.439969,36538.81,2578.0156
48.12222,8.439959,36541.215,2579.0415
48.121437,8.442545,36489.844,2580.7412
48.116528,8.439857,36544.22,2581.2202
48.116585,8.43862,36547.547,2582.4834
48.11456,8.442923,36502.008,2583.7139
48.113472,8.443088,36490.23,2584.3372
48.111927,8.443202,36487.24,2585.3503
48.107414,8.44165,36511.477,2586.715
48.10602,8.442282,36470.805,2587.4495
48.103264,8.440795,36524.54,2588.1467
48.102177,8.444625,36495.043,2589.2617
48.100555,8.44223,36505.035,2591.995
48.09586,8.444777,36470.934,2591.7
48.09747,8.445445,36448.117,2592.1985
48.094772,8.441888,36442.75,2594.7473
48.091377,8.444149,36436.074,2594.8743
48.089478,8.444062,36433.26,2595.3704
48.087368,8.44527,36430.04,2596.7666
48.083176,8.442548,36472.652,2597.1558
48.08483,8.447126,36426.863,2598.7646
48.081394,8.445877,36430.91,2599.6714
48.078514,8.446081,36410.77,2600.0925
48.0767,8.443493,36466.47,2601.5032
48.075138,8.446886,36384.758,2602.4868
48.072155,8.443662,36442.117,2602.9648
48.070206,8.446493,36413.5,2604.123
48.06929,8.446896,36386.496,2605.1345
48.0669,8.44823,36381.14,2606.3647
48.06652,8.447755,36391.91,2607.3616
48.06423,8.446057,36384.402,2608.6416
48.060154,8.447486,36380.633,2609.2727
48.05966,8.447481,36380.31,2610.406
48.05406,8.447229,36364.332,2611.5862
48.05341,8.450034,36360.113,2612.1853
48.053112,8.448206,36373.723,2612.704
48.048626,8.444941,36419.168,2614.9817
48.044815,8.446409,36369.977,2613.9585
48.046856,8.448521,36376.406,2616.7021
48.0462,8.449442,36352.082,2616.7097
48.042557,8.443373,36378.676,2616.4094
48.041473,8.446347,36340.21,2621.0251
48.03799,8.449879,36350.707,2619.3503
48.039604,8.447112,36383.63,2621.108
48.033466,8.447927,36338.55,2621.303
48.0309,8.44813,36353.59,2623.5156
48.031155,8.44879,36317.277,2624.2185
48.025032,8.448997,36351.027,2624.4421
48.022114,8.454971,36321.28,2627.9885
48.022808,8.454579,36291.867,2625.508
48.022938,8.445632,36303.69,2628.8464
48.018764,8.448631,36257.992,2630.377
48.01595,8.450999,36292.332,2630.5144
48.015038,8.4536085,36254.32,2631.7822
48.012936,8.445511,36314.27,2630.0571
48.015182,8.452287,36243.957,2633.1213
48.01119,8.443511,36277.582,2633.1687
48.006176,8.444243,36294.28,2635.2957
48.00499,8.451652,36285.223,2635.4133
48.005306,8.451975,36303.57,2637.3145
48.003963,8.451172,36276.64,2638.13
47.998924,8.450579,36297.57,2638.0444
47.996235,8.450788,36285.98,2640.354
47.995674,8.452812,36282.38,2640.6252
47.99384,8.453294,36265.734,2641.359
47.990463,8.450915,36277.875,2642.525
47.988857,8.452243,36244.28,2644.4026
47.986835,8.452795,36267.344,2643.9165
47.98363,8.453194,36258.9,2646.4536
47.982838,8.451569,36268.758,2646.643
47.97986,8.452387,36296.223,2647.301
47.979256,8.454432,36268.78,2648.4045
47.975048,8.454394,36251.395,2650.3477
47.97306,8.453931,36235.56,2650.0183
47.971832,8.451124,36246.375,2651.5623
47.970676,8.453719,36233.48,2652.3499
47.96757,8.452065,36227.45,2654.7358
47.9649,8.455475,36216.246,2655.0671
47.961338,8.449986,36261.91,2655.1904
47.96208,8.454492,36188.992,2657.4187
47.95882,8.4509325,36230.62,2657.2883
47.957294,8.455041,36192.766,2659.207
47.955112,8.454989,36216.777,2659.289
47.952545,8.455115,36210.914,2660.7703
47.95109,8.454977,36217.195,2661.7708
47.95057,8.454628,36220.945,2662.2734
47.947422,8.455955,36215.55,2663.4075
47.943016,8.452213,36265.04,2663.809
47.94232,8.454627,36263.555,2665.2942
47.940907,8.455091,36208.473,2666.222
47.93902,8.456623,36184.47,2667.5623
47.936543,8.453508,36220.28,2668.163
47.93377,8.453492,36245.676,2669.4863
47.931797,8.456077,36193.6,2670.6365
47.931126,8.456261,36188.57,2671.7559
47.927418,8.454593,36256.797,2672.216
47.927837,8.455939,36198.074,2672.7595
47.925117,8.455365,36188.62,2674.7483
47.922703,8.455835,36189.895,2675.3955
47.921597,8.456101,36183.836,2676.325
47.91876,8.455379,36177.434,2677.4236
47.916824,8.456271,36172.805,2678.7708
47.912296,8.4545965,36256.9,2679.3223
47.911987,8.456605,36167.727,2680.1255
47.908573,8.4574995,36184.926,2681.978
47.905212,8.457515,36190.258,2681.4216
47.90434,8.455762,36161.87,2683.4644
47.902966,8.455955,36136.08,2684.3977
47.900986,8.456789,36157.824,2685.5447
47.899487,8.457792,36176.047,2686.2048
47.896824,8.458804,36152.14,2686.899
47.8975,8.458243,36142.848,2688.6245
47.893887,8.45407,36175.18,2688.9553
47.891174,8.451277,36209.844,2691.2012
47.89009,8.458202,36163.996,2690.4216
47.8878,8.457081,36192.62,2692.3462
47.886463,8.458303,36168.156,2692.3057
47.883446,8.457505,36137.473,2693.65
47.88187,8.456002,36199.105,2695.5505
47.874004,8.456478,36213.51,2696.7688
47.874207,8.463053,36149.926,2698.2803
47.87515,8.465024,36149.75,2697.6287
47.87244,8.458862,36135.93,2699.6956
47.87212,8.457806,36130.28,2699.7493
47.864815,8.458679,36129.48,2701.9211
47.865448,8.459447,36147.074,2702.0005
47.863964,8.456782,36134.676,2703.0515
47.86277,8.458482,36128.777,2704.8926
47.860523,8.45635,36140.703,2705.2683
47.856384,8.457487,36124.445,2705.6829
47.856213,8.457641,36140.04,2706.2024
47.854725,8.459641,36110.84,2707.9321
47.85265,8.4588375,36102.137,2708.2932
47.847694,8.458365,36199.117,2709.7354
47.84968,8.4596195,36121.92,2710.5388
47.844345,8.456764,36155.895,2711.5117
47.844387,8.458853,36122.56,2712.69
47.842773,8.457562,36107.645,2713.953
47.83857,8.461042,36117.73,2714.1829
47.837784,8.459857,36115.133,2715.569
47.836536,8.459797,36119.75,2717.1245
47.83418,8.457917,36136.39,2717.3528
47.83178,8.457855,36091.465,2718.3806
47.82793,8.458681,36137.28,2719.6772
47.82579,8.457386,36123.344,2719.9548
47.825447,8.45867,36083.324,2721.6936
47.82316,8.458817,36108.484,2722.7822
47.81884,8.460113,36138.047,2724.032
47.81923,8.460857,36094.625,2724.393
47.81666,8.458634,36087.47,2725.2656
47.814613,8.459536,36089.34,2726.3035
47.813683,8.459713,36093.68,2726.49
47.811153,8.459201,36103.305,2728.7778
47.808018,8.460385,36099.855,2729.465
47.807007,8.460635,36088.777,2730.41
47.804333,8.460122,36075.73,2731.432
47.801113,8.45882,36115.93,2731.9514
47.800022,8.460005,36069.695,2733.4897
47.798836,8.459547,36075.9,2734.23
47.796017,8.460359,36072.3,2735.36
47.795147,8.460308,36068.547,2736.1226
47.79171,8.460414,36063.766,2737.5457
47.788536,8.458776,36104.055,2738.164
47.788345,8.459508,36055.133,2739.3535
47.784336,8.460023,36080.96,2741.2405
47.78358,8.460581,36050.195,2741.5144
47.78142,8.461318,36021.4,2742.1145
47.777878,8.459716,36080.3,2743.12
47.776093,8.459397,36073.5,2744.0334
47.774918,8.462624,36035.918,2745.1716
47.77388,8.461927,36040.074,2746.6638
47.771187,8.460762,36051.27,2747.908
47.76799,8.460567,36055.902,2747.7412
47.768642,8.463283,35991.453,2749.2576
47.766224,8.461261,36028.5,2750.8066
47.760143,8.461891,36038.543,2751.3264
47.760807,8.460466,35998.598,2752.2517
47.75956,8.462043,36020.04,2753.2
47.755383,8.462311,36019.496,2754.0237
47.75323,8.46079,36051.734,2755.263
47.75216,8.460691,36024.348,2757.0073
47.750237,8.460379,36016.01,2758.1094
47.74732,8.461482,35999.336,2757.9565
47.746506,8.462497,35991.27,2759.5833
47.744205,8.460185,36004.18,2759.2947
47.741745,8.458491,35981.492,2761.3574
47.740044,8.461304,35995.55,2762.5627
47.73699,8.462565,35984.457,2762.4832
47.736298,8.462147,35985.707,2764.2666
47.732952,8.461736,36005.38,2765.126
47.731495,8.46273,35965.113,2766.1184
47.729267,8.461882,35979.066,2766.8691
47.727314,8.462121,35964.996,2768.5806
47.723263,8.462921,35946.652,2769.1394
47.721874,8.463718,35944.957,2769.238
47.718895,8.463691,35946.047,2772.0198
47.71798,8.462734,35938.29,2771.9817
47.715614,8.460974,35992.086,2771.7312
47.715614,8.461209,35904.637,2774.0825
47.712536,8.461537,35944.215,2775.115
47.709263,8.462213,35936.977,2775.538
47.706665,8.460495,35980.316,2776.715
47.707455,8.463879,35905.473,2778.3352
47.70427,8.462819,35885.84,2778.8076
47.701897,8.462847,35916.28,2780.1829
47.700077,8.462791,35905.062,2780.491
47.69656,8.462361,35944.5,2781.5994
47.69604,8.461753,35866.285,2782.944
47.69079,8.462573,35920.816,2783.7227
47.690914,8.463584,35909.07,2785.0938
47.690662,8.462065,35890.07,2786.2732
47.687824,8.463997,35844.96,2787.3826
47.685738,8.464416,35903.215,2788.2266
47.68073,8.463124,35919.938,2788.1406
47.681816,8.4629545,35929.51,2789.7354
47.677933,8.4632435,35865.117,2791.9236
47.675064,8.463561,35875.266,2791.9155
47.6755,8.46484,35845.125,2793.0261
47.67124,8.4640045,35834.914,2793.7764
47.67017,8.463347,35843.37,2794.9824
47.66909,8.462857,35837.375,2795.7974
47.66689,8.462697,35829.734,2797.2815
47.662205,8.464421,35851.305,2798.4663
47.66437,8.463196,35813.59,2798.533
47.661415,8.4644575,35818.285,2799.8538
47.656254,8.463517,35849.887,2801.0754
47.65677,8.462667,35849.953,2801.954
47.65311,8.462959,35817.69,2802.5554
47.65188,8.463665,35781.93,2804.2646
47.648544,8.466303,35777.965,2804.5151
47.64869,8.464327,35791.39,2806.2593
47.645115,8.464763,35775.742,2806.8835
47.642056,8.463156,35827.72,2807.427
47.642178,8.464579,35763.707,2808.9597
47.638863,8.465503,35750.414,2809.6602
47.637085,8.46313,35756.793,2811.1472
47.633842,8.464626,35771.17,2811.6938
47.63332,8.463477,35759.91,2812.9443
47.629227,8.464566,35749.438,2813.6611
47.629005,8.464481,35733.45,2814.8647
47.626766,8.463692,35775.46,2815.2354
47.62205,8.465108,35707.035,2816.182
47.622,8.462964,35709.59,2818.126
47.620815,8.464258,35713.387,2818.5076
47.619556,8.466386,35711.22,2820.3306
47.615387,8.464954,35727.45,2819.7566
47.613937,8.463971,35773.754,2821.0037
47.611633,8.464344,35673.504,2822.4175
47.608555,8.46382,35693.516,2824.1526
47.607887,8.466702,35679.95,2825.2961
47.6056,8.465466,35645.23,2825.584
47.602703,8.464509,35732.613,2827.4407
47.60157,8.464434,35641.15,2827.6611
47.598663,8.466124,35656.42,2828.7861
47.598152,8.464327,35659.434,2829.4092
47.5943,8.464632,35652.266,2831.11
47.593536,8.464317,35642.055,2831.0938
47.59224,8.466342,35616.35,2833.8474
47.58494,8.46657,35691.72,2833.4055
47.585873,8.46645,35604.156,2834.6462
47.58411,8.466017,35596.805,2835.35
47.58472,8.459671,35740.566,2837.617
47.5776,8.46756,35560.414,2838.3384
47.578606,8.463984,35568.87,2837.4343
47.578987,8.466675,35575.69,2839.4614
47.572292,8.462313,35593.426,2839.9402
47.57294,8.464771,35563.22,2842.885
47.570976,8.466232,35612.23,2841.1096
47.56911,8.466481,35550.805,2844.5483
47.5659,8.467317,35571.176,2844.7668
47.562923,8.464698,35630.406,2845.1316
47.562767,8.466802,35529.945,2847.3484
47.558033,8.466287,35594.984,2848.4263
47.55843,8.4674425,35534.664,2849.1956
47.55553,8.467502,35603.938,2850.0413
47.55188,8.467073,35525.137,2851.4143
47.552128,8.465152,35551.082,2851.335
47.54878,8.466856,35520.098,2852.3203
47.547203,8.466213,35521.83,2853.606
47.54519,8.467421,35496.793,2855.4736
47.539173,8.466625,35607.277,2855.043
47.54071,8.467488,35482.29,2857.2805
47.538624,8.46744,35488.516,2857.2332
47.535954,8.466342,35466.645,2858.3792
47.5334,8.468799,35561.57,2859.543
47.532776,8.466637,35427.82,2860.5317
47.52944,8.46773,35481.375,2861.731
47.52831,8.467766,35449.812,2862.5503
47.52539,8.466734,35449.664,2863.6533
47.52342,8.4668665,35475.156,2864.2354
47.522427,8.468305,35419.836,2865.818
47.51849,8.469187,35529.6,2867.7136
47.51838,8.467273,35392.56,2867.7021
47.51391,8.470451,35424.47,2868.2224
47.512108,8.467238,35389.65,2870.029
47.51083,8.470448,35493.516,2870.2783
47.50768,8.468601,35370.645,2871.658
47.50577,8.470183,35451.605,2872.4265
47.503574,8.468447,35467.258,2872.9138
47.501965,8.467799,35338.63,2874.7617
47.499584,8.469413,35447.414,2875.4116
47.498486,8.468259,35324.402,2876.2102
47.49578,8.46728,35436.723,2876.8875
47.49259,8.469822,35426.54,2878.2097
47.49156,8.469703,35392.35,2879.3198
47.486263,8.469393,35365.656,2879.4827
47.487083,8.469437,35360.492,2880.9224
47.4847,8.468061,35390.883,2882.0293
47.483677,8.471227,35267.547,2883.1318
47.480583,8.472108,35406.086,2883.528
47.478874,8.472352,35270.215,2885.6357
47.477997,8.471382,35337.832,2886.483
47.473476,8.469751,35335.24,2887.5757
47.472492,8.4733,35271.566,2889.1548
47.46966,8.47311,35328.9,2889.965
47.4693,8.471248,35260.598,2890.9841
47.464687,8.470875,35333.457,2891.4434
47.46325,8.472415,35244.297,2892.865
47.461292,8.47154,35322.473,2893.144
47.46056,8.471423,35246.824,2894.5916
47.458107,8.471259,35250.477,2894.9468
47.455616,8.471971,35250.926,2896.6763
47.453724,8.47269,35199.56,2897.7678
47.449806,8.471831,35312.86,2897.0679
47.44857,8.473528,35221.965,2899.748
47.447834,8.469327,35231.25,2900.6687
47.445408,8.471543,35206.68,2901.8826
47.440098,8.472714,35186.33,2902.5928
47.44459,8.473249,35181.484,2903.74
47.44067,8.471546,35137.574,2903.9312
47.43587,8.469979,35251.484,2904.9412
47.436607,8.474419,35157.688,2906.667
47.433704,8.474426,35149.332,2907.232
47.43136,8.475355,35149.473,2908.5273
47.42812,8.475011,35125.977,2909.0085
47.425735,8.47514,35248.152,2910.6682
47.424263,8.473788,35128.195,2911.281
47.42301,8.475479,35126.05,2912.397
47.420948,8.475719,35101.836,2913.6697
47.417187,8.478095,35214.31,2913.9734
47.41643,8.475548,35084.137,2915.1138
47.41405,8.476907,35112.887,2916.4668
47.41224,8.476972,35087.465,2917.3887
47.411938,8.477098,35068.4,2918.3125
47.406708,8.475621,35152.277,2919.506
47.404255,8.47599,35131.875,2919.6804
47.403347,8.476414,35084.742,2920.6985
47.400738,8.476464,35031.81,2922.001
47.39941,8.477621,35019.203,2923.156
47.39627,8.475267,35127.78,2923.6477
47.395412,8.476234,34995.336,2925.3862
47.392883,8.478352,35020.824,2926.0908
47.3907,8.478732,34994.55,2927.1848
47.388893,8.478332,35001.484,2928.1416
47.387432,8.478677,34995.965,2929.2842
47.385155,8.478583,34984.766,2930.3882
47.38343,8.477808,34983.14,2931.3806
47.380417,8.476664,35037.07,2931.6477
47.378685,8.478204,34962.66,2933.1836
47.375366,8.480321,34972.355,2934.306
47.374504,8.478975,34954.9,2934.6553
47.370766,8.478899,34925.973,2936.061
47.36957,8.479333,34960.586,2936.9153
47.3678,8.47895,35000.836,2939.0725
47.36532,8.480038,34917.156,2938.896
47.363045,8.480409,34919.11,2939.9631
47.361763,8.480065,34918.293,2940.246
47.360233,8.479915,34917.832,2941.626
47.356598,8.480375,34891.785,2943.1973
47.35422,8.482065,34851.293,2944.2014
47.35274,8.483026,34924.61,2945.5496
47.350853,8.483385,34833.254,2945.3027
47.349834,8.479939,34823.684,2947.5103
47.346527,8.481695,34944.65,2948.8232
47.34569,8.480613,34790.59,2949.5154
47.34124,8.482009,34899.45,2950.0447
47.342648,8.482826,34764.23,2950.4636
47.341267,8.481314,34765.152,2951.293
47.33666,8.478043,34819.816,2951.8499
47.335373,8.480472,34766.355,2955.178
47.331684,8.483216,34843.336,2953.3318
47.33061,8.481663,34837.97,2955.1252
47.328197,8.482858,34749.34,2957.4468
47.327137,8.481988,34746.92,2957.377
47.323154,8.483961,34707.84,2958.8682
47.321262,8.482774,34792.24,2959.8704
47.31884,8.484968,34669.605,2960.535
47.317547,8.486441,34845.64,2962.226
47.317078,8.486102,34655.344,2962.962
47.3133,8.48481,34686.734,2963.3108
47.310585,8.487198,34718.055,2964.23
47.311935,8.486016,34699.215,2965.758
47.306454,8.4866905,34671.574,2966.9753
47.30339,8.485257,34710.457,2967.0305
47.303654,8.488796,34651.688,2968.6177
47.299683,8.486649,34638.043,2969.6948
47.29882,8.486867,34620.77,2970.9644
47.29715,8.485384,34731.434,2971.4602
47.295193,8.487877,34597.977,2972.908
47.29369,8.487085,34607.68,2973.7576
47.2907,8.48865,34608.766,2974.8523
47.289005,8.488752,34598.39,2975.5227
47.287132,8.488903,34558.363,2977.1296
47.285343,8.488441,34554.363,2977.588
47.282883,8.489206,34538.53,2978.429
47.2799,8.487955,34527.94,2980.0352
47.278027,8.487598,34566.31,2980.279
47.274864,8.488074,34480.477,2981.9993
47.27496,8.487167,34436.86,2982.512
47.272423,8.488216,34705.375,2983.436
47.26973,8.489704,34419.445,2984.2366
47.267918,8.489627,34452.49,2985.7146
47.26618,8.487973,34464.473,2987.059
47.26423,8.489969,34458.984,2987.4375
47.26132,8.49022,34439.117,2988.2615
47.258896,8.491569,34441.164,2990.1665
47.256767,8.491246,34424.79,2990.8335
47.255863,8.492407,34406.477,2991.148
47.252014,8.491444,34391.33,2992.715
47.250576,8.491224,34454.36,2993.7979
47.250534,8.491664,34360.668,2994.9004
47.24784,8.492446,34366.23,2996.1765
47.245502,8.492155,34330.6,2996.661
47.242104,8.4915695,34386.44,2997.327
47.239883,8.49166,34317.664,2998.3743
47.23821,8.493723,34282.57,2999.6594
47.23832,8.495022,34250.168,3001.51
47.23279,8.494222,34402.227,3001.1877
47.22942,8.492616,34235.34,3003.372
47.23037,8.494359,34263.727,3003.9492
47.228996,8.493212,34254.105,3005.623
47.223965,8.494807,34308.895,3004.4084
47.22286,8.49451,34222.14,3005.839
47.22368,8.496531,34200.72,3008.1968
47.221878,8.488718,34263.42,3005.728
47.217064,8.491114,34196.2,3010.0637
47.21704,8.497789,34120.938,3009.674
47.21394,8.497612,34392.53,3011.4158
47.21141,8.497649,34127.56,3010.7473
47.211414,8.494839,34166.992,3013.5908
47.207607,8.498239,34168.336,3015.3845
47.19997,8.494234,34213.684,3015.8713
47.200523,8.507382,34115.723,3018.619
47.20148,8.50354,34110.82,3015.7617
47.198944,8.4960575,34100.848,3019.5117
47.19559,8.496453,34063.625,3018.974
47.19251,8.497387,34049.4,3020.0671
47.19351,8.498775,34031.484,3021.7488
47.189777,8.497838,34127.496,3022.6694
47.187847,8.499965,34009.832,3024.1282
47.185955,8.498242,33986.676,3023.9836
47.184673,8.495485,34006.496,3026.1887
47.184113,8.498999,33986.613,3025.371
47.180805,8.498295,33982.09,3027.6157
47.178513,8.498416,33951.867,3028.4092
47.17492,8.496716,34024.832,3028.8367
47.175205,8.500124,33929.57,3030.5093
47.171772,8.499655,33929.812,3030.569
47.17104,8.499528,33921.047,3031.5518
47.167957,8.500914,33899.273,3033.9116
47.16569,8.49776,33889.133,3034.2214
47.165417,8.500794,33859.34,3035.2197
47.162346,8.500767,33882.28,3036.7732
47.159733,8.501374,33857.47,3036.734
47.15851,8.501564,33798.242,3038.071
47.15645,8.503667,33779.54,3039.2214
47.154396,8.502033,33872.285,3040.852
47.15157,8.500945,33765.082,3040.8953
47.150093,8.500853,33790.46,3042.0984
47.147038,8.501777,33769.293,3043.2432
47.145805,8.500905,33774.043,3044.1934
47.14319,8.502178,33763.844,3045.5962
47.14044,8.501442,33695.523,3045.9905
47.141785,8.50186,33688.72,3047.4927
47.136906,8.502918,33692.27,3048.046
47.134083,8.501522,33685.08,3049.3083
47.134842,8.505703,33662.594,3050.4556
47.130642,8.50361,33648.68,3051.471
47.128323,8.504185,33643.223,3051.649
47.127304,8.502391,33632.555,3052.859
47.12561,8.503737,33615.137,3053.969
47.122032,8.503531,33617.016,3054.9463
47.121056,8.505185,33627.91,3056.5388
47.117878,8.502536,33576.664,3056.078
47.11427,8.504363,33532.02,3058.7788
47.112564,8.504732,33566.062,3058.7048
47.1138,8.50284,33532.32,3061.4448
47.108593,8.50369,33525.688,3061.2666
47.10521,8.506578,33502.277,3062.2969
47.10885,8.507319,33476.43,3063.1257
47.105633,8.503053,33443.875,3061.6484
47.10314,8.502554,33507.996,3066.286
47.10102,8.5051985,33409.016,3064.9963
47.099308,8.509393,33397.02,3066.098
47.09789,8.5064125,33498.965,3067.2986
47.09262,8.505037,33365.703,3069.862
47.09322,8.504614,33371.973,3070.0132
47.086468,8.503661,33425.54,3072.117
47.08402,8.512603,33333.254,3073.501
47.083237,8.51677,33350.19,3072.7878
47.083138,8.508799,33298.08,3075.3599
47.08142,8.501657,33318.137,3073.4814
47.07462,8.508143,33255.703,3076.0928
47.076237,8.510783,33272.023,3076.6929
47.075966,8.508374,33244.78,3077.7595
47.074146,8.507436,33187.26,3078.818
47.072445,8.506066,33187.203,3079.872
47.06828,8.506692,33188.73,3080.683
47.066956,8.50653,33188.473,3081.548
47.0633,8.510444,33189.17,3084.0403
47.064926,8.508729,33165.055,3084.358
47.059727,8.510683,33153.945,3084.6997
47.05784,8.508434,33103.344,3085.8555
47.05734,8.508218,33091.348,3087.3792
47.054504,8.508995,33089.4,3088.5388
47.05237,8.511281,33093.977,3088.4075
47.050945,8.511282,33058.195,3090.0046
47.04733,8.508499,33046.418,3091.3003
47.04399,8.510325,33013.23,3091.3806
47.045002,8.510372,33026.59,3092.5962
47.041367,8.511054,32994.805,3093.9307
47.040016,8.512026,32990.207,3094.1497
47.037918,8.51019,32956.16,3096.922
47.03571,8.511357,32940.72,3096.3228
47.032127,8.5110655,32909.05,3097.2004
47.03084,8.511063,32915.336,3099.231
47.027584,8.511165,32854.598,3099.3577
47.02585,8.508219,32897.28,3100.835
47.022495,8.5127945,32878.37,3101.2083
47.023407,8.514554,32783.38,3102.428
47.020912,8.512189,32878.49,3103.6736
47.01814,8.512443,32777.367,3104.4421
47.01732,8.510505,32779.582,3105.7952
47.01415,8.511839,32773.51,3106.6787
47.012817,8.513644,32742.178,3108.0388
47.01069,8.512247,32714.693,3108.7231
47.00935,8.513999,32697.045,3109.74
47.0068,8.512024,32697.832,3110.682
47.004913,8.512839,32682.95,3112.0303
47.001713,8.514142,32653.408,3113.2258
46.999737,8.514723,32639.693,3114.1162
46.99743,8.514715,32630.945,3114.9028
46.996323,8.515523,32629.705,3115.936
46.993084,8.513838,32590.04,3116.6665
46.991287,8.515615,32576.236,3117.3352
46.98866,8.516158,32542.158,3119.2222
46.987015,8.514888,32533.473,3119.2024
46.985485,8.515989,32516.8,3120.8584
46.984055,8.512945,32507.607,3121.7356
46.98195,8.517362,32465.768,3122.2393
46.98008,8.515329,32466.54,3123.913
46.976093,8.516859,32437.838,3124.3293
46.976204,8.516073,32447.47,3125.3706
46.97198,8.513055,32414.416,3126.6116
46.96937,8.517128,32406.164,3128.3586
46.96882,8.519684,32381.758,3129.8
46.96568,8.518505,32353.953,3129.2993
46.964554,8.51449,32332.223,3131.232
46.959442,8.516198,32271.559,3133.0457
46.960125,8.521417,32271.025,3131.9827
46.959015,8.518388,32247.693,3134.2969
46.954918,8.518572,32237.068,3135.6235
46.95388,8.518677,32229.492,3134.841
46.95573,8.51208,32179.676,3135.7717
46.949223,8.516602,32181.791,3137.803
46.947414,8.52454,32155.305,3138.5337
46.94872,8.519109,32193.373,3139.2205
46.94417,8.517057,32152.455,3141.307
46.939426,8.518128,32099.854,3141.6917
46.939537,8.523574,32111.033,3142.7988
46.93874,8.520112,32054.635,3144.1763
46.934742,8.516401,32044.768,3143.6902
46.932827,8.518568,32015.396,3147.0334
46.929874,8.521921,31960.395,3146.2642
46.93055,8.519351,31974.695,3147.6182
46.926838,8.517669,31959.92,3149.43
46.9234,8.519589,31947.426,3148.4663
46.923573,8.518227,31903.021,3151.1924
46.921005,8.520404,31863.244,3151.789
46.916977,8.520845,31873.16,3152.6843
46.916847,8.522066,31852.836,3153.0322
46.912273,8.520352,31836.705,3155.77
46.91102,8.519365,31804.873,3155.3784
46.909473,8.523034,31800.863,3157.8274
46.906944,8.523126,31791.111,3157.3804
46.90373,8.5224085,31761.738,3159.2205
46.90342,8.5235405,31725.219,3159.172
46.90136,8.521026,31693.936,3160.0186
46.899216,8.52136,31681.123,3162.9858
46.89769,8.521824,31678.012,3162.7622
46.895805,8.52365,31662.314,3163.1375
46.892708,8.5228195,31615.492,3165.7996
46.89051,8.522829,31577.236,3166.3464
46.889275,8.5205145,31546.666,3166.4058
46.886826,8.522106,31531.523,3168.8315
46.883907,8.525284,31490.033,3169.08
46.88166,8.522345,31502.496,3169.3752
46.879616,8.522061,31471.545,3172.3608
46.876945,8.523252,31467.09,3172.0056
46.877026,8.523359,31437.668,3172.8557
46.873127,8.525331,31382.896,3174.164
46.87144,8.523676,31398.412,3175.1084
46.87023,8.523624,31384.564,3175.7947
46.868202,8.522788,31362.645,3177.0586
46.864857,8.525133,31321.857,3178.112
46.863407,8.525275,31292.854,3179.277
46.860603,8.5234585,31271.457,3180.2927
46.85875,8.523768,31285.115,3180.8213
46.856262,8.52602,31228.797,3182.5168
46.854908,8.526089,31216.549,3182.7278
46.85259,8.52485,31206.771,3184.3994
46.8493,8.525111,31178.32,3185.204
46.849422,8.524494,31165.238,3186.5828
46.84714,8.524994,31123.602,3187.2026
46.844837,8.525081,31081.791,3189.2947
46.840862,8.529396,31064.32,3187.7434
46.84101,8.526337,31065.486,3190.2825
46.8369,8.527474,31003.188,3191.411
46.83343,8.525805,31034.059,3192.1553
46.834103,8.529264,30997.428,3195.4492
46.831455,8.5305395,30995.31,3193.1409
46.829136,8.527215,30976.596,3196.8452
46.82584,8.525923,30917.13,3196.3728
46.823563,8.528325,30875.21,3196.5789
46.823246,8.52682,30877.639,3198.9297
46.820637,8.528092,30872.291,3199.3687
46.817776,8.528892,30833.072,3200.0083
46.81626,8.523508,30831.488,3201.1328
46.813908,8.528946,30754.516,3203.3782
46.811123,8.530067,30747.408,3202.2227
46.810566,8.52941,30765.705,3204.6907
46.810036,8.5283785,30710.781,3206.16
46.805508,8.528358,30676.69,3206.3271
46.802795,8.528823,30642.492,3207.2249
46.80426,8.529093,30629.41,3208.8694
46.802483,8.521633,30609.71,3206.9434
46.79721,8.524842,30562.604,3211.5461
46.793953,8.529219,30560.695,3211.1895
46.793156,8.53164,30560.633,3212.4397
46.79432,8.532915,30443.123,3213.625
46.78928,8.530167,30511.06,3213.4258
46.78565,8.530582,30468.797,3216.8098
46.787354,8.530585,30438.58,3215.4536
46.782276,8.532334,30406.656,3217.8013
46.77949,8.533434,30419.547,3218.5713
46.779053,8.530693,30369.77,3219.516
46.77701,8.530535,30335.625,3220.1284
46.773575,8.533094,30336.654,3222.074
46.772404,8.533496,30316.18,3222.4963
46.77079,8.534027,30215.309,3223.2896
46.768284,8.53332,30245.916,3224.8171
46.766907,8.53149,30234.57,3225.3684
46.765076,8.529621,30213.271,3227.45
46.761395,8.533084,30179.66,3227.1306
46.76003,8.533614,30166.234,3229.0828
46.75886,8.532962,30121.414,3230.2356
46.75537,8.533143,30080.352,3230.3472
46.753216,8.533818,30011.385,3232.0852
46.753937,8.534419,30014.793,3232.2092
46.750507,8.533113,30002.195,3233.0208
46.74746,8.53343,29981.24,3234.3774
46.745834,8.534624,29962.56,3234.5354
46.744553,8.53455,29961.2,3236.1462
46.742683,8.534251,29941.863,3237.748
46.740128,8.536839,29818.266,3238.896
46.738487,8.533711,29871.006,3239.6504
46.735268,8.537276,29833.605,3240.5042
46.733482,8.534032,29787.998,3241.1191
46.7317,8.534946,29780.912,3242.8171
46.72898,8.534527,29768.457,3243.202
46.727287,8.536272,29730.586,3244.267
46.725082,8.53651,29734.64,3245.905
46.722694,8.537837,29674.904,3246.1938
46.721546,8.53673,29682.213,3247.1301
46.718445,8.533584,29625.598,3248.303
46.717037,8.536703,29592.395,3249.8608
46.715786,8.536529,29583.592,3250.0405
46.711666,8.538906,29496.107,3251.0808
46.70945,8.537597,29556.205,3252.6992
46.709774,8.535184,29515.229,3253.251
46.70707,8.535589,29480.9,3254.2922
46.704464,8.537791,29415.824,3255.4114
46.70441,8.536888,29397.26,3256.9265
46.70107,8.536381,29359.31,3257.0674
46.700134,8.537221,29318.719,3258.832
46.697906,8.538377,29318.93,3259.366
46.69495,8.539369,29266.785,3259.9575
46.694324,8.540055,29226.77,3261.2988
46.690678,8.536795,29224.016,3262.7605
46.688076,8.537937,29248.027,3263.461
46.686924,8.541136,29105.125,3263.9504
46.681618,8.542384,29195.396,3266.5847
46.6825,8.5449915,29148.082,3266.5664
46.680298,8.540036,29096.324,3268.144
46.678604,8.534818,29037.062,3267.6035
46.675053,8.541078,28980.498,3270.337
46.674335,8.541149,28999.795,3269.9937
46.67341,8.54072,28966.055,3271.29
46.66957,8.53778,28989.268,3271.7798
46.66779,8.542958,28861.71,3274.563
46.666225,8.5441265,28908.555,3274.4087
46.664898,8.542291,28846.096,3274.9038
46.662113,8.541693,28851.516,3276.0862
46.65935,8.541499,28785.102,3277.9512
46.65871,8.54374,28772.18,3278.3914
46.65445,8.5411625,28733.049,3279.7546
46.65482,8.5428,28701.994,3280.6123
46.652866,8.542078,28679.662,3281.5432
46.649498,8.541121,28657.982,3282.4873
46.648632,8.543133,28611.2,3283.455
46.645126,8.53948,28595.049,3284.4482
46.642612,8.542702,28531.701,3284.6206
46.642544,8.546519,28403.738,3286.1445
46.640095,8.543593,28514.135,3286.888
46.6382,8.543412,28398.803,3288.359
46.63583,8.543456,28435.467,3290.2825
46.63341,8.543205,28407.87,3290.2002
46.63154,8.5424795,28383.377,3291.5122
46.62932,8.545352,28235.826,3292.9756
46.626938,8.544779,28355.785,3292.8735
46.625843,8.543263,28284.92,3294.5793
46.62451,8.543031,28234.19,3294.8066
46.62106,8.544887,28229.379,3296.3418
46.61871,8.543385,28224.709,3297.3174
46.616844,8.548572,28081.297,3298.6824
46.615597,8.545517,28159.965,3299.5044
46.61314,8.545419,28053.83,3300.2415
46.61085,8.544593,28057.0,3300.41
46.60891,8.545071,28040.398,3302.0295
46.607,8.545843,28012.764,3303.6104
46.60484,8.544911,27970.58,3304.2998
46.603558,8.546822,27874.076,3305.017
46.60205,8.545947,27924.99,3306.1501
46.59888,8.545331,27900.752,3307.3767
46.59706,8.54618,27816.95,3307.651
46.594707,8.546287,27826.244,3309.3093
46.59239,8.54713,27796.812,3309.6184
46.59119,8.545672,27753.166,3311.2734
46.588936,8.547613,27727.816,3311.6873
46.586796,8.548267,27553.906,3312.9207
46.585026,8.547133,27654.43,3314.1245
46.5826,8.546464,27600.232,3315.1624
46.58158,8.548,27571.385,3316.4934
46.57895,8.547507,27542.535,3316.5293
46.57737,8.546391,27536.096,3318.002
46.574196,8.548929,27508.504,3319.0957
46.573086,8.548566,27505.736,3320.4136
46.571236,8.549496,27349.717,3321.1343
46.568382,8.546735,27400.186,3321.319
46.569035,8.54819,27350.71,3322.884
46.565052,8.549063,27327.299,3323.0774
46.56406,8.5482235,27308.629,3325.0806
46.560295,8.55024,27259.264,3325.4822
46.56069,8.547756,27252.674,3326.746
46.5562,8.54777,27200.81,3328.1833
46.554844,8.547563,27208.326,3329.0593
46.554382,8.546518,27175.342,3328.6362
46.55255,8.549802,26967.05,3331.5024
46.54984,8.5507145,27112.078,3331.4756
46.54638,8.549613,27029.568,3331.5205
46.54582,8.548816,27010.957,3333.34
46.54349,8.549084,27004.139,3334.912
46.54084,8.548925,26927.041,3334.7139
46.5376,8.551148,26943.514,3336.7976
46.53702,8.553138,26850.885,3338.5894
46.535236,8.552937,26825.406,3338.3298
46.533226,8.55072,26826.812,3340.697
46.53122,8.5519,26746.514,3339.4507
46.527798,8.550529,26743.574,3340.8396
46.526478,8.551436,26719.145,3341.6624
46.52346,8.550816,26667.736,3342.5012
46.523003,8.5518,26627.19,3344.2903
46.520496,8.55126,26642.598,3345.6123
46.519207,8.553822,26441.865,3346.4158
46.517624,8.550947,26565.025,3347.786
46.515053,8.55056,26504.793,3348.5808
46.512993,8.552778,26461.488,3349.4153
46.511307,8.551974,26419.377,3350.8936
46.509445,8.550993,26415.717,3351.6245
46.50742,8.552638,26345.24,3352.9915
46.504414,8.55659,26241.242,3353.7527
46.502842,8.553191,26316.77,3354.2551
46.502403,8.551269,26251.227,3355.5696
46.499775,8.551737,26202.727,3356.4934
46.496788,8.554575,26089.959,3357.3538
46.496662,8.552848,26137.232,3357.9956
46.493484,8.553641,26120.957,3359.9111
46.49056,8.553852,26082.12,3360.0913
46.490337,8.554296,26015.496,3360.2092
46.487114,8.55305,26006.365,3362.188
46.486008,8.553493,25959.902,3363.3413
46.48382,8.552724,25907.824,3364.4634
46.48185,8.552957,25874.012,3364.652
46.479748,8.553966,25859.156,3365.878
46.47758,8.554793,25739.455,3367.0798
46.476685,8.552119,25809.367,3368.3943
46.473797,8.556994,25637.504,3369.9998
46.471638,8.5536,25719.146,3369.5156
46.470215,8.553489,25690.969,3372.4846
46.467453,8.554313,25503.871,3372.5623
46.46715,8.553955,25603.928,3372.443
46.46525,8.555726,25533.818,3374.1292
46.462566,8.553805,25521.09,3375.1367
46.46002,8.552896,25479.65,3376.203
46.45864,8.555273,25428.94,3377.4612
46.4573,8.553208,25410.184,3378.0737
46.45517,8.553581,25370.393,3378.6494
46.45324,8.552834,25339.8,3379.9922
46.449482,8.554886,25226.443,3381.8032
46.448624,8.555917,25142.55,3382.6313
46.447445,8.553426,25237.482,3383.1262
46.446148,8.553507,25179.734,3384.0312
46.44505,8.55379,25131.113,3385.5557
46.440895,8.554549,25088.625,3386.262
46.438484,8.554213,25043.926,3387.4895
46.436516,8.554402,25014.71,3388.3706
46.43648,8.553476,24993.207,3389.1943
46.433784,8.554344,24940.697,3390.302
46.431873,8.555051,24891.271,3391.949
46.42981,8.555024,24876.363,3391.9607
46.42743,8.554276,24747.412,3393.8582
46.42547,8.55365,24785.672,3394.0862
46.422802,8.552554,24740.219,3394.6187
46.421597,8.554616,24625.273,3396.2236
46.42058,8.552191,24667.326,3397.6162
46.417175,8.553186,24601.281,3399.0103
46.41585,8.554384,24526.719,3398.9368
46.414684,8.555612,24490.8,3399.9094
46.412457,8.550765,24547.248,3399.8247
46.409748,8.551733,24475.408,3402.5352
46.407856,8.552809,24426.99,3401.9407
46.40684,8.553778,24427.756,3404.4893
46.404446,8.55361,24283.264,3405.4045
46.402836,8.551411,24333.482,3406.325
46.399643,8.552104,24266.354,3407.024
46.39864,8.552637,24225.209,3407.8608
46.396835,8.552334,24207.36,3409.8357
46.394356,8.55207,24140.29,3410.1448
46.393234,8.552883,24132.52,3412.2053
46.39047,8.551399,24099.94,3412.2783
46.38895,8.551961,24054.21,3412.935
46.38649,8.550493,24017.277,3413.7563
46.384075,8.549631,23947.516,3414.4885
46.384,8.552195,23913.422,3416.1287
46.381374,8.549698,23864.768,3416.9326
46.3802,8.550734,23828.338,3418.471
46.378696,8.551107,23788.541,3419.1052
46.375805,8.549587,23723.188,3420.662
46.37402,8.54891,23736.027,3421.1802
46.371277,8.549238,23684.049,3421.997
46.369366,8.550445,23630.709,3423.2578
46.36848,8.54954,23584.807,3424.2178
46.36583,8.5483,23533.58,3424.9436
46.36405,8.548408,23524.482,3426.4812
46.36117,8.548995,23465.338,3427.202
46.36108,8.551442,23423.4,3428.589
46.359253,8.548637,23396.332,3428.454
46.356766,8.546865,23348.08,3429.7327
46.355022,8.548602,23317.613,3431.6902
46.353058,8.5486,23297.117,3432.083
46.35129,8.547541,23243.025,3434.0896
46.3505,8.5476465,23214.098,3434.2239
46.346256,8.549747,23133.379,3435.0017
46.345264,8.547517,23121.385,3436.058
46.343662,8.545222,23105.521,3436.9556
46.342045,8.547795,23048.64,3438.4897
46.33851,8.546754,23011.934,3439.5486
46.337936,8.545646,22965.955,3439.918
46.336514,8.544883,22934.873,3440.8313
46.33492,8.546014,22923.574,3442.0967
46.3325,8.544478,22869.96,3443.0767
46.33063,8.545157,22828.973,3444.241
46.328457,8.5446415,22772.54,3444.8071
46.32677,8.545418,22746.418,3446.278
46.326015,8.544367,22711.61,3447.3428
46.32256,8.543532,22660.275,3447.6003
46.321175,8.544472,22652.758,3449.8542
46.319572,8.54434,22604.588,3449.947
46.316837,8.543712,22546.053,3450.9
46.316097,8.5424185,22525.64,3450.9304
46.313763,8.542353,22481.209,3453.1045
46.312702,8.542013,22447.744,3453.522
46.31014,8.54189,22397.41,3455.0579
46.308914,8.541914,22367.543,3455.8882
46.306667,8.542121,22338.291,3456.9714
46.30445,8.541394,22292.629,3458.4856
46.30287,8.5421715,22272.562,3458.701
46.300613,8.541217,22257.059,3459.7322
46.299473,8.542099,22185.867,3461.3115
46.296967,8.541254,22162.127,3461.6484
46.296455,8.541185,22131.33,3463.0437
46.29392,8.540924,22098.71,3463.7202
46.292015,8.540474,22044.828,3464.8774
46.289993,8.538268,22009.787,3465.8381
46.28854,8.539205,21988.035,3467.241
46.285805,8.539814,21936.613,3468.734
46.28378,8.538946,21923.71,3468.4138
46.282715,8.538928,21863.71,3469.5454
46.28124,8.536788,21836.398,3470.663
46.279095,8.538179,21810.73,3471.8076
46.277664,8.537919,21792.754,3472.3362
46.27532,8.538118,21739.607,3474.1348
46.273544,8.53707,21708.953,3474.8496
46.27173,8.537754,21713.168,3475.6433
46.269875,8.537013,21649.094,3477.3928
46.26809,8.535974,21579.863,3478.5532
46.2644,8.540355,21585.727,3478.3005
46.265137,8.535028,21494.26,3479.8892
46.263393,8.535774,21482.762,3480.2656
46.259544,8.533397,21496.91,3480.5984
46.258778,8.534989,21429.13,3483.3916
46.2581,8.5357685,21384.906,3483.0796
46.25542,8.536142,21363.037,3484.5396
46.252605,8.535458,21352.934,3484.9094
46.251858,8.533246,21296.57,3485.4563
46.249123,8.536454,21260.42,3487.534
46.248436,8.533266,21213.488,3488.6973
46.24658,8.533428,21179.824,3489.603
46.244064,8.533216,21165.773,3489.0178
46.242134,8.535057,21143.295,3491.8796
46.240917,8.532777,21123.445,3492.1777
46.23848,8.532454,21093.926,3493.299
46.23719,8.532553,21049.133,3493.807
46.2357,8.53257,21018.861,3494.9812
46.2326,8.533902,21018.639,3495.9617
46.23282,8.530218,20934.268,3497.0857
46.229397,8.530259,20936.238,3498.0984
46.22873,8.531402,20919.053,3499.4004
46.226524,8.530858,20899.973,3499.5986
46.22456,8.532893,20902.37,3501.3723
46.221283,8.531287,20823.512,3502.745
46.221622,8.530627,20808.53,3503.255
46.218296,8.531712,20768.396,3503.6167
46.216747,8.5318575,20804.082,3505.075
46.216217,8.530159,20714.238,3506.5505
46.213062,8.532244,20694.854,3506.0789
46.211815,8.532547,20683.969,3509.028
46.209652,8.532005,20634.383,3508.6357
46.208748,8.530515,20646.5,3509.9792
46.205933,8.529302,20589.445,3511.0222
46.20417,8.528537,20587.309,3511.732
46.20338,8.531902,20565.959,3513.266
46.200294,8.528612,20543.645,3512.7134
46.19881,8.528478,20547.438,3514.7932
46.196877,8.528016,20501.996,3514.9946
46.196182,8.528646,20470.076,3517.1912
46.19451,8.528216,20444.42,3517.5515
46.192585,8.527211,20396.467,3518.3013
46.19057,8.527453,20377.297,3519.6208
46.188656,8.529484,20361.121,3520.757
46.186913,8.527157,20343.252,3521.1948
46.185284,8.528464,20299.459,3522.2969
46.183475,8.530188,20286.865,3524.1348
46.18093,8.530137,20258.643,3523.8706
46.18062,8.529971,20266.883,3526.2502
46.177826,8.526612,20232.754,3526.5999
46.175915,8.527957,20215.912,3527.028
46.173534,8.530858,20173.277,3529.3406
46.172703,8.52885,20160.902,3528.6064
46.17099,8.527599,20151.791,3530.9683
46.16871,8.527427,20125.967,3531.0833
46.167118,8.529454,20120.314,3531.773
46.16635,8.528546,20110.74,3533.1692
46.164253,8.527844,20082.537,3534.008
46.162445,8.527433,20034.955,3535.0703
46.16003,8.530639,20021.82,3536.834
46.158695,8.528378,20024.416,3536.206
46.157322,8.528571,20012.45,3537.9634
46.155117,8.527798,19983.73,3538.6965
46.154423,8.528917,19958.576,3539.8936
46.150864,8.528607,19939.688,3540.936
46.150707,8.529246,19931.191,3540.9019
46.14902,8.528994,19915.47,3542.3633
46.14616,8.529242,19888.701,3544.109
46.144794,8.529355,19865.008,3544.8213
46.14362,8.530053,19859.133,3545.0562
46.141422,8.529549,19854.045,3546.6848
46.139175,8.530301,19833.77,3547.1545
46.138508,8.529519,19825.041,3547.9382
46.136604,8.529499,19808.635,3548.8892
46.133827,8.529687,19794.383,3550.9734
46.132282,8.530969,19763.611,3551.977
46.13186,8.530612,19742.238,3551.893
46.128796,8.531601,19721.543,3554.1777
46.12804,8.531063,19721.447,3553.617
46.125893,8.533183,19717.4,3554.1948
46.12482,8.531058,19715.152,3555.4106
46.121906,8.532355,19689.217,3557.9177
46.11988,8.5317,19683.809,3556.7947
46.118828,8.532732,19639.385,3559.1768
46.117184,8.532548,19600.969,3559.5725
46.114902,8.532965,19586.037,3559.8196
46.11389,8.533599,19567.91,3561.341
46.112,8.532176,19565.033,3563.1492
46.109715,8.535454,19525.709,3563.6313
46.108162,8.533759,19506.879,3564.3142
46.107475,8.535118,19506.9,3565.3284
46.10514,8.536247,19501.17,3566.5667
46.103634,8.537538,19453.723,3566.8887
46.101543,8.535706,19448.693,3567.6687
46.099983,8.53667,19433.904,3569.391
46.098064,8.536939,19408.908,3569.3132
46.096935,8.536888,19379.352,3570.9993
46.0952,8.5373745,19368.123,3572.3625
46.094093,8.53769,19360.965,3572.686
46.091694,8.538519,19346.96,3574.076
46.090515,8.538927,19312.186,3574.8987
46.08783,8.541077,19255.178,3576.3733
46.08666,8.539548,19275.217,3576.643
46.084682,8.5397,19262.125,3578.198
46.08259,8.543341,19182.592,3579.1055
46.08146,8.54209,19241.121,3579.558
46.079567,8.542202,19223.398,3580.5962
46.07778,8.542495,19203.197,3581.0857
46.07669,8.547675,19063.71,3583.2126
46.07513,8.542598,19174.88,3583.5024
46.07288,8.544251,19162.604,3584.0396
46.071693,8.546009,19135.996,3584.4905
46.069756,8.546433,19106.627,3586.9087
46.068665,8.54672,19111.031,3587.3809
46.06589,8.545886,19077.066,3588.47
46.064003,8.549466,19061.006,3590.0088
46.062733,8.550113,19037.057,3590.4167
46.060875,8.5497875,19024.79,3591.6775
46.059307,8.548681,19044.488,3592.2036
46.05755,8.550792,19007.357,3593.8767
46.05601,8.551587,19000.742,3594.8618
46.05398,8.550468,18958.951,3594.728
46.053112,8.552632,18906.422,3595.8318
46.050774,8.552862,18889.291,3597.3528
46.049088,8.553371,18879.252,3598.0881
46.04797,8.55657,18792.887,3600.347
46.046314,8.5551605,18857.2,3599.5542
46.045113,8.554822,18827.324,3601.5625
46.04331,8.555731,18845.902,3601.8945
46.040775,8.557875,18771.67,3602.6548
46.04064,8.561001,18690.033,3604.734
46.03812,8.558336,18774.418,3604.7407
46.03674,8.55838,18745.672,3606.0964
46.0351,8.560784,18725.24,3606.462
46.03333,8.561204,18698.55,3608.066
46.031395,8.563214,18676.447,3609.1643
46.029408,8.564429,18590.607,3609.868
46.02809,8.563006,18669.334,3610.6907
46.026543,8.564293,18632.92,3611.805
46.024513,8.565775,18595.697,3613.1184
46.02317,8.565884,18578.58,3613.79
46.021988,8.567132,18570.645,3614.8457
46.02049,8.56765,18536.516,3615.6624
46.01904,8.56781,18562.096,3615.7974
46.0177,8.573409,18273.613,3618.6099
46.016075,8.569324,18536.4,3618.9507
46.01293,8.570354,18451.785,3619.5586
46.012497,8.572538,18434.273,3620.7043
46.011284,8.57262,18428.84,3621.2935
46.009033,8.577378,18157.062,3622.926
46.008217,8.574133,18416.254,3622.9487
46.00616,8.574864,18332.094,3624.9004
46.003986,8.576426,18323.664,3625.6245
46.002914,8.579821,18179.402,3627.0198
46.00147,8.578184,18280.695,3627.1167
46.00074,8.579267,18232.074,3627.9463
45.998184,8.579742,18200.967,3629.489
45.996883,8.581015,18174.89,3630.6545
45.99512,8.581025,18160.436,3631.1548
45.993534,8.583032,18085.438,3632.9712
45.992424,8.583664,18105.926,3633.2632
45.990677,8.584457,18072.252,3634.319
45.98949,8.585184,18069.871,3635.063
45.988045,8.585409,18049.027,3635.991
45.986137,8.587511,18002.326,3637.4497
45.984932,8.587986,17989.596,3638.7832
45.983376,8.590578,17949.945,3639.5935
45.98144,8.590921,17934.422,3640.225
45.980453,8.591222,17889.543,3641.4558
45.978775,8.593801,17858.898,3643.4773
45.977192,8.593539,17876.371,3643.9321
45.975574,8.595355,17819.36,3644.5027
45.974636,8.595942,17795.756,3645.4473
45.973534,8.597217,17805.371,3646.8445
45.971077,8.598273,17625.455,3647.5503
45.97019,8.598273,17737.96,3648.3289
45.96876,8.600399,17684.293,3650.06
45.96643,8.601033,17619.453,3650.4746
45.96552,8.601736,17655.455,3651.6978
45.964317,8.603585,17571.537,3652.938
45.962345,8.603257,17604.516,3653.6404
45.960762,8.605316,17522.9,3655.1309
45.95926,8.606176,17573.623,3655.4785
45.958164,8.609761,17354.932,3657.3506
45.957134,8.608442,17493.586,3658.391
45.95517,8.608855,17439.453,3658.6257
45.953674,8.610526,17355.678,3660.0623
45.952213,8.611933,17332.45,3660.257
45.950874,8.61336,17311.752,3661.6091
45.949768,8.613679,17296.645,3662.943
45.94815,8.614854,17248.07,3664.2842
45.94644,8.615803,17226.79,3665.103
45.944897,8.617923,17195.541,3666.163
45.94377,8.6179905,17197.38,3666.5217
45.94217,8.620755,17039.865,3668.0671
45.94061,8.621348,17014.988,3668.956
45.939392,8.620006,17137.65,3669.5442
45.938316,8.62336,16994.312,3670.7383
45.93706,8.623284,17016.012,3671.8384
45.936104,8.624146,16970.45,3673.257
45.934082,8.626433,16916.84,3674.7312
45.932354,8.626703,16912.352,3674.8667
45.931263,8.630858,16781.668,3676.4905
45.93015,8.629441,16841.092,3677.0752
45.92885,8.629729,16802.965,3678.1113
45.926804,8.631568,16814.467,3679.3477
45.92548,8.634142,16647.877,3680.6572
45.92459,8.633337,16715.191,3681.4758
45.922676,8.635053,16695.656,3681.8127
45.921814,8.635881,16621.303,3683.0547
45.919754,8.637505,16597.898,3684.2073
45.91961,8.63744,16618.773,3684.6157
45.91743,8.640169,16536.146,3686.5332
45.91596,8.642043,16408.47,3686.9438
45.914326,8.641036,16524.04,3688.3535
45.913334,8.643061,16441.98,3689.6213
45.91206,8.643602,16411.664,3690.3062
45.91069,8.645561,16374.003,3691.3733
45.909935,8.645657,16373.967,3691.5332
45.907722,8.648746,16258.934,3693.8071
45.90704,8.6476145,16314.938,3694.1562
45.90472,8.650364,16204.571,3695.47
45.90375,8.650867,16193.415,3696.3506
45.902122,8.6526375,16165.105,3697.5884
45.901276,8.652539,16165.565,3698.8518
45.899258,8.655876,16102.685,3699.431
45.899017,8.654348,16127.313,3699.857
45.896847,8.658164,15966.775,3701.7627
45.894825,8.659669,15938.303,3702.4038
45.894566,8.659388,16007.058,3704.1472
45.89333,8.66037,15943.093,3704.7363
45.892403,8.662291,15918.789,3705.575
45.890404,8.664289,15872.441,3706.78
45.888824,8.663459,15853.513,3707.821
45.887623,8.665522,15815.519,3709.1716
45.886093,8.665932,15804.701,3709.4036
45.884434,8.667025,15782.492,3711.0193
45.8826,8.669531,15719.033,3711.8474
45.881935,8.670325,15656.506,3712.3647
45.88088,8.671811,15642.437,3713.3796
45.879524,8.672714,15641.975,3715.295
45.877487,8.673826,15579.072,3715.0813
45.87715,8.674905,15584.2,3716.423
45.874783,8.677455,15500.866,3717.9158
45.874237,8.67518,15531.221,3717.2134
45.87215,8.679388,15456.09,3721.2688
45.87137,8.679478,15438.052,3720.488
45.87007,8.680153,15424.007,3721.8276
45.869152,8.681696,15397.431,3722.8877
45.867493,8.682292,15372.123,3723.9038
45.86577,8.684457,15323.378,3724.2505
45.86526,8.683434,15314.265,3725.9429
45.86268,8.687188,15250.694,3726.5828
45.862156,8.68746,15240.178,3726.3352
45.860466,8.689154,15199.035,3728.9421
45.85907,8.690194,15149.885,3728.973
45.857826,8.691648,15137.975,3730.0142
45.856773,8.6918335,15130.365,3730.9614
45.854877,8.693853,15080.898,3733.4773
45.853703,8.694676,15071.96,3733.3264
45.852707,8.696147,15020.097,3734.4844
45.851616,8.697366,14986.886,3734.584
45.848976,8.698861,14943.654,3737.4937
45.84845,8.699253,14917.635,3737.48
45.847317,8.699394,14901.938,3738.7578
45.84559,8.702425,14866.607,3739.8938
45.84482,8.702902,14841.53,3739.7693
45.843548,8.704143,14815.085,3741.4238
45.841915,8.7049,14747.071,3742.334
45.84007,8.706185,14713.88,3743.5847
45.838726,8.7096,14640.345,3744.4976
45.838398,8.708239,14666.814,3745.2446
45.836452,8.71004,14629.528,3746.7007
45.835487,8.711258,14591.34,3747.3896
45.83407,8.712154,14557.041,3748.7007
45.832966,8.712781,14520.088,3749.7026
45.83237,8.713049,14536.428,3750.438
45.82989,8.715944,14471.668,3751.699
45.828815,8.716653,14461.001,3752.7236
45.827328,8.718738,14437.227,3753.1938
45.82628,8.719624,14400.927,3755.0098
45.82644,8.718582,14389.715,3755.156
45.823826,8.720877,14339.346,3756.955
45.821888,8.723885,14294.399,3757.445
45.820988,8.724061,14259.175,3758.9822
45.820236,8.724879,14222.981,3759.8552
45.818756,8.726302,14212.495,3759.9421
45.817352,8.728098,14188.766,3761.7666
45.816166,8.727838,14160.141,3761.963
45.814167,8.729843,14108.948,3763.4673
45.813637,8.731057,14075.104,3764.5542
45.811455,8.732485,14046.257,3766.1477
45.81077,8.734035,14007.293,3766.5989
45.809265,8.734247,13988.704,3767.841
45.80822,8.735548,13974.648,3768.132
45.807266,8.736801,13943.57,3769.4006
45.805355,8.737855,13915.922,3770.5303
45.803684,8.740273,13881.703,3771.1135
45.803444,8.738878,13874.051,3772.6272
45.80234,8.74077,13839.662,3773.154
45.800964,8.742455,13825.173,3774.7886
45.798637,8.744294,13789.986,3775.5479
45.7987,8.744043,13756.314,3776.1863
45.796585,8.746029,13729.199,3777.4468
45.795677,8.746292,13689.619,3779.1914
45.794018,8.748506,13672.451,3779.2568
45.79256,8.749394,13617.247,3780.333
45.79207,8.751849,13599.669,3781.549
45.790222,8.751291,13555.22,3781.2817
45.789505,8.751772,13525.985,3783.5627
45.788216,8.752739,13518.037,3783.3948
45.785664,8.755513,13457.264,3785.9954
45.785538,8.755775,13467.635,3786.56
45.783733,8.756893,13439.401,3787.6326
45.782616,8.757962,13418.397,3788.3652
45.780544,8.759588,13375.457,3789.676
45.779602,8.760939,13338.711,3791.0352
45.77825,8.762031,13311.366,3791.5815
45.7768,8.762929,13287.083,3792.7783
45.775562,8.764045,13266.814,3793.8015
45.77436,8.765032,13231.548,3794.7273
45.773376,8.765679,13200.427,3795.713
45.77294,8.765548,13179.776,3795.9187
45.769802,8.769395,13135.8545,3798.0789
45.768528,8.768669,13106.135,3799.11
45.768284,8.770118,13063.445,3799.7708
45.76707,8.771077,13058.29,3800.6885
45.765835,8.772774,13055.45,3801.413
45.763943,8.773622,13037.004,3803.0615
45.763016,8.7745285,13000.842,3803.7947
45.761353,8.775364,12977.286,3804.7324
45.760372,8.776768,12943.216,3806.2646
45.7592,8.777365,12920.303,3806.434
45.75786,8.778545,12883.559,3808.4556
45.756435,8.780635,12851.448,3809.0977
45.755527,8.780527,12806.545,3810.4712
45.754116,8.781944,12773.135,3810.5989
45.75238,8.782854,12738.726,3812.155
45.751244,8.782712,12728.614,3812.708
45.749977,8.784183,12697.951,3813.281
45.748245,8.787466,12676.94,3814.8809
45.748497,8.784943,12663.417,3815.6929
45.74636,8.787631,12644.153,3816.9448
45.74482,8.788539,12617.478,3818.0505
45.743637,8.789806,12600.102,3818.4387
45.74262,8.79071,12557.317,3819.445
45.7402,8.792791,12527.3545,3821.7544
45.73987,8.792652,12487.284,3821.3767
45.738003,8.793416,12447.25,3822.4219
45.73698,8.794535,12425.912,3823.8713
45.73631,8.7947235,12403.9375,3825.6023
45.734104,8.797053,12371.325,3825.8984
45.732777,8.797463,12367.977,3826.7476
45.73209,8.798073,12328.569,3828.0713
45.729847,8.799225,12301.464,3829.0261
45.729576,8.7997265,12281.333,3829.5784
45.727596,8.801553,12265.1875,3830.3604
45.727627,8.799492,12248.858,3831.515
45.725613,8.803091,12239.753,3832.8557
45.72315,8.803386,12219.631,3833.6897
45.722427,8.805188,12185.017,3834.528
45.720425,8.80687,12149.605,3835.2612
45.719936,8.806897,12131.596,3837.3018
45.7179,8.80721,12091.454,3836.9482
45.71669,8.808648,12079.636,3838.9565
45.715565,8.809914,12061.0625,3839.6953
45.71388,8.810471,12007.681,3840.352
45.712727,8.811002,12001.86,3841.8184
45.711174,8.812314,11981.076,3842.999
45.710423,8.813427,11981.299,3844.517
45.709522,8.814664,11932.458,3844.459
45.70837,8.815574,11910.171,3845.75
45.707455,8.815252,11863.738,3845.3806
45.705326,8.815168,11832.9795,3846.1902
45.703636,8.817036,11809.003,3849.5305
45.70223,8.8196535,11769.698,3849.006
45.701546,8.8189335,11760.664,3850.465
45.69993,8.819845,11747.742,3851.025
45.699,8.820739,11725.501,3852.8367
45.6979,8.821256,11698.225,3853.0342
45.695644,8.823033,11681.957,3854.5696
45.69474,8.823205,11646.999,3854.781
45.693275,8.825288,11592.66,3856.5085
45.69222,8.825134,11569.601,3857.4797
45.691643,8.824995,11560.355,3857.5513
45.68999,8.826146,11529.213,3858.9304
45.688248,8.827522,11493.05,3860.5466
45.686966,8.8284855,11484.736,3861.442
45.685886,8.828763,11491.429,3861.9995
45.68443,8.831256,11445.376,3863.2688
45.683315,8.83051,11414.314,3864.1587
45.68193,8.831888,11399.57,3865.7344
45.680626,8.832739,11369.57,3866.251
45.679333,8.832866,11341.9,3867.2314
45.677677,8.834081,11310.858,3868.0513
45.67703,8.83543,11292.202,3869.3076
45.67604,8.83483,11284.349,3869.4395
45.674118,8.835744,11264.451,3870.9912
45.672348,8.836653,11244.476,3871.9863
45.67154,8.837438,11212.29,3873.068
45.670353,8.837941,11174.679,3873.8972
45.668865,8.839255,11154.228,3874.9048
45.668144,8.839513,11129.078,3875.6624
45.666092,8.84022,11123.451,3877.0276
45.665543,8.84051,11108.443,3878.152
45.663967,8.84194,11089.579,3878.8958
45.6628,8.842019,11050.73,3879.491
45.660873,8.842912,11001.474,3880.937
45.65942,8.844282,10968.58,3881.7444
45.658535,8.844203,10967.322,3882.785
45.657528,8.845013,10938.667,3883.2163
45.655872,8.846005,10928.151,3884.7002
45.654526,8.847264,10902.047,3885.6086
45.65287,8.847436,10875.554,3886.8945
45.652004,8.848031,10843.298,3887.2805
45.650494,8.84888,10827.875,3888.4058
45.649315,8.849391,10798.294,3889.714
45.64788,8.85045,10787.543,3890.3972
45.646767,8.851138,10777.492,3891.6052
45.646282,8.849872,10748.835,3891.7732
45.644188,8.852095,10703.593,3893.8213
45.642906,8.853179,10695.823,3895.04
45.64124,8.853603,10681.687,3895.95
45.64075,8.85278,10660.696,3896.0896
45.639175,8.854503,10639.047,3897.9521
45.637398,8.855843,10591.609,3897.629
45.63616,8.856514,10569.513,3899.6504
45.63499,8.856423,10537.549,3900.411
45.63349,8.857448,10530.4795,3902.0005
45.633244,8.8569,10528.781,3902.654
45.63158,8.858329,10488.299,3903.0664
45.630074,8.858733,10459.244,3904.8718
45.628826,8.859388,10435.799,3904.2073
45.627464,8.860557,10399.279,3907.4302
45.626156,8.86072,10390.474,3907.4724
45.624645,8.861328,10350.04,3907.8638
45.623413,8.862022,10317.004,3908.9607
45.622555,8.862444,10295.345,3908.9155
45.620754,8.863692,10265.83,3911.8718
45.61983,8.863672,10258.293,3911.3
45.61817,8.864139,10211.182,3913.3008
45.61789,8.864759,10218.394,3913.671
45.615906,8.865282,10193.496,3914.7344
45.614468,8.865811,10159.899,3916.198
45.61336,8.866669,10129.7,3917.4883
45.61206,8.866844,10118.3545,3917.162
45.61112,8.867929,10076.816,3918.7532
45.609608,8.868734,10061.633,3919.9956
45.608658,8.868786,10053.97,3920.6572
45.607742,8.868444,10029.802,3920.5464
45.60562,8.869982,10000.023,3922.9973
45.60472,8.870592,9984.5205,3924.317
45.603287,8.870287,9974.747,3924.4421
45.602028,8.871638,9934.81,3925.3555
45.600388,8.872212,9910.967,3926.6492
45.599426,8.872729,9884.805,3927.6172
45.598297,8.872306,9875.808,3927.603
45.596855,8.873512,9846.602,3929.248
45.595325,8.874703,9828.253,3929.9912
45.59455,8.874557,9785.677,3931.149
45.593456,8.875039,9761.794,3931.6895
45.59185,8.876052,9740.12,3932.8877
45.5908,8.875548,9717.419,3933.7488
45.589237,8.876593,9697.323,3935.0112
45.587807,8.876914,9666.4795,3935.5452
45.586742,8.877675,9640.216,3936.9749
45.585743,8.877912,9602.224,3937.3352
45.58434,8.87865,9569.365,3939.6624
45.583168,8.8789425,9574.686,3939.3489
45.58161,8.879289,9547.86,3940.6504
45.58134,8.878741,9514.732,3940.644
45.57931,8.880932,9493.475,3942.7544
45.57847,8.880225,9471.807,3942.8008
45.576946,8.881921,9486.739,3945.712
45.577034,8.879555,9431.498,3943.765
45.574127,8.882319,9413.185,3946.9233
45.573086,8.881997,9363.339,3946.5408
45.571606,8.882769,9328.142,3948.043
45.570576,8.883323,9326.201,3948.7883
45.5693,8.883917,9296.763,3949.5256
45.568134,8.884365,9282.338,3950.6265
45.56671,8.884608,9257.718,3952.0618
45.56534,8.885195,9223.69,3952.9512
45.56381,8.885432,9197.019,3953.2717
45.56286,8.88613,9186.406,3954.6765
45.561825,8.886871,9181.26,3956.2874
45.560913,8.886074,9158.781,3956.063
45.55905,8.886824,9142.681,3957.707
45.557877,8.887158,9084.667,3958.4146
45.556305,8.888157,9066.018,3959.6147
45.555805,8.887801,9009.688,3959.7915
45.55397,8.888507,9010.442,3961.3633
45.55296,8.888996,8953.113,3961.9097
45.551582,8.889262,8913.648,3963.4011
45.550476,8.888588,8892.319,3963.939
45.54908,8.889953,8878.198,3964.147
45.547672,8.890933,8846.85,3966.2114
45.54653,8.892287,8869.021,3967.6628
45.5457,8.891009,8798.855,3967.5293
45.54425,8.89111,8778.991,3967.9773
45.54345,8.891925,8763.084,3970.0217
45.54167,8.892214,8768.505,3970.9795
45.540768,8.892745,8727.985,3972.2249
45.539246,8.893098,8690.68,3972.3433
45.53867,8.892598,8648.308,3973.8557
45.537144,8.893137,8645.278,3974.5972
45.536148,8.892861,8603.905,3975.509
45.53485,8.894355,8573.352,3977.107
45.533493,8.894303,8548.631,3978.2896
45.531925,8.894364,8503.719,3977.9243
45.530804,8.895346,8486.286,3979.7913
45.529495,8.895601,8458.589,3980.31
45.528538,8.895753,8446.395,3981.445
45.52732,8.896283,8413.308,3981.5015
45.525867,8.896898,8419.713,3982.813
45.524982,8.896718,8379.06,3983.8481
45.522602,8.8974695,8353.707,3984.7476
45.52199,8.89761,8316.451,3986.4077
45.52093,8.898704,8246.931,3987.3066
45.51918,8.899589,8293.708,3988.943
45.518547,8.898306,8254.958,3988.9885
45.518093,8.89756,8178.6216,3988.6047
45.516094,8.899661,8220.914,3990.8257
45.514587,8.899764,8141.647,3991.7246
45.513504,8.900226,8135.401,3992.8252
45.512417,8.900297,8075.2188,3993.4917
45.511196,8.900988,8069.0415,3995.0234
45.510033,8.900685,8015.1865,3995.5732
45.50835,8.901689,8041.421,3997.297
45.507027,8.902371,8050.604,3998.174
45.507336,8.901005,7937.1753,3996.6245
45.504795,8.902495,8004.9307,3999.537
45.50372,8.902716,7977.698,4000.464
45.502407,8.903258,7977.312,4001.744
45.503075,8.901078,7832.0396,3999.1326
45.500088,8.9044285,7931.495,4003.362
45.49917,8.904275,7858.0547,4004.3525
45.49812,8.905021,7813.1094,4005.4985
45.49643,8.904586,7769.492,4006.2495
45.494938,8.905291,7754.0786,4007.7854
45.494114,8.90537,7715.8555,4008.2651
45.49286,8.906279,7717.146,4009.7715
45.491745,8.905485,7676.496,4010.1094
45.49044,8.906875,7654.0225,4011.2803
45.489212,8.906556,7631.051,4012.1565
45.48809,8.90725,7639.24,4013.949
45.48689,8.907024,7530.852,4013.8875
45.485664,8.90797,7562.333,4015.2673
45.48482,8.9071455,7507.45,4016.3733
45.483295,8.90826,7536.719,4017.418
45.482197,8.90799,7471.8237,4017.635
45.480732,8.908716,7455.757,4019.2527
45.479332,8.909167,7436.7544,4019.866
45.478436,8.909771,7398.6455,4020.9001
45.477135,8.909872,7401.82,4023.3733
45.476402,8.90953,7307.424,4022.6345
45.474876,8.910156,7316.182,4024.0708
45.474056,8.910501,7270.8765,4025.7732
45.47243,8.910531,7260.709,4026.3848
45.47123,8.911146,7246.479,4027.4058
45.47008,8.9116955,7234.62,4028.9062
45.469173,8.911271,7169.2295,4028.8833
45.467823,8.912056,7194.7495,4030.7402
45.466618,8.911961,7126.324,4031.0095
45.46521,8.913473,7209.9956,4033.2524
45.46428,8.912486,7093.8765,4033.283
45.463013,8.913421,7094.861,4033.6711
45.461704,8.913752,7101.2534,4034.8557
45.46096,8.913224,7057.393,4035.9695
45.45947,8.914176,7014.3174,4037.238
45.458515,8.914035,7003.8467,4038.189
45.457233,8.91415,6958.866,4039.727
45.456226,8.914579,6958.142,4040.2087
45.45509,8.914516,6923.3096,4041.7363
45.453518,8.915265,6919.473,4042.2957
45.452927,8.914871,6885.4067,4043.8682
45.45142,8.915813,6861.3633,4044.0747
45.450924,8.915904,6797.833,4045.6074
45.448826,8.916762,6839.8647,4045.5144
45.448296,8.916281,6855.6924,4047.967
45.446983,8.917159,6900.5215,4049.5537
45.44661,8.914814,6639.913,4047.277
45.444683,8.918192,6871.232,4051.0605
45.443363,8.917824,6765.0137,4051.602
45.442524,8.917102,6671.32,4052.552
45.44092,8.917911,6706.3057,4052.9265
45.440125,8.917816,6638.903,4054.24
45.4392,8.918114,6584.0605,4055.1897
45.43768,8.918691,6593.327,4056.7332
45.436882,8.918651,6524.1904,4056.811
45.435516,8.918922,6534.691,4059.365
45.434666,8.919179,6538.525,4059.7485
45.43332,8.919725,6498.28,4060.0574
45.432114,8.919752,6493.631,4061.8906
45.431087,8.919616,6455.9165,4062.6191
45.430138,8.920177,6425.7744,4063.7415
45.42904,8.920678,6398.482,4064.831
45.42831,8.920717,6373.764,4065.8284
45.42685,8.920278,6363.0913,4066.674
45.42578,8.920627,6418.231,4068.343
45.424843,8.920673,6354.689,4068.6025
45.424274,8.920685,6261.369,4069.7944
45.42312,8.921531,6337.078,4070.6877
45.42151,8.921414,6266.911,4072.1995
45.420498,8.9217,6234.048,4073.2783
45.419735,8.921464,6169.922,4073.1873
45.418488,8.92216,6205.622,4074.276
45.416977,8.922087,6226.7114,4076.042
45.416573,8.921646,6118.858,4077.1616
45.415085,8.922097,6188.5854,4078.6514
45.414253,8.922343,6163.2153,4078.7957
45.41309,8.923035,6115.535,4080.2278
45.41173,8.922859,6068.265,4080.3562
45.41095,8.923553,6069.3457,4081.0435
45.40951,8.923669,6079.018,4082.813
45.408463,8.923887,6011.616,4082.5708
45.40763,8.923909,6009.9487,4084.086
45.40645,8.924051,5991.3955,4086.013
45.405373,8.924951,5957.0664,4086.3123
45.404346,8.92464,5963.911,4087.7546
45.403343,8.924402,5900.799,4088.744
45.402508,8.924896,5900.569,4090.634
45.401306,8.925125,5922.7886,4091.178
45.399742,8.925584,5914.892,4093.8066
45.39882,8.925997,5883.554,4093.522
45.39818,8.9264765,5939.759,4094.6924
45.39725,8.925652,5791.707,4096.4526
45.396034,8.925706,5810.227,4096.4966
45.394825,8.92692,5846.7188,4099.2695
45.394142,8.926921,5866.1323,4099.9204
45.39318,8.92678,5720.614,4099.979
45.39234,8.926928,5804.581,4099.431
45.39104,8.926506,5788.5815,4102.8003
45.390553,8.926381,5682.5234,4101.6567
45.389,8.92666,5770.1885,4104.104
45.388096,8.927154,5680.393,4105.921
45.387276,8.927249,5688.7383,4106.083
45.38627,8.927423,5650.379,4107.149
45.385227,8.927312,5683.6978,4107.779
45.384285,8.927162,5640.1177,4109.54
45.3835,8.927008,5601.178,4108.7793
45.382576,8.927714,5643.113,4112.3755
45.381355,8.927681,5530.7812,4110.728
45.380806,8.927204,5606.406,4113.6943
45.37979,8.927571,5583.051,4116.0146
45.378193,8.927268,5572.2363,4115.288
45.37783,8.92797,5558.878,4116.1855
45.37689,8.927493,5494.229,4116.879
45.37584,8.928108,5505.971,4119.3784
45.374836,8.92776,5505.5938,4119.2036
45.373928,8.927198,5475.871,4121.039
45.37302,8.927883,5538.842,4123.1045
45.372456,8.927164,5363.0957,4122.037
45.37144,8.92743,5400.345,4123.5
45.370148,8.927353,5359.57,4124.4927
45.369396,8.927199,5384.5005,4126.419
45.36854,8.926768,5380.0825,4126.4272
45.36759,8.92665,5355.5957,4127.6387
45.36714,8.926219,5322.616,4128.711
45.36563,8.926524,5310.5044,4129.905
45.36538,8.926298,5266.7085,4130.319
45.364723,8.926192,5278.0137,4132.09
45.36367,8.925589,5266.4736,4132.556
45.362617,8.925783,5260.6914,4133.803
45.36219,8.925219,5271.6655,4135.3086
45.361145,8.924847,5228.7437,4135.2056
45.36042,8.924927,5242.7373,4136.97
45.359417,8.924174,5190.265,4137.746
45.358433,8.923969,5192.7905,4138.889
45.35774,8.923602,5203.74,4140.416
45.357162,8.923184,5189.314,4140.8926
45.356213,8.922961,5178.214,4141.3896
45.355724,8.922695,5169.994,4142.6567
45.354977,8.922082,5163.9414,4144.069
45.354134,8.921448,5159.638,4145.5386
45.353477,8.921248,5119.4062,4145.7563
45.35286,8.920714,5086.349,4146.3125
45.352123,8.920148,5081.758,4147.769
45.351643,8.919769,5076.509,4148.639
45.350918,8.91943,5100.7314,4149.5317
45.35024,8.918396,5100.836,4150.8154
45.34952,8.917923,5089.6514,4152.4316
45.348904,8.917443,5053.1064,4152.5103
45.348557,8.91637,5043.1665,4153.815
45.347755,8.916547,5041.204,4153.6704
45.347137,8.915887,5001.47,4155.8364
45.346684,8.915037,5020.2217,4157.911
45.345806,8.914283,4988.61,4157.679
45.34507,8.913783,4982.536,4158.5234
45.344437,8.913335,5001.4683,4160.1807
45.344353,8.912145,4952.4033,4159.9146
45.343292,8.911959,4970.5317,4161.9653
45.34333,8.910454,4988.946,4162.6587
45.34246,8.909799,4989.144,4163.5796
45.34213,8.909064,5004.7373,4165.983
45.341698,8.908847,4915.412,4164.3237
45.34107,8.907541,4902.5283,4165.3057
45.34101,8.906385,4973.928,4167.156
45.34036,8.905478,4903.8325,4168.3857
45.340233,8.9044285,4901.7783,4169.3765
45.33995,8.903722,4893.7964,4171.2256
45.33977,8.902938,4851.8145,4171.2583
45.33915,8.901486,4885.1133,4172.2925
45.33874,8.900364,4859.117,4173.722
45.338696,8.899678,4874.897,4173.9526
45.33819,8.898838,4844.7197,4175.1953
45.338116,8.898038,4872.6123,4175.7505
45.337784,8.896576,4845.3438,4176.0957
45.337437,8.895625,4852.373,4178.202
45.337234,8.894952,4869.7417,4178.492
45.33703,8.893716,4817.5815,4179.228
45.33701,8.892724,4791.714,4180.525
45.336838,8.891566,4762.357,4182.263
45.33661,8.890463,4770.799,4183.5273
45.33656,8.889385,4782.6997,4182.8154
45.336308,8.888337,4775.9307,4184.0293
45.33636,8.887255,4752.056,4184.8467
45.33631,8.886039,4729.672,4185.6797
45.33612,8.884704,4723.5815,4186.8765
45.33611,8.883835,4693.608,4187.716
45.336132,8.882807,4667.215,4188.797
45.336143,8.881705,4657.775,4188.5366
45.33605,8.880386,4625.6714,4190.728
45.335945,8.879138,4625.8315,4191.2114
45.3356,8.878266,4619.629,4191.2217
45.336052,8.877485,4624.2427,4192.452
45.336082,8.875706,4637.6426,4192.826
45.336056,8.874934,4627.243,4194.293
45.33624,8.873512,4622.6655,4196.64
45.336414,8.872655,4608.4165,4196.3438
45.336555,8.87145,4601.5938,4197.8887
45.336945,8.870234,4588.983,4198.131
45.337215,8.868884,4571.424,4198.876
45.337147,8.867871,4585.0527,4199.3496
45.33733,8.866924,4579.3237,4200.624
45.33787,8.865613,4562.27,4201.4805
45.33807,8.864782,4552.1436,4201.7046
45.33809,8.863096,4551.0073,4203.2017
45.338326,8.862035,4565.53,4203.9106
45.338795,8.860984,4558.874,4205.96
45.338913,8.86013,4529.3594,4206.248
45.339283,8.858524,4489.8774,4206.416
45.339832,8.857685,4492.597,4207.5317
45.340157,8.856468,4518.9307,4208.2236
45.340412,8.855383,4510.461,4210.3267
45.340744,8.8544,4485.3203,4209.613
45.34107,8.853299,4477.0815,4210.9814
45.341545,8.852265,4454.769,4211.517
45.34188,8.851099,4402.289,4213.931
45.3423,8.85005,4423.1484,4214.8
45.34262,8.849018,4409.7773,4214.86
45.343185,8.848136,4411.6885,4216.462
45.3436,8.846963,4391.5024,4216.4897
45.34424,8.845691,4348.0557,4218.325
45.3447,8.844719,4358.1377,4217.353
45.34493,8.843958,4391.7437,4217.6787
45.345676,8.842722,4410.0986,4220.0786
45.345932,8.841718,4360.48,4220.673
45.34645,8.84056,4355.6626,4221.9
45.347103,8.839992,4349.139,4223.3003
45.34766,8.838583,4371.298,4222.4985
45.348274,8.8376255,4361.376,4225.6626
45.348705,8.836843,4350.498,4225.097
45.34953,8.836006,4315.078,4226.1855
45.350132,8.834973,4287.5483,4227.694
45.350643,8.833901,4284.412,4228.6406
45.351173,8.832953,4304.952,4228.4062
45.35211,8.832081,4281.7983,4229.119
45.35246,8.831172,4245.034,4232.189
45.35299,8.830529,4242.9463,4230.674
45.353844,8.829607,4265.725,4232.03
45.354427,8.828758,4273.3887,4234.601
45.35477,8.827831,4259.325,4234.4453
45.35543,8.827044,4272.1934,4234.2905
45.356384,8.826093,4263.207,4235.6987
45.356743,8.8253565,4264.2705,4237.418
45.357613,8.824702,4247.2866,4238.328
45.358467,8.824006,4238.952,4239.6304
45.359142,8.823067,4221.539,4239.8345
45.359707,8.822406,4219.7505,4241.0654
45.360283,8.821627,4196.271,4241.6763
45.361286,8.820916,4162.847,4243.017
45.361866,8.820026,4161.1133,4244.314
45.362778,8.819242,4159.101,4244.1206
45.363285,8.818394,4167.146,4245.2144
45.364285,8.817659,4176.505,4246.841
45.364914,8.81662,4181.8403,4247.47
45.365868,8.816051,4183.273,4248.813
45.366295,8.815587,4189.183,4249.256
45.36709,8.814649,4175.357,4250.5933
45.3679,8.814129,4163.4385,4251.5903
45.36865,8.813421,4159.697,4251.5566
45.3694,8.812672,4138.4004,4253.413
45.369904,8.812398,4127.2314,4253.2373
45.37065,8.811467,4118.394,4256.1074
45.371513,8.810718,4103.509,4257.179
45.37214,8.810153,4086.1873,4257.956
45.373055,8.809557,4081.1484,4259.068
45.373722,8.808897,4090.9116,4259.97
45.37469,8.808164,4062.5112,4260.2
45.375553,8.807867,4041.5042,4262.0425
45.37638,8.807236,4031.542,4262.879
45.37715,8.806476,4053.9253,4263.4414
45.377743,8.805961,4088.2595,4265.592
45.378662,8.805313,4076.2344,4265.1514
45.37963,8.804605,4047.1033,4267.246
45.380154,8.804174,4029.312,4267.763
45.381264,8.803478,3976.6157,4269.5674
45.382057,8.802983,4006.7615,4269.6455
45.38265,8.802362,4023.301,4271.0728
45.383568,8.801717,4025.0244,4271.046
45.384537,8.801026,4004.4934,4273.2456
45.38534,8.800703,3965.0479,4274.5366
45.38623,8.8003025,3965.2993,4275.2417
45.38699,8.7997675,3940.0662,4276.595
45.387833,8.799277,3923.456,4277.631
45.388855,8.798668,3936.1938,4278.5083
45.389442,8.798041,3947.4558,4279.738
45.39031,8.7976055,3950.097,4281.5933
45.39117,8.797269,3942.3247,4281.026
45.39225,8.7968025,3938.4158,4282.0347
45.392982,8.796155,3979.274,4282.6943
45.393757,8.795734,3981.9011,4284.278
45.39472,8.795342,3966.8774,4285.862
45.395615,8.794749,3933.0388,4286.1704
45.396584,8.794391,3917.6807,4288.3975
45.39749,8.794006,3950.1318,4288.7603
45.398182,8.7936325,3933.8455,4289.839
45.39929,8.793092,3936.133,4291.587
45.400105,8.792752,3907.39,4292.892
45.400826,8.792306,3892.3188,4292.9478
45.402008,8.791837,3871.5898,4293.9814
45.402615,8.791386,3845.0537,4295.838
45.403637,8.791039,3848.8562,4295.74
45.40452,8.790662,3865.359,4297.178
45.40541,8.790267,3843.5342,4298.939
45.406124,8.790024,3844.424,4299.5977
45.40704,8.789415,3827.9153,4300.027
45.408096,8.789162,3833.3843,4301.61
45.408875,8.7887535,3841.188,4302.214
45.409832,8.78834,3825.285,4304.1357
45.41074,8.788052,3818.0967,4304.6226
45.41147,8.78777,3810.0112,4305.634
45.41258,8.787412,3857.4087,4307.28
45.41342,8.787075,3895.6921,4308.0
45.414413,8.786698,3926.1628,4308.701
45.415337,8.786273,3899.9788,4310.1045
45.41622,8.786115,3806.3918,4311.741
45.417183,8.785709,3815.503,4312.3804
45.418087,8.78544,3794.5535,4312.329
45.41888,8.785114,3784.4546,4314.1763
45.419773,8.784828,3773.8555,4315.993
45.42075,8.78467,3752.9636,4316.4272
45.421825,8.784239,3743.8682,4316.3755
45.42253,8.784022,3767.5234,4318.425
45.423424,8.783746,3747.0654,4319.1177
45.42418,8.783467,3766.1814,4319.8677
45.425484,8.783315,3735.7786,4322.3125
45.42613,8.782969,3724.3904,4322.753
45.427105,8.782765,3704.5767,4324.6357
45.427963,8.782286,3696.5613,4325.4214
45.428844,8.782074,3713.149,4326.5234
45.4298,8.781875,3707.3223,4327.185
45.430695,8.78146,3722.7837,4329.4014
45.431717,8.781266,3717.8596,4329.8257
45.432537,8.781018,3755.682,4330.16
45.433483,8.780812,3754.7905,4330.6377
45.434196,8.780501,3764.0662,4331.798
45.43512,8.780081,3740.9226,4333.3594
45.435925,8.779906,3719.2485,4334.6743
45.436913,8.779808,3702.911,4334.759
45.438015,8.779352,3687.062,4336.288
45.43859,8.779123,3673.7917,4337.0957
45.439606,8.77882,3654.539,4336.8647
45.440773,8.778721,3689.693,4339.369
45.441483,8.778286,3686.2422,4341.001
45.442333,8.778025,3678.3687,4341.8706
45.442974,8.778025,3657.1768,4342.3853
45.44426,8.777688,3656.4258,4344.63
45.44515,8.7774935,3632.334,4344.3667
45.445786,8.777244,3633.2385,4346.4355
45.446636,8.77715,3621.7307,4346.721
45.447582,8.776958,3560.7896,4347.892
45.448673,8.776605,3578.7312,4347.044
45.44933,8.77633,3562.581,4349.658
45.450527,8.775809,3568.91,4350.5083
45.451134,8.775428,3563.1646,4351.301
45.45214,8.775366,3569.5557,4353.5557
45.453175,8.775257,3564.3333,4352.7
45.453968,8.774656,3556.562,4354.2188
45.455013,8.774326,3588.3184,4354.627
45.455677,8.774107,3509.8381,4356.62
45.45701,8.773939,3518.9065,4356.6055
45.45774,8.773739,3496.8914,4359.152
45.458584,8.773376,3518.8533,4359.3003
45.459362,8.773144,3540.2166,4360.111
45.460403,8.77272,3555.1829,4361.714
45.46127,8.7726345,3541.9224,4363.3003
45.46232,8.772315,3492.1965,4364.1875
45.463326,8.772198,3487.8052,4364.921
45.464024,8.771832,3469.8025,4366.103
45.464993,8.771551,3476.4814,4367.0757
45.465878,8.771342,3459.848,4368.149
45.466843,8.771035,3457.4927,4368.626
45.467712,8.7707615,3469.1235,4369.9434
45.468433,8.770462,3423.7876,4370.7935
45.469322,8.77019,3416.823,4372.3457
45.470177,8.76999,3407.7268,4372.471
45.47086,8.769723,3416.1611,4373.574
45.472237,8.76953,3414.969,4374.1094
45.472836,8.769326,3380.3372,4374.8154
45.473495,8.768968,3353.9653,4375.453
45.47452,8.7688675,3377.5388,4377.5337
45.47539,8.768592,3382.1174,4378.7046
45.476196,8.768262,3367.551,4378.932
45.477352,8.768046,3345.2612,4381.609
45.477997,8.767803,3354.7373,4381.8984
45.478897,8.767708,3336.8572,4383.0107
45.479736,8.767386,3324.3047,4383.678
45.480568,8.7671385,3311.2905,4384.691
45.48109,8.766874,3307.9316,4386.139
45.48257,8.766705,3302.8062,4385.9463
45.483246,8.766385,3306.7656,4387.022
45.484184,8.766051,3273.1719,4388.354
45.485035,8.765801,3254.2874,4388.389
45.485874,8.765663,3249.99,4389.447
45.486877,8.765385,3224.9688,4390.6147
45.487057,8.765305,3199.5298,4393.4897
45.48796,8.765215,3195.32,4394.2173
45.48877,8.765227,3190.3657,4394.186
45.489765,8.765078,3139.4736,4396.516
45.490627,8.764742,3107.881,4396.7485
45.49149,8.764631,3105.0164,4397.3286
45.492455,8.764307,3125.5078,4398.837
45.49301,8.764207,3128.2075,4400.6216
45.493958,8.763822,3102.4968,4401.477
45.49485,8.76364,3048.4612,4402.7573
45.495663,8.763474,3017.5906,4402.201
45.496353,8.763267,2995.3037,4404.0747
45.497192,8.762981,2999.1897,4405.5664
45.498077,8.762777,3028.5205,4407.8335
45.498676,8.762627,3006.8071,4408.271
45.499966,8.762264,2963.583,4409.674
45.500675,8.76213,2971.1267,4411.6294
45.501675,8.761706,2956.1538,4411.204
45.50266,8.761509,2948.2861,4414.588
45.50339,8.761393,2932.6443,4412.0757
45.50428,8.761079,2937.206,4413.348
45.504856,8.760846,2943.254,4415.2197
45.505825,8.760513,2966.5981,4415.358
45.5067,8.760103,2942.4636,4417.1885
45.50734,8.75985,2930.616,4418.4272
45.50847,8.759773,2859.1406,4420.3833
45.5091,8.759474,2807.3772,4420.1284
45.51021,8.759113,2746.2844,4421.435
45.51111,8.758805,2692.6458,4421.739
45.51166,8.758569,2736.1548,4423.286
45.51227,8.758424,2725.985,4424.7104
45.51331,8.758148,2693.863,4424.3037
45.514095,8.758046,2634.806,4425.4746
45.51492,8.758008,2622.226,4426.6875
45.51587,8.757305,2579.149,4424.4824
45.516693,8.757131,2575.6316,4428.5283
45.51754,8.757033,2511.22,4428.208
45.518288,8.75687,2484.496,4428.7144
45.519142,8.756553,2513.7046,4430.827
45.520054,8.756306,2506.1245,4431.7886
45.520992,8.755958,2523.8723,4432.7695
45.52165,8.755894,2504.295,4433.5845
45.522457,8.7556095,2480.322,4435.4326
45.5233,8.755407,2388.7954,4437.04
45.524094,8.755221,2332.4875,4437.0664
45.52477,8.754955,2325.57,4437.6973
45.52548,8.754725,2321.9531,4439.539
45.52637,8.75449,2344.2366,4438.0913
45.527107,8.754347,2399.3389,4440.0947
45.527718,8.754137,2412.0078,4441.71
45.52856,8.753884,2419.5632,4441.725
45.529385,8.75361,2378.7283,4443.163
45.53028,8.753495,2321.6675,4444.1
45.531002,8.75327,2240.9358,4444.6562
45.531998,8.753053,2207.7837,4446.1597
45.53257,8.752901,2211.0764,4447.514
45.53309,8.752649,2204.4512,4448.0737
45.53389,8.752474,2181.485,4449.2314
45.534786,8.752303,2177.8857,4449.777
45.53561,8.752021,2155.2275,4452.553
45.536366,8.75184,2154.206,4452.4624
45.53709,8.751576,2145.6394,4454.38
45.537796,8.751293,2189.7974,4455.5425
45.53863,8.751557,2206.3306,4456.307
45.5397,8.751144,2178.9407,4457.2256
45.54034,8.750932,2144.0537,4458.538
45.540977,8.750752,2156.052,4460.314
45.54174,8.750544,2118.3218,4461.3994
45.542168,8.750308,2076.3547,4462.059
45.54315,8.750048,2086.1125,4462.666
45.5439,8.749778,2119.4153,4463.7173
45.544743,8.749729,2144.9219,4464.914
45.54529,8.749199,2122.0137,4465.3486
45.54634,8.749707,2099.5056,4465.627
45.546864,8.749689,2097.442,4466.5327
45.547485,8.748655,2057.2666,4469.1826
45.548138,8.748753,2056.4067,4469.1973
45.54873,8.748707,2077.409,4469.8877
45.549477,8.748437,2082.803,4470.6685
45.550034,8.748219,2086.582,4471.0005
45.55096,8.747805,2063.2131,4472.542
45.551872,8.74801,2034.9277,4471.8057
45.552536,8.747865,2030.3866,4472.6206
45.552864,8.747223,2068.589,4473.4727
45.55366,8.74728,2105.65,4475.8765
45.55422,8.747187,2139.4368,4477.1436
45.55495,8.747119,2197.4927,4478.2236
45.55558,8.7469845,2263.6934,4478.859
45.55627,8.746474,2281.7432,4479.275
45.557064,8.746414,2269.4587,4480.9814
45.557545,8.746271,2232.9587,4480.621
45.558304,8.746228,2152.1926,4481.1406
45.55908,8.745473,2103.4668,4482.0615
45.55994,8.745405,2023.109,4483.204
45.560436,8.745306,2017.0782,4484.2827
45.561207,8.745111,1988.7839,4484.691
45.56189,8.744942,1988.0117,4485.876
45.562286,8.744828,1998.4126,4487.6855
45.56321,8.744597,2005.7153,4486.6963
45.563747,8.744402,1954.0365,4490.0073
45.564377,8.744083,1956.8236,4489.872
45.565014,8.743772,1916.1193,4491.4365
45.565796,8.74424,1894.8446,4491.266
45.56652,8.7441025,1909.514,4491.399
45.567265,8.743156,1927.6548,4493.3335
45.568035,8.743218,1934.4896,4493.429
45.568863,8.742989,1875.5798,4494.812
45.56943,8.74284,1875.8438,4495.498
45.570198,8.742565,1860.4552,4497.1514
45.57097,8.742093,1805.1302,4498.982
45.57182,8.742764,1734.1493,4499.407
45.572105,8.742305,1707.5896,4501.2715
45.572994,8.74209,1722.6959,4502.9253
45.573494,8.741879,1695.3469,4503.8003
45.574165,8.74171,1671.5856,4504.128
45.574707,8.741517,1626.7183,4504.9844
45.575493,8.7413845,1574.1547,4506.0835
45.57626,8.741161,1513.3954,4508.0356
45.57666,8.741097,1508.8885,4508.0566
45.57752,8.740825,1507.4921,4510.1567
45.57803,8.740634,1508.5757,4511.254
45.578735,8.74046,1537.2134,4512.855
45.57928,8.740272,1590.7488,4512.7925
45.579975,8.7400875,1565.9142,4513.9595
45.58069,8.740265,1538.6177,4515.3193
45.581367,8.739597,1473.9823,4515.716
45.58199,8.739558,1477.098,4516.281
45.58293,8.73944,1486.6731,4517.3735
45.583473,8.739647,1495.2792,4517.936
45.584133,8.738632,1448.8945,4517.5728
45.58465,8.73875,1381.2277,4518.462
45.585323,8.73864,1317.5964,4517.878
45.58609,8.7384615,1311.0846,4519.6616
45.58675,8.738275,1336.8082,4520.362
45.587173,8.738104,1327.3978,4522.5166
45.587948,8.738046,1313.9796,4523.6
45.588703,8.738223,1285.7128,4522.9126
45.589527,8.7370405,1295.867,4521.9404
45.590187,8.737111,1315.2529,4522.213
45.590775,8.737079,1292.8434,4523.324
45.59122,8.736926,1290.6708,4524.5947
45.59189,8.736808,1303.5667,4524.994
45.592632,8.736584,1282.4154,4527.045
45.59308,8.736476,1282.7603,4528.126
45.593594,8.736341,1262.9973,4528.76
45.594307,8.736149,1266.1705,4529.827
45.595116,8.735971,1244.2412,4531.5835
45.59592,8.735787,1174.4833,4531.144
45.596535,8.735605,1099.338,4532.3135
45.597073,8.735474,1020.3004,4534.816
45.59797,8.735219,943.14935,4535.546
45.598602,8.73499,891.63965,4537.347
45.599194,8.734865,913.7876,4537.9307
45.599957,8.734679,919.4274,4540.4766
45.60063,8.734439,968.114,4540.702
45.6014,8.7341,958.73834,4543.163
45.60185,8.734399,865.27826,4543.211
45.602528,8.734041,829.463,4544.1465
45.60329,8.733779,851.3355,4544.4536
45.60399,8.733593,881.56464,4545.5396
45.604763,8.733338,813.57526,4544.074
45.605198,8.733212,819.26575,4544.099
45.605774,8.7330675,792.05853,4545.109
45.606583,8.732867,786.95795,4546.5063
45.60732,8.732765,737.14984,4548.6006
45.60821,8.732239,700.02747,4550.4194
45.608902,8.732175,722.4932,4551.049
45.609566,8.731985,750.59436,4553.1816
45.610275,8.731799,757.6239,4554.156
45.61085,8.7316885,772.3893,4554.6597
45.611633,8.73148,730.4537,4555.5586
45.612236,8.731277,697.02954,4556.6675
45.61293,8.731082,693.9998,4557.7007
45.613705,8.7308855,673.1922,4557.796
45.61442,8.730663,650.1215,4559.212
45.614964,8.730468,661.7418,4560.349
45.615475,8.73032,634.7306,4560.7017
45.616222,8.730102,586.71497,4560.687
45.616577,8.729993,572.29175,4562.1084
45.61738,8.729808,570.57007,4562.51
45.618168,8.729632,574.1396,4563.7163
45.61855,8.729483,597.46344,4565.583
45.619156,8.729315,620.74725,4567.664
45.61997,8.729104,604.78394,4568.1685
45.620403,8.728945,558.9896,4568.2524
45.62111,8.728746,535.3496,4569.519
45.62158,8.728606,550.98834,4571.033
