lat,lon,alt,time
52.303616,4.774964,192.73605,0.0
52.302452,4.7744975,65.98805,1.0057842
52.301716,4.7746434,3.9061189,2.0172188
52.300713,4.775196,0.0,3.0137558
52.299862,4.775434,0.0,3.9655821
52.299213,4.7754717,5.7694316,4.8266582
52.29868,4.7741156,17.000591,5.670329
52.297756,4.77386,0.0,6.4971704
52.29699,4.774106,8.33407,7.405561
52.296295,4.773834,34.929424,8.330787
52.295708,4.773603,57.83661,9.261344
52.294907,4.7742305,122.74567,10.217112
52.29414,4.7744465,160.7033,11.136082
52.293625,4.774183,187.83122,12.087447
52.29326,4.7739034,204.72652,13.00392
52.29239,4.773449,201.39597,13.974775
52.2915,4.7731237,189.53795,14.87041
52.290615,4.7733116,252.27063,15.81272
52.290024,4.7727675,292.2527,16.733624
52.28912,4.772854,295.67532,17.606966
52.288506,4.773573,320.46725,18.520428
52.28802,4.7729707,353.24487,19.398487
52.28709,4.773461,447.01007,20.328867
52.286232,4.773311,468.6633,21.26043
52.285603,4.7732053,515.0425,22.247532
52.28471,4.773544,529.5987,23.126854
52.283794,4.773884,541.9172,24.038227
52.283115,4.7740183,579.1949,24.97818
52.282276,4.77392,618.5584,25.884802
52.28127,4.77361,661.5779,26.783157
52.28082,4.7743373,694.9786,27.7662
52.280262,4.7743793,712.7119,28.711868
52.279263,4.7747436,770.7465,29.611462
52.278595,4.7744417,795.8991,30.510843
52.27777,4.774852,799.53357,31.439579
52.277004,4.7749624,841.2162,32.384033
52.276066,4.775221,866.3627,33.3301
52.275528,4.775572,938.30585,34.221245
52.27473,4.7749295,1015.04376,35.187546
52.273987,4.7748914,1013.469,36.066715
52.273125,4.77548,1049.8059,36.960285
52.272488,4.776178,1034.3318,37.834835
52.27163,4.7762322,1103.9467,38.68946
52.270786,4.776587,1223.6318,39.532967
52.270042,4.7769194,1312.458,40.409275
52.269424,4.7775,1379.5419,41.32263
52.268658,4.777692,1399.3749,42.252243
52.267498,4.7783694,1351.4486,43.145535
52.266693,4.7785163,1332.9633,44.02737
52.265953,4.7794704,1395.2247,44.86357
52.26552,4.779889,1463.4567,45.77462
52.26463,4.780474,1496.4077,46.699986
52.26403,4.7811656,1517.6633,47.531414
52.26334,4.7819686,1530.7708,48.45286
52.262978,4.7827835,1509.4613,49.303158
52.262432,4.7835274,1544.2189,50.178383
52.261707,4.7843547,1576.7125,51.10213
52.26102,4.785033,1642.2708,51.974155
52.260406,4.7861295,1756.3893,52.92571
52.25968,4.787032,1818.5219,53.783066
52.259106,4.787866,1886.37,54.607376
52.258274,4.789057,1912.2118,55.5319
52.257847,4.790097,1902.2217,56.502327
52.257217,4.79191,1912.5587,57.298515
52.2568,4.792349,1959.386,58.084866
52.256332,4.7931056,2024.7279,58.957157
52.25599,4.7945642,2076.0737,59.818848
52.255447,4.795373,2158.512,60.670437
52.254993,4.797109,2189.6934,61.57944
52.25443,4.7983446,2195.653,62.48652
52.2542,4.799769,2202.4001,63.342644
52.253933,4.8013287,2221.805,64.25485
52.25339,4.802773,2240.9255,65.175995
52.253143,4.8051214,2306.306,66.048615
52.252766,4.8063955,2398.9475,66.78279
52.25281,4.807681,2479.327,67.60816
52.25236,4.8096232,2489.309,68.46817
52.25229,4.8108916,2506.0876,69.286415
52.25215,4.812809,2535.574,70.191025
52.251575,4.813674,2596.7444,71.16707
52.251602,4.8159676,2624.3948,72.11547
52.2514,4.8178506,2677.8323,72.99891
52.25129,4.8187594,2784.0012,74.06029
52.250957,4.8208523,2858.845,74.90881
52.25094,4.822887,2967.3994,75.66923
52.25042,4.824656,3035.7764,76.53482
52.250195,4.8260236,3095.4727,77.47196
52.25007,4.827332,3119.5144,78.4511
52.24994,4.829442,3111.074,79.48391
52.250057,4.8308954,3100.9998,80.42005
52.249805,4.8329487,3129.0564,81.30298
52.249817,4.8347983,3219.0159,82.148926
52.2496,4.836482,3322.6968,83.14323
52.24967,4.838459,3389.2664,84.16902
52.249397,4.8399787,3408.2124,85.33432
52.249405,4.8412037,3382.6873,86.45492
52.2495,4.842672,3397.978,87.39864
52.24949,4.844462,3473.2954,88.3874
52.249302,4.8458514,3565.9907,89.335464
52.249237,4.847978,3611.2883,90.30272
52.24909,4.85004,3641.608,91.1921
52.249134,4.8519473,3713.8667,92.02966
52.248814,4.8540444,3799.7014,92.88309
52.248592,4.8552833,3879.9714,93.661995
52.248722,4.8576117,3918.7197,94.54632
52.248463,4.8604116,3970.175,95.299
52.248703,4.861794,4014.8098,96.28955
52.248055,4.8641458,4044.1836,97.093735
52.248413,4.8650737,4074.8677,97.97472
52.247982,4.867241,4072.263,98.91705
52.247875,4.8685093,4131.776,99.70047
52.248272,4.870813,4181.6904,100.6994
52.247948,4.8728557,4224.0522,101.75065
52.24798,4.874402,4273.6553,102.61032
52.24804,4.8757777,4286.0405,103.378494
52.24839,4.87835,4334.2607,104.28981
52.24809,4.8805513,4369.3794,105.18888
52.248074,4.882576,4389.003,106.11001
52.24787,4.8845267,4412.5425,106.92505
52.24801,4.8865376,4467.5854,107.92778
52.247715,4.8884344,4534.3335,108.7882
52.247746,4.8906794,4606.587,109.62819
52.247437,4.8926826,4691.4185,110.53586
52.247536,4.8944106,4721.9673,111.39166
52.24709,4.8966627,4763.894,112.21659
52.247368,4.8982673,4829.32,112.85524
52.247437,4.9000306,4915.3975,113.91629
52.247055,4.9017057,5003.1475,114.69863
52.24724,4.9039083,5081.053,115.751656
52.24732,4.905741,5162.261,116.52202
52.247387,4.9075117,5263.685,117.3525
52.247078,4.910515,5372.7085,118.12266
52.24739,4.911856,5411.284,119.2107
52.247234,4.9139833,5430.151,120.098724
52.247173,4.915882,5455.7524,121.15828
52.247223,4.9190125,5479.106,122.03625
52.24714,4.9210486,5506.7114,122.89612
52.2471,4.922922,5582.5645,123.98998
52.247112,4.9249067,5606.817,124.73924
52.24702,4.926731,5679.614,125.700424
52.247063,4.9290113,5710.46,126.54209
52.247097,4.9310265,5763.6587,127.41932
52.24741,4.93281,5820.2827,128.32794
52.247444,4.935507,5895.9414,129.12363
52.247383,4.9378004,5976.2583,129.96951
52.247143,4.939477,6055.004,130.92673
52.247223,4.941009,6136.943,131.9073
52.24755,4.942731,6172.5386,132.86874
52.24726,4.944937,6242.1743,133.84077
52.24744,4.946896,6304.749,134.69568
52.247536,4.9493327,6358.4673,135.69814
52.247467,4.9509554,6469.7036,136.57578
52.24739,4.952689,6541.121,137.56123
52.24742,4.954989,6606.9683,138.43301
52.247364,4.9576325,6652.9897,139.45723
52.247448,4.9590893,6690.26,140.47855
52.247128,4.960824,6775.2466,141.37831
52.247337,4.963039,6812.9917,142.36215
52.24738,4.965571,6862.5645,143.22275
52.247463,4.967622,6917.2964,144.28624
52.24785,4.9700785,7003.124,145.17198
52.247784,4.9729333,7058.2573,145.98157
52.247974,4.974886,7125.382,146.92114
52.247814,4.9773154,7183.101,147.78867
52.248005,4.978901,7237.5215,148.65561
52.248096,4.9817204,7288.4346,149.52255
52.247982,4.984769,7329.406,150.34373
52.248043,4.985755,7384.503,151.19498
52.248104,4.988115,7469.012,152.1732
52.24805,4.9905567,7534.5,153.06894
52.24818,4.9924397,7592.069,153.96486
52.24824,4.9939475,7670.9927,155.049
52.248104,4.9961233,7753.4556,155.89561
52.248173,4.9980464,7825.6113,156.74858
52.248154,5.0009103,7838.0854,157.72972
52.24809,5.0032625,7943.0454,158.61128
52.248127,5.005584,7914.1865,159.47105
52.24813,5.0077224,8001.0566,160.3868
52.248177,5.0100937,8058.854,161.20886
52.247925,5.0124745,8125.944,162.06393
52.24824,5.014492,8184.469,162.90024
52.248047,5.016876,8255.885,163.89265
52.24797,5.0186024,8333.374,164.69725
52.24815,5.021589,8391.162,165.64978
52.248,5.023599,8530.338,166.52449
52.24819,5.0267167,8521.705,167.64703
52.24837,5.028273,8620.82,168.48563
52.248116,5.030869,8633.896,169.46988
52.248158,5.0334673,8666.416,170.3241
52.24796,5.0355315,8727.638,171.20448
52.24832,5.037402,8755.913,172.18835
52.248245,5.0393796,8811.195,173.06064
52.247684,5.042027,8940.009,174.06996
52.24796,5.0447226,8931.626,174.97984
52.247746,5.046858,8978.367,176.0063
52.247692,5.0492344,9042.181,176.85384
52.247566,5.05186,9107.842,177.70029
52.247654,5.0536733,9203.876,178.54195
52.247593,5.055648,9206.924,179.31851
52.247517,5.05773,9261.781,180.18591
52.247536,5.060245,9297.694,181.18797
52.24734,5.062435,9379.846,181.91248
52.24741,5.065828,9460.661,182.91382
52.247356,5.0676823,9549.564,183.65634
52.247585,5.069705,9628.905,184.57547
52.24747,5.072181,9689.673,185.42465
52.247047,5.0746217,9702.422,186.43471
52.2472,5.0767765,9709.116,187.47266
52.24722,5.079164,9754.443,188.36824
52.247116,5.081501,9808.528,189.37645
52.247192,5.082765,9859.497,190.45079
52.246754,5.0854244,9922.082,191.41045
52.246773,5.0876565,9935.358,192.15755
52.24674,5.0897574,9974.006,193.03152
52.246487,5.091694,10016.871,193.97389
52.246212,5.094258,10084.007,194.99757
52.24621,5.096164,10171.592,196.01997
52.246136,5.098785,10168.187,196.98767
52.245903,5.1014624,10200.662,198.06339
52.24589,5.103364,10269.085,199.01445
52.245544,5.1049414,10315.194,199.87074
52.245514,5.1071033,10345.389,200.65475
52.245533,5.110806,10372.186,201.59387
52.245277,5.1119585,10391.39,202.53667
52.245316,5.1147885,10444.666,203.50014
52.245033,5.117168,10490.814,204.41423
52.245018,5.118806,10549.996,205.4777
52.245052,5.1215243,10612.432,206.38785
52.24462,5.12349,10646.94,207.43301
52.244488,5.1252728,10669.422,208.46295
52.24435,5.1270437,10693.781,209.29466
52.24431,5.1298594,10713.585,210.27876
52.244026,5.132769,10744.878,211.08292
52.24429,5.1343107,10796.776,212.12172
52.243942,5.1365643,10853.156,212.8746
52.24368,5.139194,10878.877,213.98215
52.243668,5.141848,10966.478,214.74611
52.243717,5.1442614,11041.286,215.65015
52.243248,5.1466722,11072.083,216.66348
52.243088,5.149291,11105.3125,217.54637
52.242832,5.1511297,11142.897,218.37502
52.2428,5.1533685,11215.447,219.31352
52.24266,5.155788,11229.853,220.28188
52.242638,5.1581216,11240.001,221.31248
52.242382,5.1607294,11299.236,222.19788
52.242435,5.163004,11370.139,223.2426
52.24178,5.1650896,11447.143,224.13513
52.241627,5.168038,11503.453,225.0075
52.24147,5.1698227,11497.908,226.07338
52.241123,5.172298,11558.828,227.04512
52.241188,5.1748643,11622.619,228.00038
52.24067,5.1777716,11658.101,228.76804
52.240414,5.1805396,11679.616,229.6058
52.240433,5.182276,11759.143,230.63155
52.239914,5.18433,11841.883,231.59436
52.239384,5.186866,11878.423,232.58926
52.239437,5.1898527,11906.2705,233.42839
52.238792,5.191647,11922.691,234.31471
52.238525,5.1947966,11961.319,235.39719
52.238358,5.195988,11990.274,236.17639
52.23791,5.1982265,12024.915,237.27914
52.237328,5.201117,12071.977,238.1487
52.237144,5.2034745,12148.29,239.04993
52.23677,5.205632,12199.783,240.02841
52.23615,5.208167,12249.012,240.91096
52.235664,5.211282,12279.089,241.9113
52.235115,5.213131,12344.337,242.75542
52.234604,5.2157235,12408.813,243.72804
52.234135,5.2183857,12429.15,244.52046
52.233727,5.219613,12482.466,245.44229
52.232788,5.222561,12537.604,246.32066
52.23195,5.2250776,12599.499,247.01974
52.231915,5.2278543,12614.37,247.8412
52.23075,5.2294183,12667.928,248.79356
52.23048,5.2316475,12741.715,249.84491
52.229717,5.2334175,12824.035,250.6333
52.22923,5.2357535,12897.798,251.80548
52.22834,5.238687,12908.675,252.47705
52.22814,5.2411137,12960.559,253.47595
52.227226,5.2436576,12981.403,254.38055
52.22672,5.2448306,12985.404,255.25215
52.226036,5.2474184,13047.803,256.39185
52.225224,5.249992,13089.298,257.189
52.224503,5.252488,13196.035,258.30054
52.223526,5.2546296,13247.308,259.20685
52.223217,5.2566133,13272.283,260.10217
52.222492,5.259102,13298.786,261.08405
52.221756,5.260655,13358.87,261.9629
52.22092,5.264148,13409.302,262.93765
52.21997,5.2649894,13437.992,263.85736
52.21923,5.2668505,13480.613,264.83514
52.218372,5.2694607,13555.197,265.86874
52.217583,5.2718577,13649.012,266.69714
52.216793,5.2738495,13695.587,267.43454
52.215977,5.2763686,13727.023,268.5628
52.215485,5.2787857,13781.87,269.25775
52.214516,5.281503,13828.44,270.1512
52.21345,5.283218,13938.557,270.7176
52.212986,5.2853513,13998.151,271.92276
52.21166,5.287318,14063.769,272.7563
52.211243,5.2891517,14140.917,273.77115
52.210102,5.291881,14085.737,274.6578
52.209534,5.293841,14212.235,275.40967
52.208927,5.2959585,14234.646,276.5985
52.207493,5.296958,14328.049,277.58417
52.206604,5.2996507,14367.307,278.78873
52.205486,5.3026676,14415.333,279.4775
52.20448,5.3047595,14461.678,280.57526
52.203526,5.306735,14525.274,281.40262
52.20241,5.308222,14576.478,282.17535
52.201252,5.3101482,14596.598,283.01556
52.200417,5.3117085,14652.236,283.90906
52.199657,5.314531,14700.702,284.6999
52.19863,5.316863,14769.788,285.6455
52.197765,5.3202024,14804.902,286.5471
52.196667,5.321767,14859.84,287.47775
52.1957,5.324145,14882.321,288.29736
52.194973,5.3260226,14969.096,289.24725
52.19377,5.3278174,15006.266,290.39865
52.192318,5.330064,15032.666,291.0373
52.191933,5.3322687,15103.425,291.96
52.19091,5.3347383,15124.312,292.70557
52.189526,5.336457,15211.537,293.49097
52.188766,5.3381166,15256.29,294.68912
52.187687,5.3399663,15286.187,295.6925
52.186516,5.342184,15356.139,296.4064
52.185467,5.3442893,15401.331,297.38077
52.184807,5.3462815,15439.035,298.25458
52.183735,5.348151,15498.849,299.29648
52.18232,5.3497505,15552.311,299.9032
52.181374,5.3518667,15628.125,300.71753
52.18043,5.3544693,15682.789,301.7801
52.17926,5.3568616,15742.889,302.53763
52.178276,5.358487,15827.537,303.67725
52.177357,5.3611755,15878.07,304.68997
52.176258,5.363238,15903.915,305.40137
52.175488,5.3639197,15928.911,306.48645
52.174255,5.3668876,15956.127,307.33673
52.17318,5.369054,15980.798,308.38245
52.172108,5.370784,16108.419,309.31906
52.171066,5.373363,16093.892,310.2174
52.170227,5.3752975,16160.661,311.14642
52.169144,5.3774643,16189.043,312.1818
52.167847,5.379383,16297.342,312.99835
52.166733,5.3822007,16255.588,313.7911
52.165936,5.383578,16353.128,314.81165
52.164795,5.386515,16419.887,315.9219
52.163784,5.387928,16473.145,316.64288
52.16286,5.3905854,16525.314,317.37042
52.16201,5.3919363,16565.525,318.51712
52.160675,5.3939657,16646.422,319.17038
52.15934,5.3966036,16726.979,320.21722
52.158386,5.3995705,16704.12,321.14304
52.15725,5.4001946,16742.014,321.9383
52.15605,5.402923,16798.855,323.08014
52.155052,5.404892,16895.285,323.78925
52.153988,5.406681,16946.785,324.54373
52.15296,5.408901,16992.451,325.45255
52.15185,5.4110737,17050.229,326.4175
52.15062,5.4144397,17115.04,327.38458
52.14972,5.416117,17158.518,328.2852
52.148357,5.4173746,17194.082,329.3571
52.14766,5.4210234,17248.213,330.15973
52.14646,5.423616,17310.498,331.14096
52.145676,5.424271,17361.797,332.15967
52.14422,5.4277925,17420.297,332.89505
52.14295,5.4295087,17474.879,333.50217
52.142876,5.431659,17471.924,334.85168
52.14126,5.4336123,17471.297,335.65823
52.139725,5.43605,17493.441,336.64886
52.139145,5.4385877,17548.094,337.53653
52.137634,5.440389,17593.877,338.3065
52.136665,5.4428377,17677.398,339.1997
52.1358,5.4437346,17740.492,340.15063
52.13485,5.4461083,17802.523,340.89633
52.13377,5.4479437,17834.092,341.83875
52.132633,5.4500237,17886.486,342.89807
52.131584,5.452149,17938.113,343.74832
52.1305,5.454088,17987.395,344.7716
52.129684,5.456704,18034.1,345.55652
52.12841,5.4587893,18079.201,346.41855
52.127106,5.460881,18130.457,347.40372
52.125946,5.463323,18216.959,348.40555
52.124706,5.465345,18253.98,349.0024
52.123535,5.467217,18287.033,350.07147
52.122967,5.469605,18323.188,350.7439
52.121254,5.4715014,18421.902,351.32483
52.12056,5.473703,18440.123,352.12616
52.119232,5.4761224,18543.48,353.25116
52.117973,5.478202,18610.799,354.13046
52.11645,5.481002,18615.041,354.82645
52.115955,5.4829555,18642.154,355.98715
52.11434,5.4855876,18657.79,356.75232
52.11306,5.4878097,18784.846,357.80093
52.112293,5.4891734,18778.482,358.7203
52.11129,5.4913692,18828.701,359.6984
52.10992,5.4945917,18906.54,360.39322
52.10874,5.4964104,18988.885,361.53198
52.10828,5.4978046,19021.326,362.5771
52.10595,5.499434,19039.96,363.47797
52.105183,5.5031753,19100.322,364.3726
52.10439,5.5069985,19177.531,365.2918
52.10298,5.5079255,19237.445,366.32202
52.10188,5.508871,19289.12,367.08658
52.100506,5.5115347,19285.023,367.9452
52.099483,5.5146227,19300.096,368.74942
52.09875,5.5162277,19371.684,369.78284
52.097137,5.5181007,19410.596,370.6511
52.09584,5.520723,19434.307,371.68558
52.094894,5.523535,19461.402,372.4929
52.094063,5.525169,19499.812,373.45636
52.09269,5.5259466,19545.207,374.36798
52.091503,5.5295744,19567.504,375.47977
52.090714,5.5322022,19626.3,376.09164
52.089962,5.5342336,19706.033,377.17322
52.088066,5.535534,19773.994,377.7964
52.087223,5.5389404,19813.012,378.84164
52.086044,5.541089,19771.723,379.81305
52.084896,5.5435658,20000.28,380.27222
52.083755,5.5451674,19910.43,381.43826
52.08278,5.547922,19901.352,382.24362
52.081413,5.550142,19965.842,383.11377
52.080105,5.5526924,20063.832,384.11676
52.07884,5.554301,20004.637,384.87048
52.078255,5.556536,20061.666,385.93307
52.0769,5.5593433,20156.338,386.9285
52.07569,5.561559,20218.977,387.7652
52.074356,5.563348,20295.059,388.77634
52.072903,5.564927,20291.812,389.64676
52.072334,5.5673995,20340.166,390.49387
52.07017,5.570705,20345.865,391.53958
52.07035,5.5724187,20428.943,392.38586
52.068825,5.574603,20471.912,392.81564
52.06675,5.577519,20549.396,394.12036
52.06692,5.580524,20557.916,395.46225
52.06503,5.581341,20551.021,395.6356
52.063503,5.5844646,20581.395,397.31403
52.062435,5.5877495,20639.225,397.51068
52.06194,5.588369,20717.035,398.6888
52.060154,5.5903716,20736.45,399.47556
52.059006,5.5934567,20798.023,400.8343
52.057846,5.597203,20820.186,401.75906
52.056343,5.5988064,20851.273,401.68347
52.055435,5.5998173,20952.316,403.42062
52.0538,5.602266,20894.395,403.4913
52.053116,5.6040287,20938.06,404.3832
52.0516,5.607117,21011.506,405.05478
52.05052,5.6098413,21041.05,406.16983
52.049385,5.6112523,21083.746,407.0
52.04756,5.613467,21130.416,408.0864
52.046627,5.615947,21136.252,408.80704
52.04552,5.6192274,21275.729,410.1525
52.04385,5.620556,21253.885,410.63245
52.04342,5.6234307,21283.29,411.77332
52.041702,5.624943,21370.395,412.7381
52.04108,5.627281,21434.396,413.63458
52.039494,5.6291504,21378.75,414.3184
52.038616,5.630259,21443.074,415.39313
52.037216,5.6341705,21635.295,416.61786
52.03583,5.6368,21526.074,417.25134
52.03577,5.638975,21514.838,418.41547
52.03354,5.641439,21755.271,419.54095
52.03243,5.642976,21646.406,420.04715
52.031853,5.6450243,21672.002,421.05325
52.030178,5.6476665,21754.77,422.14557
52.029022,5.649052,21783.549,422.9045
52.02788,5.65051,21891.078,423.68576
52.026176,5.6527877,21897.748,424.62997
52.025192,5.6551523,21930.57,425.60114
52.023697,5.658199,21942.543,426.44244
52.022354,5.659803,21969.568,427.35046
52.021393,5.6634026,22035.637,428.38992
52.02019,5.6655574,22062.123,429.03186
52.018715,5.665654,22085.277,429.9008
52.017445,5.669051,22121.979,430.93115
52.016308,5.671012,22159.027,431.92325
52.014927,5.6733394,22205.137,433.0007
52.014126,5.6746755,22260.062,433.81506
52.011906,5.67913,22212.389,434.5329
52.0112,5.6815124,22334.855,434.9903
52.010147,5.684749,22412.385,436.3398
52.007755,5.684697,22350.682,436.9913
52.007675,5.6875763,22448.957,438.39328
52.006203,5.689435,22528.04,438.87738
52.00475,5.692295,22528.127,439.8657
52.003407,5.6951537,22579.654,440.64136
52.00281,5.6965,22614.328,441.7696
52.0009,5.698186,22619.348,442.91705
51.999443,5.700638,22712.346,443.86084
51.998447,5.704792,22785.99,444.5315
51.996902,5.705969,22834.945,445.6556
51.99628,5.70858,22773.299,446.6565
51.994705,5.7104406,22875.621,447.07956
51.9938,5.711985,22877.33,448.35294
51.992813,5.7152424,22908.62,449.06708
51.991222,5.7168064,22922.334,450.126
51.989803,5.7195816,22918.959,451.28418
51.988518,5.723304,23132.08,451.59937
51.987003,5.7253513,23179.234,452.92825
51.986134,5.7265835,23048.32,453.84763
51.985012,5.728824,23115.27,454.6562
51.983555,5.7315965,23177.852,455.4716
51.982216,5.733434,23238.922,456.43253
51.980785,5.7362723,23291.799,457.95587
51.979744,5.738069,23337.979,458.1311
51.978294,5.7405677,23369.512,458.97943
51.97704,5.7426367,23408.34,460.11127
51.97617,5.744993,23454.02,460.84558
51.97435,5.747827,23456.764,462.19626
51.97318,5.7498517,23493.055,462.74918
51.972095,5.752485,23554.086,463.78046
51.97067,5.754603,23601.73,464.87634
51.969116,5.7562323,23622.982,465.65256
51.968338,5.760325,23646.176,466.77435
51.96695,5.761636,23648.99,467.40875
51.965538,5.7640514,23672.9,468.66837
51.964153,5.765215,23680.629,469.12283
51.963173,5.767686,23660.844,470.0709
51.9615,5.771701,23934.682,471.1316
51.960575,5.7731705,23819.54,472.02158
51.95913,5.7752366,23950.47,472.67673
51.958225,5.7766376,23927.312,473.63776
51.956608,5.7788224,23895.723,474.52563
51.955112,5.78239,24112.936,475.77664
51.954124,5.785546,24191.27,476.3373
51.953342,5.785061,24019.354,477.54352
51.95073,5.7904816,24062.465,478.8063
51.949627,5.7911487,24065.58,478.66406
51.94917,5.795749,24224.98,480.1617
51.947388,5.7948756,24214.55,480.8686
51.945843,5.7980146,24277.035,481.5612
51.944874,5.8006816,24251.154,482.8382
51.94368,5.8029704,24288.668,483.8705
51.942284,5.805238,24323.666,484.56683
51.940678,5.806764,24352.371,485.75168
51.939037,5.8097825,24490.916,486.29938
51.93844,5.811908,24410.637,487.33722
51.936543,5.814921,24500.596,488.47037
51.93535,5.8162055,24564.21,488.93213
51.933918,5.8182445,24615.838,490.2706
51.93217,5.8211393,24654.994,490.71555
51.93116,5.823334,24598.336,491.68216
51.929768,5.824874,24729.27,492.45822
51.928276,5.827475,24746.555,493.72562
51.927025,5.8295627,24802.264,494.17743
51.92533,5.8331366,24824.82,495.3557
51.92411,5.8354774,24813.219,496.06412
51.922256,5.8385935,25016.04,496.976
51.92199,5.8402376,24880.23,497.99188
51.92084,5.8415775,24870.0,499.07138
51.918964,5.8441005,24913.12,499.70587
51.917694,5.8468194,25102.334,500.46768
51.91708,5.8503065,25135.1,501.83823
51.91531,5.8514986,24990.973,502.8791
51.913757,5.8559456,25224.021,503.61664
51.912956,5.8562155,25062.578,504.27356
51.911522,5.858627,25194.98,505.4486
51.91008,5.8628283,25225.807,506.2554
51.90907,5.863785,25199.834,507.24707
51.908245,5.8663163,25322.758,508.21658
51.905647,5.867859,25315.262,508.899
51.90474,5.8710346,25327.105,510.06024
51.903625,5.8743954,25394.459,510.72635
51.901897,5.8753285,25402.07,511.70108
51.900883,5.87684,25458.076,512.582
51.899937,5.879104,25451.678,513.7566
51.89857,5.881966,25491.064,514.5569
51.89727,5.88477,25496.78,515.5035
51.89577,5.8880053,25532.271,516.1982
51.89475,5.888387,25518.973,517.2949
51.893234,5.891438,25793.191,518.37976
51.891674,5.894329,25607.451,518.8965
51.890324,5.896928,25667.66,520.56885
51.8895,5.8982635,25732.016,521.492
51.88775,5.8996086,25772.102,522.2773
51.88592,5.9032946,25771.92,523.13763
51.88583,5.9068894,25817.78,524.19995
51.884052,5.906831,25864.36,524.535
51.882866,5.909088,25945.988,525.75006
51.881878,5.9103427,25912.756,526.7487
51.879944,5.9148483,25959.723,527.48206
51.87877,5.9167643,26051.39,528.50305
51.877254,5.920143,26046.1,529.34906
51.875828,5.9217033,26071.82,529.96045
51.874287,5.923786,26095.896,531.0198
51.872715,5.9264817,26103.316,532.02295
51.87082,5.929211,26142.879,532.6334
51.870293,5.9331946,26215.756,533.94653
51.868088,5.932507,26184.139,534.37854
51.86658,5.9378023,26243.719,535.74316
51.866524,5.938112,26271.354,536.1614
51.86492,5.940553,26304.775,537.2444
51.862854,5.942232,26316.344,538.072
51.86193,5.9448934,26339.69,539.13837
51.860588,5.948033,26420.951,540.24976
51.85882,5.9498467,26395.836,540.9263
51.857967,5.953012,26453.12,541.70355
51.8564,5.953741,26457.516,542.72797
51.855507,5.956507,26440.139,543.7079
51.853806,5.960045,26724.215,544.568
51.85282,5.9621873,26494.305,545.62134
51.85124,5.963685,26582.371,546.3457
51.849815,5.9655194,26592.773,547.33563
51.848362,5.9689207,26843.152,548.1147
51.847507,5.970512,26644.7,549.2644
51.84534,5.973938,26736.164,550.0338
51.843708,5.9767294,26784.947,551.11566
51.843052,5.9775667,26784.797,551.841
51.841408,5.981792,27048.541,552.8789
51.839764,5.9829745,26797.754,553.70715
51.838947,5.985753,26794.271,554.7404
51.836906,5.9892073,27154.559,555.4484
51.83623,5.9888377,26952.275,556.3731
51.83453,5.9930096,27019.084,557.0451
51.83372,5.9944625,27126.646,558.168
51.831654,5.9972167,27066.783,559.03925
51.830948,5.9997683,27140.406,560.1484
51.82921,6.0024395,27196.74,560.7951
51.82774,6.003157,27203.258,561.98535
51.826057,6.006463,27162.672,562.6991
51.824974,6.009374,27299.562,563.6534
51.82373,6.0113444,27198.03,564.8453
51.821556,6.0147223,27394.111,565.6155
51.820435,6.015679,27243.354,566.4186
51.819782,6.019295,27313.57,567.3656
51.818367,6.0206265,27350.99,568.24603
51.816925,6.0209637,27370.232,569.24603
51.815277,6.0253825,27399.53,570.238
51.81376,6.0290847,27445.232,570.95355
51.81306,6.0296164,27507.021,571.905
51.811657,6.032403,27533.021,572.8862
51.809727,6.0360208,27530.14,573.6125
51.80807,6.038449,27560.318,574.6406
51.806854,6.0397,27654.32,575.471
51.805927,6.041789,27608.629,576.12384
51.804028,6.0433946,27650.238,577.6397
51.802685,6.046825,27682.102,577.64844
51.801636,6.0493717,27673.988,579.09155
51.799896,6.0518312,27697.695,579.82794
51.799072,6.0536294,27724.047,581.18134
51.796906,6.0548196,27747.178,581.78674
51.794834,6.059128,27794.334,583.03827
51.79344,6.0643363,27811.855,584.4285
51.792976,6.0653763,27873.012,584.33795
51.79105,6.064397,27881.057,585.9235
51.789387,6.067724,27888.164,586.8193
51.788494,6.0722733,27861.303,587.1976
51.787857,6.075796,28214.814,588.5682
51.785595,6.0749025,27903.562,589.37854
51.7843,6.0776777,27966.227,590.4317
51.78288,6.080585,28035.3,591.68616
51.781128,6.0836606,28108.797,591.33545
51.77993,6.08403,28126.635,593.32056
51.777634,6.0860157,28092.934,593.5901
51.777866,6.08965,28386.555,594.6359
51.775883,6.09197,28150.602,595.51135
51.773994,6.0959525,28236.062,596.6515
51.77301,6.096163,28263.988,597.1815
51.77111,6.0994473,28211.365,598.23596
51.7706,6.103294,28619.95,599.28235
51.768776,6.1037307,28247.828,600.2887
51.76719,6.1056066,28315.943,601.62006
51.765644,6.111724,28338.617,601.7422
51.766136,6.1109514,28354.49,603.30115
51.76317,6.113482,28547.479,604.4373
51.761242,6.115069,28462.342,604.9902
51.761055,6.1177344,28503.04,605.7174
51.759106,6.1200542,28471.299,607.3517
51.7575,6.1247625,28641.322,607.6318
51.756725,6.126089,28576.818,608.7988
51.754757,6.127308,28622.85,609.6112
51.752716,6.1303325,28526.182,609.9953
51.752213,6.134432,28962.492,610.39197
51.751663,6.1357102,28575.525,611.9226
51.748802,6.1380143,28715.242,612.8246
51.747387,6.1411986,28823.748,613.55914
51.74675,6.1428432,28735.818,614.478
51.745064,6.144265,28749.975,616.05804
51.7434,6.1480517,28887.807,616.83527
51.741577,6.1500273,28934.916,617.74426
51.74004,6.1520696,28869.754,618.6004
51.738457,6.154334,28929.883,619.3163
51.736694,6.1588106,29001.979,620.4681
51.736633,6.1598206,28923.773,620.401
51.734608,6.161011,29219.166,622.4909
51.732674,6.163287,28976.367,623.13275
51.731487,6.1671996,29006.686,622.7052
51.731766,6.167976,29168.316,625.08374
51.729134,6.1687922,29164.719,625.34985
51.726227,6.1710634,29196.389,626.8108
51.72539,6.1787896,29168.09,628.10364
51.724136,6.1810975,29266.324,628.0107
51.72224,6.1805873,29360.615,629.8485
51.719948,6.1812263,29297.838,629.5501
51.71896,6.1845503,29323.854,630.74493
51.71857,6.187264,29309.11,632.1969
51.717182,6.189502,29389.998,632.3007
51.71602,6.1926584,29364.986,633.6815
51.71389,6.1942415,29401.725,634.9677
51.712597,6.197436,29378.086,635.51544
51.71079,6.1983414,29432.582,636.7231
51.709133,6.20119,29406.152,637.21075
51.70856,6.2045565,29747.203,638.84015
51.706863,6.205846,29427.58,639.0717
51.705013,6.209433,29563.14,640.67303
51.70455,6.211768,29604.486,641.1188
51.703423,6.212785,29608.762,641.37585
51.701107,6.213268,29687.225,643.37616
51.699596,6.2185473,29627.139,643.24866
51.698475,6.2208233,29723.914,644.8794
51.697063,6.221818,29769.127,645.94214
51.695225,6.2241135,29721.266,646.56287
51.693165,6.2283883,29822.438,647.51715
51.692505,6.2307525,29796.877,648.3768
51.690758,6.2313046,29868.193,649.0601
51.689705,6.2327814,29859.096,650.7176
51.687965,6.237203,29920.89,650.62415
51.68679,6.239964,30001.562,652.0804
51.685345,6.2415204,29956.658,652.7966
51.68308,6.244455,29920.2,653.97064
51.68214,6.246641,30082.256,654.4922
51.68084,6.248875,30014.33,655.8359
51.67991,6.248332,30000.746,656.26654
51.67762,6.2516494,30072.129,657.7552
51.67658,6.2558293,30103.484,658.26855
51.674934,6.257681,30127.227,659.3687
51.673733,6.2601404,30135.514,660.2066
51.67177,6.2620463,30335.19,660.7735
51.6701,6.264215,30188.182,662.3145
51.668777,6.2661524,30252.283,663.0288
51.667324,6.270114,30274.414,664.0123
51.66609,6.2740545,30286.936,664.76874
51.66441,6.2728176,30252.283,666.0588
51.66238,6.2761774,30631.021,666.1701
51.66118,6.27859,30307.547,667.40515
51.65945,6.281127,30398.479,668.3119
51.658665,6.2831345,30436.057,669.4359
51.65649,6.285005,30486.295,670.08344
51.654964,6.2879744,30479.82,671.25256
51.653988,6.2910805,30508.46,671.8772
51.652355,6.2914333,30512.615,673.2499
51.6513,6.294696,30514.166,673.44257
51.648952,6.297098,30456.584,674.84393
51.647705,6.2997565,30844.828,675.431
51.646057,6.30179,30769.912,676.0903
51.64528,6.304356,30465.205,677.56055
51.643246,6.3058124,30702.908,677.99915
51.641865,6.3087635,30634.85,678.92993
51.640038,6.3107634,30707.232,679.6949
51.638664,6.3136706,30743.816,680.542
51.636757,6.3140535,30800.39,681.71075
51.636032,6.3188663,30850.559,682.5669
51.634174,6.319829,30876.107,683.1309
51.632786,6.321153,30868.865,684.2832
51.631603,6.323442,30900.86,685.47394
51.629448,6.323414,30921.984,686.3661
51.627434,6.32868,30973.29,686.5195
51.626377,6.3324375,30992.268,688.4438
51.62519,6.3341055,31019.43,689.3208
51.623413,6.335072,30979.37,689.97473
51.622726,6.337369,30932.072,691.234
51.61977,6.3406286,31388.574,691.2987
51.618786,6.3425326,30958.186,692.5454
51.616604,6.345526,31290.627,693.272
51.615234,6.3486643,31102.717,694.4025
51.61402,6.3484373,31197.863,695.06146
51.612846,6.3528404,31237.53,696.4366
51.61077,6.3519835,31262.316,697.425
51.609406,6.356697,31264.3,698.06647
51.607582,6.359299,31249.73,699.55005
51.606026,6.36082,31483.283,699.835
51.605103,6.3619733,31277.08,700.8954
51.60356,6.364737,31343.238,702.3265
51.601837,6.36757,31389.797,702.99866
51.600475,6.368247,31427.562,703.83685
51.59859,6.3702245,31452.023,704.8211
51.59639,6.371939,31474.111,705.4719
51.595478,6.376289,31503.25,706.51465
51.594402,6.377883,31532.922,707.1342
51.59212,6.379682,31489.615,708.0937
51.590603,6.3827205,31796.332,708.85925
51.589657,6.385775,31540.008,709.7005
51.587982,6.3863072,31596.678,711.2678
51.585846,6.3901386,31722.262,712.01184
51.584164,6.391508,31653.316,713.02313
51.58299,6.3939877,31701.025,713.64185
51.581284,6.3961554,31740.049,714.5986
51.579395,6.397055,31781.098,715.39435
51.577908,6.399989,31830.373,716.342
51.576942,6.400958,31816.918,717.2098
51.57499,6.4046125,31884.494,718.2421
51.573223,6.405657,31920.52,719.3012
51.57138,6.4087615,31921.5,719.9163
51.571186,6.4098268,31962.266,720.862
51.5692,6.4117546,31962.086,721.7699
51.566906,6.4143267,32027.414,722.4836
51.564934,6.41712,32043.008,723.6511
51.563873,6.420201,32089.645,724.3297
51.562393,6.421764,32086.076,725.1105
51.56082,6.423724,32132.855,725.9694
51.559303,6.4250655,32168.395,727.2004
51.557205,6.4285474,32180.799,728.6308
51.555744,6.429515,32156.486,728.39136
51.55416,6.432477,32562.768,729.7231
51.552883,6.433759,32210.234,730.6498
51.55136,6.4376225,32297.908,731.9911
51.549274,6.439063,32367.498,732.65533
51.547775,6.442129,32374.275,733.13635
51.54657,6.443768,32354.746,734.7418
51.54471,6.44574,32639.896,735.08575
51.54353,6.4481277,32324.61,736.10364
51.541714,6.449653,32713.049,735.7994
51.540558,6.4541473,32543.31,735.34174
51.538887,6.454616,32614.438,734.27094
51.537033,6.4562054,32645.408,735.9086
51.53503,6.459241,32645.008,736.9798
51.534256,6.4603977,32883.992,736.72125
51.53216,6.463191,32686.53,737.7189
51.531036,6.46523,32762.414,739.6014
51.529037,6.465777,32798.066,739.5773
51.52638,6.467935,32871.473,741.6485
51.52611,6.4724264,32871.31,741.9978
51.524414,6.474511,32847.527,742.279
51.5226,6.4770637,33177.727,744.81006
51.520275,6.478542,32820.188,744.5556
51.520008,6.481091,33054.324,745.66144
51.51796,6.4830503,33078.324,746.61865
51.515213,6.4843717,32983.535,748.13934
51.514378,6.4860315,33053.832,747.8379
51.512836,6.4874024,33106.344,748.92346
51.511223,6.4911695,33082.574,750.503
51.50953,6.491991,33281.77,750.7806
51.50831,6.4949923,33200.777,752.11615
51.506443,6.496359,33195.8,753.203
51.504303,6.4986753,33506.227,752.7119
51.502853,6.5014386,33257.633,754.6753
51.502384,6.503263,33337.043,755.9144
51.499836,6.5053015,33383.824,756.45435
51.49799,6.506065,33386.582,757.8376
51.496357,6.5103183,33426.703,756.9854
51.495647,6.5107803,33471.754,759.5166
51.49209,6.5118504,33499.375,760.61365
51.49088,6.5131187,33554.92,760.74744
51.489956,6.520259,33546.477,762.7609
51.488434,6.5202284,33588.355,762.6795
51.48731,6.519331,33614.164,763.49445
51.483932,6.5223193,33586.016,764.88293
51.483295,6.526911,33823.625,764.5901
51.48285,6.5259576,33648.53,766.5649
51.480335,6.5285783,33713.01,766.81757
51.477917,6.5288777,33768.06,767.8629
51.477226,6.532743,33793.902,768.6718
51.47438,6.533675,33779.535,769.50995
51.473083,6.5352473,33869.855,771.54785
51.471607,6.5374846,33934.527,770.51355
51.46926,6.541519,33896.07,775.20154
51.466618,6.5452256,33920.848,772.59515
51.4675,6.544168,34045.684,774.43
51.46584,6.547747,33843.45,775.1073
51.46403,6.5473685,34211.332,775.4226
51.462395,6.5493383,33967.13,777.53577
51.45976,6.5536923,34055.28,777.7782
51.458393,6.555368,34095.91,779.0098
51.45714,6.557244,34141.277,779.84467
51.45579,6.558886,34176.367,780.993
51.454147,6.561105,34181.633,781.13025
51.451996,6.5626817,34218.45,782.51227
51.449757,6.5659018,34279.426,784.1402
51.44822,6.5672545,34319.082,784.1055
51.44678,6.568626,34312.535,784.9711
51.446033,6.57037,34390.605,786.56793
51.44351,6.5719113,34388.113,786.68286
51.44289,6.573137,34382.625,787.66205
51.44006,6.5748816,34445.324,788.93115
51.438335,6.576798,34474.453,789.7645
51.4368,6.580966,34501.797,791.06915
51.435555,6.581865,34575.723,791.0959
51.433468,6.583282,34562.01,793.36316
51.430904,6.583608,34604.637,792.7243
51.429314,6.5881352,34575.867,794.2253
51.429348,6.588212,34653.246,794.46216
51.427082,6.591757,34720.184,796.6856
51.424545,6.5927672,34739.016,796.44763
51.42465,6.595055,34819.36,797.71826
51.422443,6.596758,34753.59,799.1855
51.420753,6.5988283,34758.633,799.5741
51.41878,6.6031075,34854.65,800.41205
51.417664,6.601376,34892.21,801.5676
51.41525,6.604708,34903.953,802.6348
51.413605,6.605906,34908.688,802.6735
51.413033,6.611092,34922.996,804.48773
51.409115,6.6101394,34930.824,805.1978
51.40857,6.6136847,35003.453,804.8689
51.407013,6.612638,34996.707,807.41235
51.406197,6.615307,34991.05,807.737
51.403797,6.620519,35134.027,807.7914
51.402473,6.6197505,35068.65,809.1398
51.40085,6.6221037,35109.63,810.82025
51.398357,6.6224985,35214.14,811.2876
51.396973,6.625736,35142.113,812.40063
51.395374,6.626823,35144.582,812.9495
51.393612,6.62957,35173.35,813.7507
51.391888,6.630905,35274.926,814.5514
51.39014,6.6320086,35199.516,815.5314
51.38905,6.63518,35314.426,816.55975
51.38764,6.6371675,35348.62,817.3915
51.38551,6.637585,35263.355,818.1919
51.383785,6.6404223,35329.42,819.02435
51.381485,6.6428366,35319.363,819.7501
51.37955,6.644502,35327.21,821.0129
51.378105,6.647237,35450.44,821.37964
51.37718,6.646363,35426.566,823.1926
51.37486,6.6496735,35452.48,823.73785
51.37227,6.653098,35450.094,824.5537
51.372482,6.655049,35529.555,825.36835
51.369312,6.6568604,35515.426,826.59296
51.368885,6.659516,35542.418,827.4799
51.366524,6.6577096,35532.305,828.50616
51.36561,6.6607914,35564.07,829.27075
51.36297,6.662744,35586.406,830.0766
51.361855,6.6651764,35631.926,831.124
51.3601,6.6672754,35644.36,831.6771
51.358246,6.6698084,35669.18,832.4523
51.357346,6.6707296,35702.96,833.61847
51.354855,6.6718516,35702.273,833.7055
51.354378,6.6735816,35717.9,835.50775
51.3517,6.6756,35809.69,836.178
51.349648,6.6771812,35742.875,837.257
51.348995,6.679462,35820.902,837.7381
51.34695,6.6813235,35802.37,838.6826
51.34492,6.6831975,35841.297,839.632
51.344036,6.682333,35890.72,840.6745
51.341965,6.682961,35886.73,842.05615
51.339943,6.6888766,35942.73,842.38446
51.338528,6.6923003,35947.57,844.1118
51.33783,6.692053,35980.832,844.21545
51.335373,6.691768,35968.84,845.2794
51.333096,6.6952667,35943.176,846.2431
51.332012,6.6988025,35993.19,847.23627
51.33003,6.6997843,36022.605,848.0485
51.327915,6.697426,35999.68,848.6929
51.32715,6.705902,36133.25,849.33777
51.32572,6.7060256,36011.492,850.80914
51.324818,6.7080126,36085.14,852.0021
51.32097,6.7071137,36129.53,852.9051
51.31946,6.711724,36130.13,853.79956
51.318623,6.712657,36154.67,854.9941
51.316414,6.713331,36156.992,855.20575
51.315865,6.71586,36146.152,856.8655
51.313,6.7174377,36167.19,857.5425
51.31251,6.7191944,36223.375,858.1684
51.310425,6.7209125,36261.816,859.09515
51.307842,6.7211785,36294.69,859.86505
51.306427,6.723533,36286.01,860.60974
51.305717,6.727144,36282.96,861.85394
51.304092,6.728686,36309.867,863.15234
51.301453,6.7311735,36326.703,863.48444
51.300686,6.7333174,36343.574,864.84515
51.298115,6.732678,36390.688,865.4957
51.29608,6.735607,36430.547,866.7787
51.29578,6.737434,36388.54,867.02875
51.29314,6.738807,36408.402,867.9237
51.291615,6.74219,36417.0,869.3196
51.290707,6.7424397,36425.863,869.31354
51.288204,6.745854,36498.92,870.55066
51.287437,6.747027,36476.36,872.1222
51.28524,6.7488756,36492.984,872.4399
51.282593,6.750856,36532.68,873.6508
51.281815,6.753088,36520.87,874.37274
51.280785,6.7546854,36535.766,875.71277
51.277725,6.7552214,36518.98,876.28217
51.276676,6.758223,36557.844,877.0638
51.276142,6.7596703,36538.62,878.0541
51.27307,6.759994,36584.805,879.0618
51.272446,6.765989,36593.035,879.81696
51.270752,6.766569,36588.69,880.1007
51.26847,6.76721,36594.57,881.66754
51.267906,6.7680464,36640.43,882.9191
51.264862,6.7697773,36640.38,883.05475
51.26348,6.7727737,36668.688,884.858
51.261723,6.776233,36681.633,885.683
51.260643,6.777512,36675.492,886.1336
51.25845,6.7765465,36693.766,887.6221
51.256844,6.778477,36663.223,887.9156
51.256226,6.7801647,36693.82,888.2681
51.253483,6.7830243,36719.543,890.3893
51.25168,6.784716,36746.62,890.854
51.249928,6.785141,36743.055,891.6652
51.248432,6.787564,36759.24,893.0838
51.24717,6.7921014,36836.77,892.8893
51.24556,6.79297,36753.098,894.56323
51.244064,6.7935343,36788.977,895.32275
51.241985,6.7942543,36814.02,896.46155
51.239594,6.797258,36820.074,896.87146
51.238926,6.8004956,36819.293,897.86707
51.23735,6.8009977,36850.547,898.9651
51.235447,6.8012114,36844.688,899.81915
51.234283,6.8034515,36868.594,901.04987
51.23194,6.8044662,36835.652,901.39496
51.230648,6.8065968,36863.777,902.62726
51.228127,6.809812,36888.355,903.54926
51.227688,6.8124375,36915.18,904.27423
51.224907,6.8133845,36931.355,905.4311
51.22345,6.8162355,36937.992,905.8104
51.222404,6.8153753,36922.65,906.6547
51.21994,6.817412,36912.91,908.6902
51.218937,6.8218803,36952.375,908.18616
51.21741,6.823274,36940.926,909.41724
51.216106,6.8225307,36979.375,912.15204
51.21274,6.8269143,36899.6,911.5379
51.212616,6.8276367,36938.79,912.19446
51.211704,6.829605,36908.008,913.7804
51.20759,6.8302584,36980.69,913.93536
51.208176,6.832366,37000.637,915.5472
51.205994,6.8347893,37001.996,916.106
51.2033,6.8376155,36983.746,917.7615
51.202198,6.839576,36981.67,917.6397
51.20103,6.8394065,37014.363,918.8847
51.198776,6.8430357,37053.293,920.19635
51.197163,6.8427434,37051.094,920.8343
51.19566,6.8471756,37022.99,921.5259
51.19337,6.8466625,37037.223,922.9773
51.192345,6.8485665,37053.617,923.91895
51.189327,6.8516154,37071.375,923.8924
51.188984,6.8520713,37046.133,925.33405
51.18676,6.8559494,37041.516,926.29376
51.18593,6.8552284,37074.9,927.04016
51.184486,6.857417,37050.02,928.2025
51.18191,6.8590083,37084.938,929.0402
51.180473,6.8630605,37095.484,929.6486
51.178684,6.8643513,37081.848,930.85504
51.176292,6.863962,37109.895,931.7501
51.176315,6.8658323,37120.035,932.70496
51.173336,6.8685145,37126.867,933.4439
51.17229,6.8705945,37145.895,934.3942
51.171158,6.872596,37143.81,935.0575
51.169704,6.872108,37161.9,935.707
51.166595,6.873688,37120.105,938.01117
51.165405,6.8783526,37097.78,937.6783
51.16488,6.8801603,37109.49,938.7123
51.161797,6.881803,37092.14,939.9599
51.161205,6.883336,37099.367,940.6213
51.159653,6.8869114,37173.516,942.01575
51.157448,6.887243,37098.383,942.6495
51.15659,6.8897614,37136.16,942.9173
51.154102,6.892275,37144.28,944.4769
51.152443,6.894335,37167.94,944.8675
51.151237,6.89637,37165.098,945.8532
51.14977,6.896618,37145.65,946.6982
51.147354,6.899783,37135.297,948.0684
51.145958,6.8989606,37131.85,949.14355
51.144955,6.9022837,37115.887,949.84033
51.14273,6.9061494,37145.89,950.47076
51.141373,6.9056263,37137.574,951.56537
51.13981,6.9069424,37154.594,952.6229
51.13799,6.9088774,37127.453,953.6863
51.135296,6.911499,37151.18,953.8024
51.134514,6.9127817,37162.605,955.2528
51.13271,6.9139266,37151.297,956.08167
51.12938,6.914323,37176.72,956.95966
51.128536,6.921011,37153.043,958.67615
51.128822,6.9221506,37248.062,957.7898
51.125484,6.9206495,37176.81,960.6518
51.12335,6.921509,37193.266,960.32477
51.122185,6.925155,37192.062,961.2046
51.1221,6.9264035,37198.266,962.4231
51.11951,6.928111,37203.12,963.3792
51.11729,6.928888,37204.984,963.9115
51.116318,6.932201,37191.36,965.02875
51.11439,6.933579,37165.145,965.9379
51.1125,6.933397,37201.53,966.7185
51.110573,6.934691,37212.477,967.57574
51.10926,6.937584,37247.2,969.5778
51.10712,6.9407425,37228.137,969.9104
51.10595,6.941367,37210.0,969.9063
51.105125,6.94505,37193.78,972.02686
51.101673,6.9448414,37174.6,972.2703
51.100784,6.9464836,37194.38,973.33307
51.099243,6.948401,37186.742,973.8083
51.097626,6.9493866,37196.535,975.08844
51.096024,6.950122,37236.594,976.36053
51.094162,6.953466,37301.3,976.51764
51.09217,6.9559298,37217.508,978.2028
51.090786,6.956783,37215.41,978.761
51.08918,6.958495,37220.668,979.95197
51.08746,6.9592805,37212.176,980.5397
51.08628,6.9617047,37202.066,981.67413
51.083424,6.9635873,37211.773,982.5347
51.082596,6.965286,37264.64,983.0033
51.080463,6.967144,37187.543,984.2715
51.07823,6.968881,37205.535,985.4222
51.077316,6.9695725,37231.492,985.93054
51.07531,6.9716196,37211.62,987.13275
51.07414,6.9739957,37242.836,987.6936
51.071995,6.975125,37245.613,988.74084
51.070408,6.975572,37245.137,989.86786
51.068886,6.978953,37211.742,990.4688
51.0675,6.9806323,37213.113,991.59406
51.065926,6.9818087,37264.855,992.34875
51.06402,6.98173,37242.184,993.0691
51.062675,6.985073,37255.016,994.49396
51.06046,6.9885955,37257.13,995.25836
51.059,6.987392,37251.332,995.5845
51.056915,6.989944,37262.348,996.73694
51.055042,6.991742,37261.684,997.5532
51.05333,6.993642,37248.555,998.77985
51.052532,6.994456,37236.977,999.9387
51.05006,6.996306,37232.895,1000.4361
51.04825,6.998341,37260.074,1002.14294
51.046906,7.001063,37250.523,1002.6261
51.04479,7.0003242,37277.56,1003.3858
51.043777,7.002232,37281.27,1003.81805
51.041824,7.0039196,37262.008,1005.135
51.039757,7.006375,37239.473,1005.81305
51.038876,7.0083838,37237.47,1007.1282
51.036877,7.009079,37284.402,1007.64984
51.03511,7.0122952,37260.02,1008.9829
51.033676,7.014619,37298.312,1009.5211
51.032104,7.014576,37264.004,1010.5153
51.030552,7.015009,37247.87,1011.41583
51.02863,7.019848,37254.63,1012.45416
51.027237,7.021774,37268.375,1013.1884
51.026424,7.0209265,37305.207,1014.16394
51.022655,7.0222797,37286.098,1015.06683
51.02139,7.026392,37293.145,1016.0324
51.0203,7.026933,37284.76,1016.9746
51.018612,7.0291767,37307.7,1017.90784
51.015934,7.0296946,37334.043,1018.9051
51.014355,7.0329094,37314.547,1019.3693
51.012688,7.033603,37292.434,1020.9189
51.012234,7.0352306,37320.516,1021.5265
51.009766,7.036217,37308.48,1022.5313
51.0092,7.0379534,37324.316,1023.0179
51.00728,7.0381184,37296.188,1024.2845
51.00548,7.0412097,37307.44,1025.069
51.0026,7.0420837,37310.176,1026.3127
51.000813,7.042753,37325.023,1026.9205
51.000507,7.043539,37338.414,1027.5984
50.996555,7.046554,37316.184,1028.8573
50.99734,7.050006,37317.766,1029.6643
50.996277,7.049061,37320.035,1029.8273
50.992718,7.050182,37321.24,1031.4008
50.99225,7.052887,37352.17,1032.8193
50.98973,7.0557537,37314.1,1033.2853
50.988335,7.058465,37334.87,1033.8673
50.985744,7.058115,37367.875,1035.189
50.983482,7.060285,37368.277,1035.7246
50.983147,7.06277,37359.39,1036.6598
50.98042,7.062426,37365.426,1037.81
50.978687,7.0657163,37372.77,1038.9595
50.977867,7.0685925,37377.445,1039.9504
50.976578,7.0694885,37400.297,1040.6769
50.97458,7.0702953,37365.555,1040.9761
50.973137,7.070801,37366.43,1042.2744
50.970394,7.073191,37409.41,1043.228
50.969143,7.075002,37399.203,1044.4452
50.9671,7.0759006,37395.527,1045.2186
50.965622,7.078454,37355.723,1046.1816
50.963734,7.0789266,37355.46,1046.7083
50.962547,7.081193,37351.676,1047.5214
50.96043,7.0819325,37389.402,1049.0741
50.95744,7.084272,37395.67,1049.4336
50.956284,7.084531,37401.77,1050.3934
50.95489,7.0894933,37379.12,1051.0427
50.953888,7.087968,37359.125,1052.467
50.951748,7.091712,37424.496,1053.1649
50.949966,7.092292,37361.996,1053.779
50.94819,7.0922923,37413.33,1054.8727
50.9452,7.0946946,37416.43,1056.0944
50.94462,7.095936,37440.043,1056.5676
50.942253,7.0976133,37440.637,1057.9652
50.941044,7.099313,37407.53,1058.5867
50.939026,7.1007414,37399.168,1059.6271
50.937527,7.102698,37448.19,1060.5823
50.936512,7.103696,37491.5,1061.2347
50.933685,7.1040235,37450.996,1062.0845
50.932083,7.10632,37455.03,1063.4669
50.930458,7.109569,37431.645,1064.1431
50.92947,7.109131,37453.953,1064.7693
50.927258,7.1116753,37436.07,1065.4851
50.924866,7.1124573,37460.535,1066.9951
50.924152,7.112559,37447.742,1068.2036
50.92081,7.1171055,37487.703,1068.0548
50.919704,7.118795,37486.35,1070.1349
50.918137,7.118645,37505.84,1069.8826
50.917076,7.1177382,37487.348,1072.4447
50.912514,7.1221786,37505.656,1072.0537
50.913673,7.124519,37473.2,1073.5349
50.912758,7.12535,37480.312,1073.9348
50.909267,7.1211324,37483.355,1073.9508
50.907906,7.125759,37475.496,1077.133
50.905594,7.1294703,37471.652,1075.3309
50.904987,7.1301622,37483.637,1078.0607
50.90259,7.130933,37507.5,1078.8231
50.899082,7.1336365,37506.22,1079.0063
50.898655,7.1351166,37513.77,1080.365
50.897,7.135815,37510.035,1081.4165
50.895756,7.1364217,37542.03,1081.9033
50.893284,7.1388907,37530.92,1083.4397
50.89246,7.1418676,37542.332,1083.5942
50.890488,7.1429443,37559.508,1085.3269
50.888138,7.143301,37514.492,1085.7839
50.8869,7.1457014,37495.125,1086.916
50.88338,7.146149,37508.62,1087.8666
50.88198,7.147753,37522.836,1089.0663
50.88013,7.150989,37524.637,1089.7513
50.878857,7.1513224,37527.89,1090.1096
50.876663,7.151533,37543.12,1091.7017
50.874474,7.1528153,37531.93,1092.2997
50.873547,7.155798,37550.598,1092.9121
50.872475,7.1556463,37566.094,1093.9067
50.869713,7.157229,37559.047,1094.975
50.867996,7.1577616,37528.477,1095.6483
50.86735,7.1610293,37545.977,1096.935
50.865856,7.160706,37553.46,1097.5862
50.86267,7.1635833,37576.277,1098.684
50.861397,7.1653824,37577.523,1099.2391
50.85931,7.165925,37579.004,1100.4374
50.857227,7.1660457,37588.89,1101.2732
50.856148,7.167674,37581.6,1101.8812
50.854313,7.169197,37585.617,1102.983
50.852337,7.1690426,37577.305,1103.7404
50.85091,7.172867,37570.52,1104.9404
50.848064,7.173253,37533.066,1105.9282
50.84659,7.174022,37530.61,1106.5375
50.844944,7.1753244,37550.83,1107.5708
50.842335,7.1788692,37545.977,1108.2081
50.841015,7.179425,37563.9,1109.4856
50.839146,7.1798625,37579.11,1110.2488
50.837376,7.1810412,37580.676,1111.1296
50.83548,7.1817613,37584.59,1111.9966
50.833942,7.182506,37586.484,1112.9225
50.832596,7.1835127,37588.465,1114.0953
50.830135,7.1860156,37591.062,1114.717
50.828663,7.186817,37570.055,1115.6747
50.82694,7.1886635,37558.324,1116.2217
50.82442,7.189462,37576.91,1117.8306
50.82302,7.1910806,37614.855,1118.7538
50.821133,7.193506,37630.605,1119.107
50.818436,7.1936426,37616.41,1120.4474
50.816925,7.1947665,37619.805,1121.2076
50.815777,7.195742,37609.008,1122.1104
50.813477,7.195335,37621.816,1123.019
50.811703,7.198345,37641.383,1123.9928
50.810184,7.199025,37634.887,1124.5673
50.807888,7.1993017,37609.72,1125.3569
50.806812,7.19962,37629.22,1126.8516
50.806103,7.2037373,37629.055,1126.9707
50.803352,7.2039776,37625.05,1129.1691
50.8006,7.2068434,37647.902,1128.6758
50.800392,7.207374,37644.73,1130.5228
50.79804,7.2065177,37647.703,1130.833
50.794758,7.2083573,37641.676,1131.9738
50.793728,7.211901,37626.55,1133.5748
50.79156,7.213544,37649.867,1133.8127
50.79001,7.2137246,37660.902,1135.0054
50.788445,7.2152348,37636.8,1135.4722
50.78574,7.2150607,37651.42,1136.4608
50.78431,7.2165365,37656.883,1137.3787
50.78268,7.217488,37653.766,1138.2871
50.780724,7.220515,37661.418,1139.3468
50.778927,7.219474,37658.305,1140.0094
50.77681,7.2202244,37662.28,1140.6887
50.775204,7.221087,37678.855,1142.2876
50.77359,7.2231164,37691.293,1142.8861
50.770985,7.2243614,37687.645,1143.6901
50.7704,7.225886,37677.668,1144.424
50.76816,7.227336,37691.496,1146.0378
50.765774,7.227182,37688.38,1146.4266
50.76381,7.2303486,37681.715,1147.1475
50.76223,7.2299066,37657.035,1148.429
50.7597,7.2321916,37648.05,1149.2465
50.757256,7.231305,37672.457,1150.0117
50.75707,7.2322526,37680.523,1151.4225
50.753925,7.235249,37667.273,1152.0182
50.75132,7.2359715,37652.06,1153.0188
50.752625,7.2386355,37667.074,1153.9508
50.748745,7.236298,37710.81,1154.528
50.74712,7.238997,37698.96,1155.6578
50.745346,7.239086,37710.5,1156.5253
50.742672,7.23983,37737.89,1157.426
50.741184,7.2424984,37736.477,1158.7299
50.739075,7.244608,37741.207,1159.5117
50.73711,7.2447224,37743.867,1160.0542
50.73595,7.245653,37749.957,1161.0133
50.73283,7.246443,37723.98,1161.9524
50.731403,7.2463675,37698.496,1162.6332
50.730247,7.249512,37706.73,1163.8137
50.72829,7.2512245,37711.535,1164.6685
50.725937,7.2511473,37724.496,1165.2668
50.72418,7.251743,37721.164,1166.5392
50.72235,7.2532654,37702.18,1167.2731
50.719765,7.2529774,37692.273,1168.5625
50.718765,7.256095,37701.633,1169.1713
50.71691,7.2547765,37721.758,1169.8514
50.7137,7.257634,37718.29,1171.0857
50.71126,7.2580514,37769.246,1172.1044
50.7115,7.2596107,37713.297,1173.2892
50.70767,7.2581143,37760.99,1173.6967
50.70614,7.260172,37756.38,1175.0623
50.707138,7.263275,37764.703,1175.7917
50.703014,7.261382,37746.11,1176.076
50.70135,7.263217,37709.02,1177.7537
50.6989,7.264193,37733.766,1178.2611
50.698227,7.265826,37717.473,1179.1282
50.69535,7.2668695,37747.684,1179.7081
50.69383,7.268758,37718.688,1180.9868
50.69094,7.266386,37737.707,1182.1201
50.68991,7.2678404,37728.03,1182.6812
50.68612,7.270532,37733.535,1184.3965
50.684994,7.276588,37799.42,1184.8086
50.682873,7.274742,37758.812,1185.7603
50.680862,7.269671,37796.664,1185.8372
50.678463,7.274304,37762.81,1187.8274
50.678303,7.2763243,37788.29,1188.1405
50.677013,7.2767515,37773.44,1189.2976
50.67428,7.27653,37750.477,1189.885
50.672096,7.278511,37790.957,1191.4121
50.67019,7.282819,37800.316,1191.9796
50.668156,7.2804217,37797.62,1192.8687
50.665447,7.278089,37798.082,1193.3932
50.662407,7.2819705,37773.082,1194.3652
50.662838,7.2843294,37766.926,1195.1809
50.66238,7.283533,37816.332,1196.2861
50.656788,7.2822514,37784.418,1197.2985
50.6553,7.285079,37799.273,1198.3264
50.65561,7.286673,37741.78,1199.4156
50.652542,7.2874427,37725.64,1199.6509
50.65043,7.2887807,37764.008,1201.4373
50.648674,7.289923,37816.086,1201.5505
50.64709,7.2899084,37818.293,1202.8654
50.64521,7.290368,37811.51,1203.3799
50.643284,7.292377,37780.297,1204.5884
50.64105,7.2908335,37773.35,1205.3522
50.639473,7.2932777,37801.605,1206.5673
50.638012,7.293152,37808.81,1207.2185
50.63529,7.294085,37849.023,1208.1354
50.63445,7.2954307,37784.41,1208.9021
50.631046,7.2968235,37827.746,1209.4801
50.630463,7.297275,37840.156,1211.1984
50.62664,7.298723,37839.395,1211.8981
50.625107,7.297143,37847.516,1212.2361
50.624588,7.2969856,37822.93,1213.5582
50.62207,7.2999754,37817.297,1214.4707
50.61972,7.3050547,37816.312,1215.0117
50.61831,7.30269,37832.434,1216.4459
50.615505,7.301478,37813.586,1217.6565
50.61292,7.30241,37789.984,1217.8289
50.61284,7.304689,37786.086,1218.8969
50.60997,7.3058743,37771.484,1219.9689
50.606907,7.3049593,37799.734,1220.7462
50.606434,7.305506,37794.008,1221.9077
50.604004,7.306033,37791.098,1222.4958
50.60279,7.307835,37798.242,1223.9244
50.59853,7.308352,37811.363,1224.6461
50.5981,7.309468,37800.395,1225.2335
50.596306,7.31083,37799.234,1226.4106
50.592995,7.3097477,37790.63,1226.8328
50.59162,7.311821,37816.06,1228.234
50.59009,7.3126087,37823.395,1228.8956
50.587723,7.3160686,37797.902,1229.9811
50.586685,7.315796,37782.668,1230.3877
50.583878,7.315276,37781.527,1231.813
50.584084,7.3159113,37799.043,1232.7626
50.580536,7.316892,37788.984,1233.5309
50.57806,7.3188305,37786.07,1234.4204
50.577873,7.3203793,37805.758,1235.685
50.573063,7.3200803,37776.65,1236.113
50.57218,7.3201,37782.45,1237.4072
50.56984,7.3219395,37799.08,1237.9277
50.56894,7.320346,37823.727,1239.512
50.563904,7.3232527,37801.926,1239.6726
50.56515,7.3261437,37814.965,1240.654
50.563705,7.325915,37808.797,1241.3835
50.55965,7.323001,37804.188,1242.5487
50.55927,7.3263006,37789.984,1242.9033
50.555916,7.327237,37793.746,1244.7704
50.55358,7.3269277,37812.2,1245.3652
50.55364,7.328634,37818.977,1245.9828
50.55,7.3284726,37813.5,1247.1024
50.549038,7.330766,37802.86,1248.6932
50.54733,7.3303723,37798.555,1248.7295
50.548115,7.3256145,37800.72,1249.3491
50.542206,7.3306627,37789.9,1250.5664
50.54128,7.3346667,37774.906,1250.9213
50.540413,7.3332667,37795.695,1252.6295
50.537388,7.333884,37780.984,1253.5276
50.533207,7.333494,37795.387,1254.0701
50.533516,7.335076,37773.234,1255.6143
50.531498,7.3374557,37739.918,1256.1849
50.529156,7.336537,37732.68,1256.637
50.52727,7.3376656,37753.582,1258.4614
50.52601,7.3401113,37778.344,1258.7444
50.52447,7.3416977,37736.223,1259.6383
50.520306,7.3409824,37740.88,1260.3503
50.52171,7.3406134,37756.895,1261.5134
50.517063,7.339361,37801.84,1262.9019
50.514225,7.341889,37803.266,1263.0872
50.513214,7.3452854,37800.63,1264.2477
50.51298,7.3451867,37762.938,1265.4471
50.50665,7.3445554,37780.04,1266.5635
50.506855,7.345791,37737.33,1267.1455
50.505028,7.3413987,37736.766,1268.0388
50.501587,7.347859,37742.293,1269.0996
50.501835,7.346673,37783.4,1269.1963
50.50077,7.347921,37775.7,1270.7245
50.497208,7.350756,37773.27,1271.6808
50.496777,7.350418,37763.68,1272.2081
50.491894,7.350151,37759.96,1273.3582
50.487923,7.3507566,37746.348,1274.4629
50.487995,7.351094,37730.844,1275.1508
50.487827,7.353815,37762.38,1276.149
50.48523,7.3547974,37761.5,1277.5206
50.48357,7.355097,37786.836,1277.9032
50.482113,7.353915,37747.367,1278.9056
50.47938,7.3548355,37740.047,1279.2365
50.477497,7.3556495,37720.17,1280.3699
50.47403,7.355981,37772.906,1281.3849
50.473804,7.356551,37758.152,1283.0812
50.47137,7.3580832,37771.42,1283.4341
50.468384,7.35964,37760.344,1284.3007
50.46844,7.361436,37733.305,1285.164
50.46547,7.3576117,37743.12,1285.8687
50.462418,7.359208,37722.723,1287.6864
50.46032,7.3631535,37708.938,1287.9489
50.460426,7.365002,37711.168,1288.6367
50.457985,7.3634043,37721.992,1290.0146
50.45453,7.3647594,37695.797,1290.7393
50.454002,7.36538,37707.336,1291.6095
50.452576,7.3669024,37753.297,1292.444
50.44899,7.36827,37744.71,1292.8901
50.44837,7.3685303,37750.754,1294.6301
50.445076,7.36925,37745.27,1295.2351
50.44415,7.370199,37734.145,1296.136
50.441498,7.3693795,37748.95,1296.773
50.43975,7.3733015,37729.51,1297.9114
50.437206,7.372339,37710.523,1298.8177
50.435837,7.3723083,37677.43,1299.5902
50.434505,7.3736362,37693.32,1301.1185
50.432007,7.375714,37710.508,1300.8755
50.430443,7.375421,37700.633,1303.0272
50.425915,7.3757167,37724.74,1303.7217
50.4275,7.3766847,37730.875,1304.1324
50.424274,7.377956,37754.156,1305.3516
50.421707,7.3786516,37740.156,1306.1333
50.420376,7.378097,37735.152,1306.8673
50.417988,7.3795023,37735.02,1307.9583
50.415188,7.379482,37752.023,1308.6348
50.414795,7.3812103,37715.395,1310.1355
50.411278,7.382338,37729.07,1310.7996
50.409523,7.3835807,37733.125,1311.1223
50.408752,7.3831882,37742.098,1312.5156
50.407066,7.3843927,37745.973,1313.4319
50.40366,7.384504,37726.58,1314.3135
50.40183,7.386432,37709.535,1315.2491
50.398903,7.3880596,37714.19,1316.0591
50.396885,7.387929,37722.164,1317.0352
50.396034,7.3874273,37760.145,1318.0433
50.39484,7.387381,37762.32,1319.4635
50.39218,7.389585,37735.85,1319.7933
50.388416,7.3905883,37725.63,1320.482
50.389153,7.3923554,37748.793,1321.8116
50.385395,7.392733,37730.64,1322.0675
50.38406,7.3936825,37722.38,1323.6998
50.38406,7.392663,37727.02,1324.2977
50.38252,7.3945565,37666.87,1325.1631
50.37862,7.396966,37694.2,1325.9615
50.376034,7.3985357,37722.35,1327.0178
50.37636,7.39647,37730.86,1328.0734
50.368378,7.3950267,37735.67,1328.9508
50.37005,7.401414,37721.297,1330.2152
50.36795,7.4034452,37782.29,1330.4299
50.366314,7.397334,37765.574,1331.8573
50.364037,7.397644,37801.613,1332.1832
50.359802,7.403282,37751.305,1333.6779
50.36068,7.404932,37726.508,1334.3524
50.359726,7.4021664,37758.434,1334.8923
50.35638,7.402394,37731.977,1335.8403
50.35419,7.4044905,37750.5,1337.117
50.350883,7.4052835,37738.4,1337.928
50.35069,7.4080176,37727.895,1338.5262
50.348454,7.409767,37727.195,1339.8668
50.346867,7.408414,37717.04,1341.0487
50.344055,7.4066625,37728.83,1341.6548
50.342686,7.410313,37714.164,1342.5613
50.33971,7.4105754,37706.49,1343.5818
50.33867,7.41323,37713.395,1344.0956
50.338448,7.410165,37649.637,1345.2861
50.334194,7.4126835,37673.11,1346.2003
50.33251,7.4154043,37677.18,1346.7792
50.331535,7.4136086,37716.32,1348.0795
50.327267,7.4165373,37736.55,1349.3926
50.32577,7.41766,37702.53,1350.1888
50.324833,7.417877,37706.04,1350.7705
50.322777,7.4171944,37717.812,1351.4963
50.319565,7.41717,37731.92,1352.4822
50.31854,7.420162,37733.176,1353.872
50.316288,7.420945,37727.76,1354.4064
50.315002,7.422262,37748.727,1354.9347
50.312923,7.4210687,37768.656,1356.1793
50.31014,7.4229836,37727.51,1357.1627
50.308064,7.4236135,37707.797,1358.0192
50.306526,7.422332,37714.266,1359.0328
50.305767,7.424361,37700.996,1359.9075
50.303204,7.426168,37693.785,1360.3882
50.299812,7.427966,37709.766,1361.6443
50.298626,7.4264116,37745.305,1362.6786
50.297108,7.429188,37744.58,1363.6681
50.29444,7.4304852,37734.176,1364.5702
50.2933,7.430108,37728.63,1365.3553
50.290966,7.432927,37729.152,1365.9987
50.289494,7.432418,37744.48,1367.2374
50.28738,7.4341903,37742.12,1368.2378
50.28462,7.4334364,37738.355,1368.8867
50.283165,7.4350076,37748.027,1370.1213
50.280903,7.4366837,37747.72,1370.5043
50.280502,7.4359946,37754.523,1371.7495
50.275875,7.4364448,37747.203,1372.6097
50.274307,7.437475,37756.117,1373.8743
50.27253,7.4393654,37734.37,1374.6396
50.27109,7.4402785,37738.555,1375.0945
50.270096,7.4403944,37741.25,1376.2323
50.266804,7.442824,37737.76,1376.8152
50.265446,7.442471,37743.387,1378.2406
50.264606,7.443861,37767.562,1379.0536
50.260708,7.4448724,37748.113,1379.8845
50.259243,7.445116,37756.78,1381.1057
50.257362,7.446952,37752.504,1381.8047
50.25364,7.445694,37748.574,1382.578
50.25316,7.448434,37784.188,1384.0991
50.250217,7.44838,37764.41,1384.5945
50.2501,7.4476123,37729.37,1385.3888
50.24614,7.450884,37705.207,1386.4615
50.246902,7.452186,37688.504,1387.5059
50.244183,7.4512935,37706.56,1387.6094
50.241154,7.451576,37738.6,1388.8435
50.2399,7.4534535,37752.453,1390.292
50.23723,7.4554,37754.324,1390.5535
50.23596,7.4555,37789.85,1391.9673
50.235,7.455849,37790.19,1392.6105
50.23124,7.4564996,37789.387,1393.8534
50.228035,7.456908,37806.004,1394.5499
50.226818,7.45764,37795.01,1395.6421
50.22571,7.4620414,37775.375,1396.4666
50.22573,7.4614506,37746.277,1397.1418
50.22148,7.459608,37735.566,1398.3136
50.220543,7.4615426,37719.117,1399.2308
50.216625,7.46273,37757.777,1399.7994
50.216194,7.46459,37751.777,1400.9365
50.213764,7.4640164,37767.79,1401.8247
50.213554,7.4653125,37757.59,1402.6493
50.2096,7.468626,37770.574,1403.7953
50.20755,7.4689703,37772.15,1404.4353
50.205177,7.467795,37758.812,1405.6747
50.20331,7.468636,37739.676,1406.3624
50.202324,7.469319,37743.867,1407.2264
50.20008,7.4707828,37753.59,1408.1832
50.1968,7.4708486,37754.41,1408.9706
50.196083,7.4704156,37752.008,1409.9559
50.193718,7.4711676,37745.926,1411.2526
50.191463,7.473968,37770.32,1411.4692
50.190643,7.476376,37773.742,1412.5248
50.188812,7.475507,37793.59,1413.6288
50.186447,7.4764667,37783.703,1414.6355
50.184258,7.4762993,37806.2,1415.5417
50.182957,7.478295,37795.324,1416.2926
50.180447,7.478676,37788.703,1417.2811
50.178753,7.480536,37775.92,1418.1586
50.176105,7.4813237,37798.297,1418.875
50.174877,7.4821024,37798.117,1420.0554
50.17217,7.482836,37800.62,1420.8805
50.171043,7.482692,37816.47,1421.6598
50.169033,7.4844236,37820.355,1422.8098
50.166546,7.4855185,37829.23,1423.3837
50.164318,7.4860277,37836.926,1424.6643
50.16226,7.4871364,37826.723,1425.5829
50.16205,7.4869094,37829.887,1426.2144
50.159065,7.487904,37826.625,1427.2202
50.15586,7.4880333,37804.65,1428.1482
50.154034,7.4880133,37811.465,1429.1011
50.152534,7.488668,37804.03,1430.1222
50.15131,7.4904695,37800.78,1430.9803
50.14854,7.492432,37824.67,1431.8394
50.146255,7.494004,37816.918,1432.5604
50.144726,7.4947166,37819.285,1433.9209
50.145233,7.4933953,37814.117,1434.2925
50.140766,7.495097,37816.59,1435.1686
50.13948,7.495609,37816.566,1436.6721
50.135574,7.497134,37818.98,1437.2101
50.134815,7.498512,37824.113,1437.7911
50.133595,7.497373,37824.22,1438.7448
50.130733,7.4989605,37852.76,1439.9786
50.128876,7.49852,37869.53,1440.6886
50.127087,7.5014806,37828.777,1441.8389
50.124382,7.5026183,37836.742,1442.8474
50.123276,7.501966,37835.86,1443.5752
50.120495,7.503416,37853.258,1444.7316
50.119503,7.504931,37857.805,1444.9592
50.11819,7.504449,37857.133,1446.1776
50.1153,7.504164,37862.29,1447.0743
50.11279,7.506362,37843.156,1447.9158
50.111294,7.5066667,37842.76,1448.8737
50.10836,7.5070624,37841.67,1449.6154
50.10737,7.5062985,37851.65,1451.0289
50.105045,7.5100255,37852.2,1451.6271
50.10247,7.510182,37840.883,1452.3895
50.100895,7.512,37837.6,1453.3875
50.098972,7.5085964,37848.953,1454.4614
50.09724,7.510479,37847.984,1455.4583
50.09472,7.514015,37817.195,1456.1279
50.092625,7.5148454,37843.45,1456.8704
50.091312,7.514587,37865.363,1457.8032
50.08948,7.5149183,37876.984,1458.8197
50.08766,7.5175095,37886.78,1459.9171
50.086094,7.51813,37899.098,1460.8134
50.08356,7.517762,37898.246,1461.5046
50.08074,7.5184426,37889.11,1462.9508
50.07905,7.5209227,37852.094,1463.1576
50.077915,7.5220222,37854.184,1464.4244
50.074505,7.5218124,37846.848,1464.9567
50.073044,7.5207872,37857.92,1465.9836
50.07091,7.5238295,37874.223,1467.1531
50.068882,7.52525,37875.812,1467.9824
50.06665,7.5268526,37893.984,1469.0608
50.065388,7.5272245,37875.516,1469.5264
50.06278,7.526969,37875.664,1470.6451
50.06112,7.5292573,37905.44,1471.5096
50.059906,7.5276413,37892.355,1472.415
50.05785,7.5301538,37870.88,1473.3134
50.055996,7.5285697,37861.27,1474.2898
50.053673,7.5309563,37884.52,1475.063
50.05027,7.53219,37872.527,1475.8229
50.049145,7.532962,37903.82,1476.9266
50.04812,7.5329404,37903.254,1477.7948
50.046467,7.5341105,37886.58,1478.923
50.04345,7.5342107,37901.652,1479.1389
50.04128,7.535508,37909.336,1480.5281
50.039795,7.537958,37914.766,1481.5487
50.035896,7.5366507,37916.54,1482.6559
50.034042,7.540285,37908.816,1483.3749
50.03314,7.541518,37914.906,1484.364
50.031254,7.5412846,37893.28,1485.0986
50.029778,7.5384746,37909.387,1485.8923
50.026455,7.5407834,37883.152,1486.8738
50.024273,7.542188,37882.13,1487.6028
50.023537,7.5432386,37899.223,1488.5419
50.019733,7.542418,37920.996,1489.2747
50.02048,7.5447025,37913.77,1490.737
50.017002,7.5451345,37890.68,1491.1681
50.014412,7.5457287,37899.38,1492.2806
50.012203,7.544959,37932.625,1493.0962
50.01154,7.547012,37934.656,1494.0101
50.008686,7.547931,37946.355,1495.0348
50.00634,7.550482,37936.543,1495.724
50.005516,7.5514164,37924.434,1496.9486
50.003838,7.5503154,37915.527,1497.3665
50.001236,7.549988,37944.832,1498.7275
49.998966,7.552573,37959.594,1499.6561
49.99817,7.5548315,37889.83,1500.1501
49.994587,7.554055,37940.14,1501.5126
49.99313,7.5549707,37925.695,1502.4216
49.990623,7.5552063,37932.168,1502.9667
49.989017,7.555474,37930.77,1504.0957
49.988132,7.55795,37934.203,1505.0603
49.98567,7.557357,37964.6,1505.7795
49.982746,7.5585546,37976.93,1506.8542
49.982452,7.5581746,37942.2,1507.6481
49.97882,7.560336,37966.805,1508.0254
49.977173,7.560548,37959.34,1509.3618
49.975006,7.5615053,37943.9,1510.6638
49.97228,7.5618496,37971.582,1511.3655
49.969776,7.5621943,37976.99,1512.3479
49.969307,7.5633836,37977.6,1513.1609
49.96763,7.5637956,37951.816,1513.9043
49.965725,7.566321,37970.21,1514.7203
49.96232,7.566073,37973.95,1515.965
49.96268,7.5687156,37956.44,1516.6581
49.95873,7.567513,37958.53,1516.985
49.956345,7.569736,37952.273,1518.2812
49.95399,7.568578,37938.15,1519.6694
49.951794,7.5716934,37957.35,1520.3962
49.95194,7.5713634,37961.36,1521.2842
49.949203,7.57183,37948.867,1521.8308
49.946777,7.5724654,37943.55,1522.746
49.945045,7.5749626,37903.863,1523.9261
49.943718,7.573854,37927.242,1524.7634
49.94032,7.5731378,37940.88,1525.8534
49.938038,7.577041,37953.367,1526.9816
49.938778,7.5758877,37945.145,1527.3414
49.932884,7.57876,37955.84,1528.2098
49.933357,7.575247,37961.285,1529.0306
49.931583,7.577533,37910.52,1530.4679
49.928795,7.5797133,37934.902,1531.5612
49.928047,7.5791955,37951.453,1532.1342
49.924725,7.5805407,37957.656,1533.1068
49.922127,7.5826445,37974.09,1533.6593
49.9212,7.584298,37960.66,1534.6777
49.91929,7.5835524,37962.12,1535.8632
49.917484,7.5830374,37962.797,1536.9236
49.915775,7.584533,37965.11,1537.6637
49.913227,7.5844936,37988.023,1538.3821
49.910133,7.587267,37976.906,1539.468
49.910423,7.5891256,37969.73,1540.406
49.908165,7.586959,37956.594,1540.9261
49.906193,7.5861406,37959.01,1541.4629
49.90274,7.588487,37993.285,1543.2781
49.902,7.5930896,37976.727,1543.1361
49.89968,7.5920534,38003.242,1544.6206
49.89871,7.5918674,37984.164,1545.4701
49.894154,7.592161,37989.176,1546.4606
49.89402,7.592868,37993.504,1547.5653
49.891514,7.5956826,37971.812,1548.6766
49.888496,7.5955005,37986.016,1549.6803
49.887672,7.5970984,37974.59,1549.8324
49.884426,7.596035,38016.836,1551.6927
49.882034,7.5990734,37995.21,1551.9247
49.882553,7.59755,37956.562,1552.3077
49.880764,7.598882,37950.9,1553.8077
49.876938,7.599058,38019.387,1554.7963
49.87621,7.5991235,38001.133,1555.3069
49.87349,7.5997148,38025.863,1556.7858
49.872513,7.601555,38010.71,1557.5657
49.869003,7.604845,38002.082,1558.1528
49.867626,7.603676,37988.97,1559.0879
49.86557,7.6046844,37936.68,1560.1312
49.862953,7.603839,37954.59,1561.1945
49.862755,7.6066594,37955.2,1562.0018
49.859932,7.6066456,37993.906,1562.5005
49.85903,7.6060333,37952.16,1563.6229
49.85525,7.608511,37991.84,1564.6241
49.855007,7.6095247,37946.91,1565.3563
49.851627,7.610442,37995.23,1566.5588
49.851837,7.6113405,37923.19,1566.9806
49.849022,7.6120534,38000.695,1568.3175
49.845203,7.611141,37981.203,1569.5566
49.84347,7.6127415,37953.73,1569.9597
49.84266,7.6137075,37970.79,1570.9476
49.83986,7.6135883,37971.156,1571.6345
49.837486,7.6145954,37982.793,1573.0885
49.836124,7.6151905,38010.195,1573.6919
49.83385,7.615757,38003.44,1574.6681
49.83262,7.6165752,38004.02,1575.6506
49.83063,7.6171927,37984.027,1576.3508
49.829483,7.61839,38009.47,1577.4829
49.826828,7.618343,37973.04,1578.1946
49.824207,7.618918,38012.082,1578.9172
49.823025,7.6206317,37962.99,1579.9866
49.819958,7.621994,37982.89,1581.2158
49.818,7.6221895,37980.574,1581.6292
49.816597,7.623479,37978.746,1582.9962
49.81539,7.6228666,37985.613,1583.397
49.811485,7.624777,37983.555,1584.5142
49.808712,7.625786,37969.76,1585.5967
49.80759,7.627485,37989.395,1586.1705
49.80566,7.626487,37981.527,1587.2852
49.803585,7.6265893,37984.66,1588.4694
49.80129,7.62852,37992.836,1589.1215
49.79969,7.629829,37994.465,1589.9943
49.79825,7.6295834,37988.24,1590.9292
49.796944,7.629215,37945.473,1591.9845
49.79452,7.6278496,37955.51,1592.668
49.792576,7.6303473,37928.215,1593.8419
49.79001,7.6343794,38011.812,1594.4597
49.78857,7.633743,38050.56,1595.4622
49.78721,7.6327186,38007.496,1596.2369
49.784363,7.632692,37945.18,1596.9486
49.780643,7.6370482,37950.027,1598.5225
49.780483,7.6376104,37957.387,1598.9368
49.77852,7.637359,37948.934,1600.5026
49.775608,7.639994,37919.715,1600.4829
49.773964,7.63671,38011.625,1602.3706
49.772312,7.6379366,37944.95,1602.4703
49.769997,7.6389146,38002.76,1603.3153
49.766,7.6400533,38013.734,1604.5974
49.765537,7.64194,37991.43,1605.2745
49.764935,7.640813,38011.137,1606.5928
49.762646,7.640869,37995.1,1607.075
49.761124,7.642867,37949.547,1608.5808
49.75894,7.6438704,38017.97,1608.2395
49.759167,7.644065,37975.355,1610.0239
49.75474,7.646734,38003.16,1610.5406
49.75226,7.6476464,37982.55,1612.0399
49.750774,7.648721,37973.445,1612.8585
49.746414,7.648635,38000.273,1613.683
49.74736,7.6505923,37972.164,1614.7697
49.744324,7.651365,38010.37,1615.3483
49.741646,7.6499915,38021.04,1616.5708
49.740017,7.65068,37963.02,1617.0065
49.736668,7.6527653,37963.094,1618.0115
49.737007,7.6524286,38018.117,1619.3026
49.734573,7.654028,38005.793,1619.8007
49.732494,7.653623,37984.645,1620.9288
49.73169,7.6543713,37976.74,1621.6296
49.72897,7.654801,37950.863,1622.7184
49.726,7.6544576,37983.52,1623.9677
49.72404,7.656101,37979.273,1624.1552
49.72182,7.6569014,37986.984,1625.5458
49.71976,7.65737,37964.414,1626.2659
49.720375,7.658731,37946.785,1626.8549
49.71721,7.660597,37985.05,1628.4403
49.71458,7.6608796,37989.914,1628.9401
49.712334,7.6612377,38003.53,1629.6165
49.710663,7.661735,38002.715,1631.1486
49.7089,7.6632595,37972.03,1631.7123
49.707047,7.663866,38014.652,1632.3423
49.70483,7.6639066,38006.04,1633.3977
49.70296,7.664841,38010.12,1634.3981
49.700687,7.6650915,37999.062,1635.1702
49.699215,7.666142,37964.82,1636.44
49.696476,7.667212,37944.227,1636.9052
49.69413,7.669202,37965.582,1638.3138
49.69435,7.6689215,37902.99,1638.5314
49.690224,7.668818,37969.707,1640.1743
49.688087,7.6708407,37972.656,1640.772
49.686356,7.670724,37974.656,1641.3441
49.68513,7.672505,37976.14,1642.4589
49.682373,7.671291,37989.55,1643.246
49.68032,7.672583,37993.223,1644.4904
49.678444,7.6748457,37994.277,1644.9652
49.67684,7.67493,37971.746,1646.3905
49.67544,7.6735063,38011.3,1647.0184
49.674976,7.6742682,37989.242,1647.8389
49.67096,7.677329,37992.33,1648.9601
49.668896,7.677277,38012.055,1649.9478
49.668144,7.6784077,37954.04,1650.4701
49.66581,7.681844,37958.38,1651.9429
49.664753,7.6777263,37966.13,1652.7855
49.660995,7.6797347,37944.656,1653.2822
49.658184,7.6814866,37939.484,1654.1671
49.657177,7.6840467,37967.76,1655.4469
49.65549,7.68244,37968.445,1656.2325
49.65356,7.6809206,37954.996,1657.2164
49.65233,7.68443,37980.17,1658.1813
49.649155,7.6843157,37981.758,1659.0015
49.647213,7.685804,37962.504,1659.9038
49.645153,7.6876345,38012.652,1660.5481
49.646275,7.68645,37946.223,1661.6171
49.640324,7.6874175,37995.73,1662.1176
49.63745,7.689855,37936.797,1663.4756
49.637955,7.691284,37941.82,1664.2823
49.63619,7.6899157,37954.504,1665.2345
49.6366,7.6889935,37946.992,1665.6442
49.633453,7.6897225,37963.9,1666.9639
49.62943,7.6931205,37964.13,1668.1293
49.62942,7.691609,37909.72,1668.4199
49.627014,7.693225,37971.336,1669.583
49.62519,7.6931577,37959.51,1670.487
49.623512,7.6949854,37910.754,1671.3215
49.619305,7.69547,37968.203,1672.6414
49.61724,7.6955013,37965.703,1673.4744
49.61379,7.6981053,37938.168,1674.1465
49.613617,7.6982126,37940.613,1675.469
49.61192,7.6990037,37970.2,1675.9895
49.611248,7.699685,37971.914,1677.0707
49.607002,7.70055,37950.008,1678.046
49.605335,7.699497,37950.652,1678.6475
49.604473,7.7012258,37992.625,1679.7712
49.600616,7.7046137,37954.7,1680.575
49.60114,7.7014847,37951.59,1681.5151
49.59717,7.703535,37984.465,1682.3822
49.59543,7.70402,37980.836,1683.2961
49.59371,7.7063627,38000.066,1684.3567
49.59292,7.7062116,37994.82,1685.3718
49.59116,7.7076445,37934.03,1686.1396
49.58799,7.7084966,37932.91,1687.1849
49.585785,7.7081175,37980.48,1687.7289
49.583565,7.7090592,38000.086,1688.6234
49.583233,7.709807,38001.316,1689.8555
49.579544,7.7115893,37967.223,1690.6025
49.577892,7.7116747,37949.258,1691.3623
49.57489,7.712431,37968.58,1692.245
49.57365,7.712989,37937.566,1692.9534
49.570522,7.714204,37945.992,1694.3663
49.570213,7.714891,37912.57,1695.0155
49.568707,7.715193,37967.27,1695.9756
49.56653,7.7159514,37952.656,1697.2024
49.56382,7.7166123,37929.734,1697.8685
49.56366,7.7168164,37959.867,1698.728
49.5598,7.7177463,37993.65,1699.6334
49.558155,7.71974,37967.215,1700.7162
49.556522,7.7196097,37961.523,1701.1062
49.55322,7.721045,37974.65,1702.4363
49.55329,7.7218866,37985.387,1703.7892
49.54969,7.7220745,37985.133,1704.0133
49.547768,7.722997,37967.19,1704.9629
49.544216,7.722767,37999.25,1706.0076
49.54477,7.7233033,37981.89,1706.8185
49.54179,7.724237,37969.383,1708.0566
49.541092,7.7250466,37872.96,1708.884
49.53952,7.7286267,37896.13,1709.8737
49.536465,7.7270193,37950.37,1710.6123
49.534466,7.7255607,37950.13,1711.5261
49.532005,7.7273574,37948.56,1712.6277
49.52995,7.7309303,37955.617,1713.0762
49.530643,7.7301927,37964.69,1714.6511
49.526905,7.7289953,37942.355,1715.0887
49.524033,7.7312627,37961.836,1715.9679
49.52303,7.733669,37978.785,1716.8883
49.519318,7.7339163,37952.29,1717.51
49.518364,7.7337646,37991.54,1719.0151
49.515785,7.7343097,37963.96,1719.5143
49.51426,7.735683,37990.81,1720.7161
49.51113,7.736862,37964.86,1721.5482
49.510685,7.7352257,37976.926,1722.4812
49.508537,7.7375116,37933.594,1723.3136
49.50614,7.737276,37983.277,1724.3602
49.504765,7.739756,37957.113,1725.3104
49.501587,7.741628,37997.605,1726.4075
49.499393,7.7409277,38020.73,1727.1738
49.500328,7.7418504,37961.73,1728.241
49.496243,7.743559,38017.188,1728.7869
49.495434,7.743647,37993.547,1729.7904
49.491486,7.7446055,37996.93,1730.5905
49.49135,7.744597,37986.4,1731.3832
49.488194,7.745544,37960.324,1732.7676
49.486683,7.7449665,37934.117,1733.0928
49.484055,7.746764,37921.945,1733.8934
49.482346,7.746306,37938.133,1734.8656
49.480793,7.7488446,37955.758,1736.1605
49.478275,7.749261,37984.773,1737.279
49.47612,7.749618,37969.688,1737.5532
49.47504,7.750453,37996.523,1738.3003
49.47288,7.7497344,37968.99,1739.8755
49.470547,7.7533007,37948.39,1740.2653
49.46985,7.7533684,37960.13,1741.4532
49.46599,7.754527,37970.93,1742.3617
49.465435,7.7549005,37950.32,1743.2744
49.462822,7.7554398,37970.645,1744.1749
49.46027,7.756527,37972.31,1745.1576
49.4588,7.756806,37959.1,1745.9238
49.45668,7.7579246,37976.97,1746.9767
49.454117,7.759265,37991.1,1747.8298
49.45234,7.7595615,37976.586,1748.8014
49.45143,7.7594633,37967.543,1749.4642
49.44788,7.760862,37966.316,1750.3354
49.44679,7.763643,37972.44,1751.2882
49.445656,7.7633834,37942.355,1752.0646
49.442806,7.7631416,37939.613,1753.1432
49.440693,7.7649226,37982.285,1753.8352
49.43976,7.7654715,37987.637,1755.1586
49.43637,7.765798,37995.605,1755.5697
49.434464,7.7675676,37972.41,1756.6447
49.43181,7.768402,38018.754,1758.0197
49.43096,7.770568,37993.758,1758.811
49.430088,7.769604,37950.973,1759.4144
49.426746,7.769733,37976.62,1760.8247
49.425896,7.7722077,37948.844,1761.1035
49.42383,7.772725,37984.266,1762.2894
49.42131,7.770977,38011.715,1763.7587
49.420795,7.7737455,37932.234,1764.2535
49.417896,7.7734075,37933.945,1765.0795
49.414856,7.774863,37951.73,1766.5
49.41375,7.775637,37955.066,1766.946
49.414543,7.7714467,37990.637,1766.8939
49.408985,7.7743435,37956.883,1769.1465
49.407993,7.780237,37972.613,1769.2781
49.40846,7.780333,38010.215,1770.0394
49.406372,7.7781696,37988.36,1772.1653
49.400623,7.778005,37988.74,1771.7885
49.398827,7.7839932,38001.715,1773.5852
49.3974,7.7832565,37995.94,1773.8219
49.39413,7.7835774,37997.742,1775.0276
49.396248,7.784817,37986.246,1776.105
49.393517,7.7831173,37948.707,1776.216
49.38875,7.7853484,37962.582,1777.8632
49.386093,7.7859697,37972.836,1778.6373
49.38501,7.788262,37965.15,1780.1097
49.38383,7.7870855,37922.496,1780.5579
49.38101,7.788767,37960.37,1781.485
49.38027,7.7906604,37942.254,1782.8597
49.37797,7.791614,37993.723,1782.5299
49.375202,7.7910624,37980.84,1784.8549
49.3735,7.7921414,37951.51,1785.0396
49.371437,7.794536,38002.992,1785.6776
49.370445,7.794228,38018.77,1786.7776
49.36883,7.793973,37999.055,1787.4109
49.365437,7.7930293,37975.777,1788.6664
49.363804,7.7967615,37988.496,1789.3867
49.36168,7.7974563,38013.023,1790.0599
49.35998,7.7985077,37998.945,1791.593
49.359814,7.798518,37940.14,1792.1938
49.35547,7.8007216,37974.062,1792.915
49.35487,7.801117,37961.47,1793.9993
49.352703,7.800553,37966.164,1795.21
49.34945,7.8012214,38010.12,1795.9233
49.348034,7.802343,38031.58,1796.8195
49.3474,7.8037148,37983.96,1797.6261
49.34559,7.8046865,37981.277,1798.5597
49.344822,7.805286,37950.293,1799.5566
49.33944,7.80567,37951.035,1800.4471
49.34034,7.8052993,37946.992,1801.4241
49.338444,7.8072925,37987.637,1801.9113
49.333904,7.808566,38004.402,1803.1641
49.332993,7.8086805,37993.65,1804.0991
49.33157,7.8098702,37970.348,1805.0964
49.32923,7.8101377,37936.242,1805.3906
49.3277,7.811426,38000.297,1806.9639
49.325455,7.812689,37970.688,1807.8462
49.323284,7.8124676,37946.977,1808.5833
49.320873,7.814257,37953.758,1809.5057
49.319862,7.813885,37972.184,1810.4017
49.315914,7.8151383,38003.55,1811.1024
49.314926,7.8166585,37955.875,1812.396
49.31277,7.816956,38006.234,1812.9423
49.310825,7.819522,37957.605,1814.3109
49.30848,7.818925,38000.145,1814.8171
49.306007,7.8200936,38005.395,1816.2849
49.30428,7.820924,37993.797,1816.9376
49.304455,7.8200965,37936.125,1817.495
49.300823,7.8226895,37967.504,1818.3289
49.298656,7.822927,37968.418,1819.4003
49.297565,7.8240724,37921.836,1820.5715
49.295307,7.8236113,37963.13,1821.2756
49.293835,7.8249,37965.3,1822.1138
49.290627,7.82636,37963.645,1823.1194
49.289795,7.8253627,38009.74,1824.1942
49.288364,7.827592,37972.66,1824.3962
49.287106,7.828741,37946.434,1826.1521
49.282246,7.8298416,37982.008,1826.4474
49.280502,7.830259,37989.11,1827.5168
49.279408,7.830424,37999.324,1828.476
49.276844,7.831597,38001.395,1830.1504
49.27593,7.8318644,37914.56,1830.3104
49.27167,7.8329463,37996.824,1831.0944
49.2745,7.8353214,37998.875,1832.1077
49.269833,7.8327565,37961.598,1831.7194
49.26699,7.8319483,37973.86,1833.918
49.268215,7.8356895,37910.664,1834.4156
49.26295,7.8375,37980.35,1835.5822
49.261986,7.8382664,37980.77,1836.8469
49.259586,7.8380785,37951.742,1837.9712
49.256657,7.839802,37951.586,1838.5957
49.253357,7.8430886,37979.266,1839.2642
49.255272,7.8402576,37992.055,1840.2026
49.252453,7.8386397,37984.414,1841.3278
49.248028,7.8421445,38006.934,1841.9902
49.248318,7.8456564,37961.242,1843.4276
49.248627,7.8414645,38012.08,1843.629
49.24377,7.8445363,37957.207,1844.9226
49.23964,7.8451886,37939.723,1845.9739
49.243023,7.848868,37922.387,1846.6646
49.239803,7.8469043,37891.7,1846.7903
49.23493,7.848492,37957.0,1848.552
49.234764,7.8503075,37972.14,1849.7025
49.23139,7.848927,37965.844,1849.8958
49.229267,7.852271,37985.33,1851.5726
49.22916,7.8511696,37903.844,1852.0682
49.22562,7.854517,37998.71,1852.8994
49.224632,7.8528223,37976.684,1853.8915
49.223278,7.8538494,37907.836,1854.7446
49.220806,7.854614,37925.555,1855.3857
49.21974,7.857455,37934.324,1856.6908
49.216244,7.8554907,37970.56,1858.0692
49.213634,7.856062,37950.527,1858.7
49.214916,7.8560104,37901.082,1858.818
49.208675,7.858885,37933.824,1860.5115
49.208572,7.8604083,37964.973,1861.3334
49.20793,7.861458,37959.43,1861.5116
49.2032,7.8613114,37956.31,1862.8348
49.2041,7.862788,37938.258,1864.2621
49.200123,7.8616567,37978.824,1864.9227
49.197083,7.8652525,37954.043,1865.4927
49.19469,7.8664503,37955.973,1865.9397
49.1978,7.8645544,37979.973,1867.8234
49.19064,7.8644047,37938.867,1868.1793
49.189747,7.8671966,37934.96,1869.5199
49.189945,7.8694167,37919.625,1870.2216
49.184864,7.868507,37921.562,1871.0068
49.184704,7.8688936,37927.133,1872.4514
49.183548,7.869008,37931.902,1872.6586
49.180325,7.8685246,37931.86,1873.9398
49.179996,7.8716106,37891.867,1874.3898
49.178555,7.873146,37966.098,1875.7328
49.17541,7.8745666,37951.16,1876.2773
49.17224,7.873969,37906.887,1877.2019
49.171295,7.8747673,37937.043,1878.3226
49.168903,7.876717,37927.05,1879.044
49.16711,7.8781753,37940.27,1880.4308
49.166775,7.8760858,37900.56,1880.7987
49.16273,7.880013,37945.49,1882.1239
49.16172,7.8798056,37957.41,1883.1667
49.159184,7.881357,37987.664,1883.7568
49.15704,7.8832192,37964.61,1884.7755
49.155415,7.881819,37947.62,1885.4059
49.15387,7.881937,37948.223,1886.2975
49.152657,7.8848715,37924.285,1886.9487
49.148556,7.887508,37958.61,1887.4895
49.151478,7.884945,37982.645,1889.1147
49.142292,7.8848405,37964.57,1890.0197
49.141624,7.88675,37960.21,1891.1757
49.139683,7.893636,37918.164,1892.9591
49.139442,7.8920527,37911.613,1892.0902
49.13632,7.8873553,37952.227,1894.5972
49.131565,7.890639,37950.617,1894.4576
49.13281,7.8901563,37934.676,1895.2605
49.132214,7.89175,37907.594,1896.5466
49.128975,7.8922753,37919.36,1897.4956
49.127583,7.893507,37924.508,1898.2089
49.125866,7.891874,37945.61,1898.4647
49.123116,7.8939033,37922.895,1901.3153
49.12264,7.893873,37916.33,1899.6763
49.12284,7.8950806,37858.914,1901.78
49.1178,7.8958087,37907.39,1904.5409
49.115097,7.8979926,37893.19,1903.2936
49.11291,7.898484,37900.664,1903.7803
49.11293,7.8996453,37920.723,1905.5095
49.11005,7.9001336,37934.12,1905.9641
49.107964,7.899231,37910.12,1907.3569
49.105885,7.901576,37928.08,1907.877
49.10418,7.901499,37935.438,1909.4026
49.10238,7.9026856,37900.89,1910.1161
49.09983,7.9028835,37885.008,1910.7771
49.099342,7.9046316,37902.93,1911.6741
49.09593,7.9058642,37912.18,1912.516
49.094078,7.905711,37903.973,1913.4314
49.09174,7.9058123,37911.58,1914.6476
49.090786,7.90547,37882.277,1915.7292
49.08884,7.9068217,37901.312,1915.757
49.087494,7.907174,37898.35,1917.8187
49.085808,7.908745,37843.863,1918.2443
49.0838,7.9065022,37834.79,1918.431
49.081413,7.9101458,37901.676,1920.6284
49.079018,7.908523,37880.734,1920.2988
49.076344,7.909107,37909.25,1921.7853
49.074486,7.9129963,37916.195,1922.6934
49.071655,7.9127064,37931.57,1923.677
49.07152,7.9124904,37917.03,1924.3641
49.067493,7.914393,37887.92,1925.0342
49.06765,7.915032,37908.953,1926.4794
49.065735,7.916161,37844.367,1927.5005
49.062504,7.9156885,37862.38,1927.9761
49.06096,7.9177036,37871.066,1929.3119
49.05901,7.918642,37834.27,1929.8716
49.056755,7.9187903,37857.125,1931.0068
49.052162,7.9214406,37877.348,1931.8987
49.054134,7.9190116,37916.145,1932.3246
49.050335,7.9214034,37889.09,1934.0206
49.046047,7.920506,37875.836,1934.9551
49.047535,7.9231954,37877.242,1935.129
49.044456,7.9228415,37871.32,1935.9646
49.042202,7.9227524,37873.773,1937.319
49.04043,7.9240108,37871.793,1937.7544
49.03996,7.9243054,37902.188,1939.0151
49.03721,7.9264064,37885.074,1939.8975
49.036854,7.9252315,37851.19,1940.7456
49.0353,7.926481,37835.02,1941.7017
49.03164,7.9257026,37808.01,1942.2294
49.030174,7.927953,37867.297,1943.8342
49.02765,7.9282856,37858.223,1944.4503
49.02586,7.929901,37856.55,1945.2113
49.021797,7.9303503,37897.55,1945.1228
49.021267,7.9303575,37893.676,1947.2806
49.019695,7.930988,37880.484,1948.2216
49.013954,7.930223,37882.383,1948.9991
49.01496,7.9363,37853.992,1950.733
49.012867,7.935203,37887.01,1950.3373
49.009956,7.933141,37868.266,1952.2869
49.00984,7.932571,37874.36,1952.2415
49.00655,7.934345,37856.43,1953.8086
49.005196,7.9361873,37823.75,1954.2526
49.003777,7.935388,37858.414,1955.0804
49.00336,7.9364147,37834.105,1955.8782
48.998646,7.9390287,37890.906,1957.6124
48.997013,7.9406033,37892.324,1957.784
48.99638,7.9385085,37900.516,1958.9597
48.991932,7.937724,37850.22,1959.3004
48.990425,7.939095,37886.707,1961.4723
48.98858,7.9409266,37875.066,1961.8914
48.987087,7.941702,37878.08,1961.7429
48.98612,7.9421773,37872.438,1964.0494
48.982903,7.9424353,37881.96,1963.9546
48.98228,7.9416423,37841.98,1965.2797
48.980278,7.9435124,37859.883,1965.7367
48.976646,7.9434896,37863.73,1967.3507
48.974422,7.9448357,37864.85,1967.9681
48.973633,7.9459906,37862.79,1968.5876
48.972046,7.9467163,37857.895,1969.3811
48.96916,7.9461784,37874.07,1970.7507
48.966797,7.9477572,37863.273,1971.8872
48.966255,7.9471087,37859.285,1972.1161
48.962887,7.9495077,37843.81,1973.7592
48.961273,7.950224,37861.61,1974.3969
48.95849,7.9521236,37834.18,1974.5458
48.958984,7.949006,37809.516,1975.9388
48.956657,7.9520288,37845.418,1977.5309
48.95201,7.9518657,37865.0,1977.6515
48.951286,7.952954,37842.914,1979.1147
48.951324,7.9536896,37824.465,1979.4396
48.94692,7.9525,37815.418,1980.426
48.947315,7.95346,37827.82,1981.6322
48.943607,7.953282,37817.016,1982.3684
48.940796,7.955325,37845.465,1983.3313
48.939426,7.9563723,37858.86,1984.1274
48.93839,7.958763,37852.17,1985.1569
48.936718,7.9570746,37850.816,1985.6733
48.933304,7.9571896,37849.773,1986.8138
48.933403,7.956735,37869.055,1987.805
48.9298,7.9581757,37842.848,1988.9187
48.92709,7.9595966,37828.918,1989.2261
48.924984,7.9608703,37809.348,1990.5762
48.922207,7.9601955,37827.79,1991.1752
48.92179,7.959225,37806.09,1992.1655
48.91992,7.960442,37861.418,1993.5518
48.917618,7.9616075,37862.184,1994.4524
48.91759,7.961348,37825.24,1994.9766
48.914833,7.9628897,37861.727,1995.9812
48.912487,7.9629335,37822.145,1996.7086
48.910492,7.9643335,37842.023,1998.0294
48.908527,7.9647937,37852.754,1998.691
48.90538,7.9651284,37806.07,1999.2372
48.905716,7.9654007,37836.387,2000.6248
48.901764,7.966476,37826.72,2001.3118
48.899067,7.9668455,37803.76,2002.112
48.898884,7.966314,37810.582,2003.5673
48.895477,7.9659524,37819.395,2004.5424
48.89364,7.966664,37831.625,2005.0134
48.89029,7.968764,37788.77,2006.1581
48.89242,7.9705977,37779.305,2006.8132
48.889854,7.9683213,37765.605,2007.0553
48.887074,7.9665723,37811.754,2008.8453
48.88416,7.9693556,37828.594,2009.7941
48.883995,7.9708867,37780.766,2010.636
48.882046,7.971606,37831.215,2011.5437
48.87858,7.9733377,37838.082,2012.407
48.875504,7.973857,37818.65,2012.6826
48.87435,7.9737625,37807.18,2014.0172
48.872253,7.974099,37794.15,2015.7107
48.869125,7.9754424,37796.89,2015.7731
48.868683,7.974671,37773.59,2016.5707
48.864666,7.9750195,37807.914,2017.4888
48.86264,7.9776077,37788.992,2018.4221
48.8623,7.976179,37788.65,2019.1096
48.86101,7.976817,37828.184,2020.6204
48.85654,7.9767494,37826.58,2021.5942
48.85387,7.9792323,37837.496,2022.3784
48.853775,7.97957,37813.938,2023.074
48.85268,7.981297,37800.383,2023.6906
48.850574,7.9789586,37773.28,2024.7375
48.84862,7.980926,37781.74,2026.0044
48.847023,7.9808893,37760.266,2026.9258
48.84419,7.981852,37765.855,2027.6288
48.842724,7.9810505,37771.785,2028.5626
48.84095,7.9822664,37779.336,2029.6041
48.83947,7.981962,37775.2,2030.4578
48.838024,7.9826026,37803.5,2031.2238
48.83454,7.9833574,37766.453,2032.0092
48.833794,7.982654,37772.484,2033.19
48.830376,7.984907,37773.14,2034.1746
48.828056,7.9845824,37768.324,2034.826
48.827507,7.9859357,37788.938,2035.6371
48.825485,7.98569,37784.766,2036.7042
48.823513,7.985422,37793.332,2037.2075
48.821808,7.9862204,37809.555,2038.5564
48.819336,7.985974,37793.168,2039.1652
48.817467,7.987906,37777.87,2040.1681
48.814945,7.988691,37771.09,2041.3448
48.81309,7.9884095,37784.4,2042.3442
48.811504,7.9900393,37793.285,2043.118
48.8101,7.9895644,37784.39,2043.483
48.806526,7.989774,37764.395,2044.7069
48.8057,7.991944,37785.508,2045.8312
48.80316,7.9927044,37766.457,2046.4277
48.801224,7.991341,37769.945,2047.8505
48.798885,7.994764,37761.84,2048.4868
48.7965,7.993262,37768.62,2049.0493
48.795715,7.994146,37766.8,2050.257
48.79319,7.9938383,37752.297,2051.1519
48.79157,7.995704,37739.168,2052.0728
48.789288,7.994721,37736.664,2052.998
48.787575,7.996132,37740.81,2054.3823
48.78609,7.996214,37709.332,2054.5388
48.784023,7.9975834,37734.453,2055.959
48.781452,7.998093,37713.137,2056.558
48.77998,7.9988894,37695.49,2057.339
48.777435,7.998463,37691.59,2058.299
48.77447,7.9983907,37732.652,2059.0977
48.772156,7.998671,37719.758,2060.1304
48.770683,8.002702,37733.766,2061.2202
48.768734,8.000853,37720.01,2062.049
48.767265,8.000465,37705.797,2063.2207
48.764774,8.001529,37669.8,2063.378
48.76276,8.002461,37719.336,2064.9724
48.76069,8.002629,37730.348,2065.737
48.75932,8.002655,37719.22,2066.8337
48.75741,8.004258,37709.355,2067.421
48.755165,8.002512,37694.33,2068.1643
48.753593,8.004502,37672.94,2069.4873
48.751553,8.004777,37669.496,2069.8918
48.750393,8.005013,37684.242,2071.23
48.74765,8.005283,37690.07,2071.7202
48.744495,8.007154,37688.23,2073.2634
48.743664,8.008956,37683.805,2073.9175
48.741272,8.0078745,37688.035,2074.734
48.74051,8.009462,37660.023,2075.5605
48.738792,8.009387,37650.188,2076.5
48.73517,8.008659,37659.7,2077.8088
48.733356,8.01105,37654.773,2078.5266
48.733276,8.010772,37647.64,2079.1953
48.731018,8.011507,37619.387,2080.1826
48.72862,8.009746,37615.312,2080.8452
48.724884,8.0126705,37632.71,2082.022
48.72511,8.01165,37625.883,2082.8208
48.721252,8.0121565,37611.06,2083.9612
48.719673,8.013514,37603.867,2084.8352
48.717518,8.013576,37595.496,2085.6204
48.716515,8.015846,37600.027,2086.9292
48.7143,8.014108,37603.594,2087.2468
48.71278,8.016251,37626.73,2088.3303
48.711403,8.016659,37597.652,2089.2314
48.70781,8.017544,37594.203,2089.691
48.706455,8.016813,37587.49,2090.798
48.703907,8.016904,37594.027,2092.015
48.702316,8.017074,37577.145,2093.0317
48.699688,8.017105,37584.54,2094.2598
48.699314,8.018645,37581.14,2094.659
48.697384,8.019293,37552.207,2095.539
48.69486,8.0208235,37559.137,2096.2544
48.69301,8.019802,37545.48,2097.424
48.69156,8.020518,37526.17,2098.3665
48.68835,8.022163,37549.492,2099.4722
48.686226,8.022883,37555.492,2099.7588
48.68442,8.023644,37553.96,2101.0544
48.683254,8.021527,37537.39,2101.6924
48.68125,8.023982,37514.27,2102.62
48.679897,8.023709,37510.387,2103.764
48.676785,8.025078,37513.805,2104.7883
48.67508,8.026085,37510.914,2105.4487
48.6737,8.02597,37514.355,2106.386
48.67149,8.026002,37512.742,2107.3303
48.669315,8.028137,37488.145,2108.5
48.668198,8.027089,37470.05,2109.2026
48.666275,8.029609,37476.51,2110.1077
48.661655,8.029423,37477.93,2111.045
48.660484,8.030359,37441.305,2112.0127
48.659294,8.030256,37466.2,2112.5862
48.65884,8.028499,37454.53,2114.311
48.65418,8.031132,37441.582,2114.9922
48.653316,8.032956,37468.78,2115.3499
48.6526,8.033279,37471.49,2116.6663
48.648766,8.031622,37458.766,2116.8152
48.647987,8.034029,37442.152,2118.6326
48.646717,8.033356,37438.234,2118.8208
48.643238,8.035647,37398.52,2120.996
48.642796,8.035612,37392.11,2120.7559
48.64162,8.03716,37380.953,2122.1006
48.6383,8.035718,37396.16,2122.7964
48.63652,8.036193,37392.297,2123.9973
48.636276,8.03485,37398.844,2124.188
48.633095,8.036147,37381.992,2126.4473
48.630913,8.03964,37389.812,2126.3875
48.627026,8.040587,37398.8,2127.22
48.628155,8.040425,37376.965,2128.7017
48.62444,8.039846,37361.812,2129.0713
48.62093,8.041263,37351.824,2130.1665
48.62012,8.041749,37354.29,2130.8396
48.618134,8.043806,37341.08,2132.158
48.616558,8.04415,37352.773,2132.759
48.614986,8.043281,37340.996,2133.8025
48.612198,8.047422,37347.71,2134.3396
48.611755,8.044479,37326.29,2135.8726
48.609203,8.045091,37325.67,2136.7993
48.606274,8.045202,37299.184,2137.433
48.605427,8.049618,37310.586,2138.4397
48.60321,8.046725,37304.227,2139.1252
48.60109,8.047951,37288.65,2140.2998
48.59871,8.049287,37261.867,2140.7708
48.597443,8.050107,37279.145,2141.5352
48.59552,8.049588,37261.047,2142.9993
48.593273,8.050739,37260.848,2143.5986
48.591515,8.051218,37222.02,2144.486
48.589485,8.051691,37221.926,2145.4392
48.587643,8.05197,37197.42,2146.2722
48.58758,8.051676,37243.35,2147.3071
48.583733,8.055333,37213.816,2148.3303
48.58146,8.054685,37208.914,2149.2969
48.57995,8.058131,37219.13,2150.0244
48.57793,8.0558195,37207.355,2151.0652
48.57634,8.056383,37204.94,2151.6748
48.57412,8.056033,37208.86,2152.542
48.571964,8.058125,37205.957,2153.7812
48.569054,8.058837,37179.875,2154.3743
48.567905,8.058855,37176.406,2155.2136
48.566692,8.059662,37177.375,2156.3147
48.56399,8.06181,37168.67,2156.8357
48.563534,8.061143,37174.47,2158.2043
48.560772,8.060991,37124.305,2158.8179
48.55941,8.063615,37131.14,2160.011
48.556072,8.062798,37108.477,2161.1086
48.55394,8.063107,37112.676,2161.6477
48.55312,8.064889,37090.12,2162.6248
48.550915,8.066042,37072.805,2163.57
48.54894,8.064789,37069.586,2164.3442
48.547115,8.066759,37085.22,2165.1406
48.54468,8.066315,37060.64,2166.6006
48.543346,8.067736,37089.47,2167.1045
48.54124,8.070553,37077.934,2167.39
48.540543,8.068369,37066.64,2168.8481
48.538513,8.070554,37037.477,2170.138
48.53527,8.070467,37012.53,2170.6387
48.53387,8.071685,37013.816,2171.218
48.531906,8.071319,37017.777,2172.3564
48.530815,8.071908,37006.98,2173.5715
48.5259,8.071955,37008.562,2174.507
48.52418,8.074764,36999.465,2175.3904
48.524136,8.076569,36995.375,2175.672
48.52074,8.075024,36992.516,2177.4783
48.51898,8.074945,36974.92,2177.196
48.51708,8.073743,36982.395,2179.5127
48.51707,8.077374,36986.188,2179.5186
48.512794,8.079291,36954.457,2180.7695
48.513466,8.078305,36947.613,2181.3687
48.51228,8.078638,36920.848,2182.1582
48.507,8.076673,36930.984,2182.892
48.506836,8.079421,36977.062,2184.2007
48.503365,8.082756,36935.504,2185.3047
48.504005,8.082378,36938.58,2185.8372
48.501057,8.082014,36910.68,2186.5254
48.499237,8.0822935,36890.51,2187.6353
48.496494,8.081718,36918.336,2188.9321
48.495495,8.084686,36871.07,2189.614
48.49405,8.083885,36942.414,2190.7117
48.491737,8.085257,36859.484,2191.2632
48.48934,8.086872,36878.582,2192.2205
48.487843,8.086877,36867.55,2193.6887
48.485,8.087591,36836.746,2194.3267
48.483932,8.087254,36870.703,2194.8586
48.4817,8.089104,36808.24,2195.7595
48.479294,8.089098,36794.16,2196.9167
48.478203,8.09051,36825.22,2197.7317
48.475765,8.089329,36819.633,2198.4448
48.474606,8.090318,36855.785,2199.424
48.47186,8.092818,36811.973,2200.1343
48.47026,8.092908,36804.938,2201.1184
48.468697,8.093251,36783.348,2202.3276
48.466225,8.095107,36774.62,2202.6309
48.464203,8.093689,36763.91,2203.8525
48.462723,8.094513,36759.832,2205.055
48.460262,8.09466,36759.414,2205.4536
48.458595,8.097851,36728.6,2206.404
48.456974,8.097369,36762.375,2207.6843
48.454197,8.098218,36689.42,2208.606
48.45383,8.097907,36740.617,2209.3184
48.451725,8.101432,36668.5,2210.6475
48.448833,8.100301,36715.145,2210.803
48.448074,8.099242,36707.375,2211.9343
48.444626,8.101214,36665.27,2212.8528
48.44384,8.103307,36689.13,2214.2449
48.442547,8.103472,36680.168,2214.1443
48.439877,8.103049,36686.336,2215.5898
48.436512,8.106142,36695.895,2216.6233
48.43604,8.104951,36653.67,2217.6343
48.43242,8.10558,36663.42,2218.4783
48.431515,8.105204,36653.895,2219.344
48.430546,8.106565,36600.434,2220.2517
48.428116,8.109042,36581.918,2221.1506
48.42497,8.106512,36637.74,2221.684
48.42488,8.10906,36561.082,2223.3489
48.422565,8.109959,36593.258,2223.8323
48.41917,8.111132,36642.91,2224.9026
48.419556,8.11124,36574.203,2224.9724
48.41519,8.110714,36648.938,2226.296
48.41647,8.1118,36592.566,2227.8203
48.41266,8.114692,36541.773,2228.3147
48.41064,8.114552,36602.926,2229.196
48.40929,8.113345,36599.895,2230.3545
48.406437,8.114675,36527.63,2230.9739
48.404015,8.116371,36620.77,2231.933
48.40217,8.117356,36542.125,2233.0771
48.400234,8.120881,36551.598,2234.2375
48.400063,8.11921,36517.36,2234.053
48.39672,8.114691,36559.773,2235.5623
48.39482,8.118317,36472.56,2236.8755
48.391884,8.121637,36484.23,2236.5935
48.393044,8.121481,36482.77,2238.2769
48.39062,8.119734,36481.613,2238.8477
48.387764,8.12169,36486.863,2240.167
48.3877,8.124624,36478.777,2240.9263
48.38423,8.123091,36508.266,2241.6052
48.382835,8.124048,36562.88,2242.8406
48.37753,8.125492,36503.91,2243.0881
48.379124,8.126265,36458.297,2244.498
48.376194,8.1277485,36460.36,2245.0752
48.374428,8.12875,36408.023,2246.6782
48.370228,8.128173,36497.746,2247.4026
48.370354,8.1260195,36538.797,2247.902
48.36949,8.128424,36384.82,2249.388
48.368664,8.131355,36413.258,2249.0396
48.367912,8.1304865,36411.906,2250.3108
48.36187,8.133856,36402.008,2251.1438
48.360703,8.129712,36435.21,2252.7676
48.35992,8.131236,36403.703,2252.7131
48.356583,8.135124,36411.766,2253.6025
48.35459,8.134879,36420.477,2255.7058
48.350536,8.13675,36507.64,2256.3213
48.35236,8.131061,36352.316,2257.7405
48.35104,8.135426,36320.395,2258.0386
48.34544,8.134141,36532.18,2258.6462
48.34741,8.137865,36280.156,2260.2031
48.340977,8.133809,36554.816,2260.112
48.343025,8.138533,36301.4,2261.7896
48.34119,8.142357,36305.875,2262.5642
48.336548,8.139375,36346.008,2263.2366
48.335743,8.13963,36405.695,2264.395
48.33494,8.138831,36323.938,2265.1216
48.332726,8.142802,36331.57,2265.9014
48.333286,8.142701,36330.832,2266.7732
48.330536,8.14418,36347.21,2267.4019
48.326824,8.144116,36348.777,2268.6106
48.324734,8.145198,36334.848,2269.3877
48.32039,8.144908,36361.875,2270.5894
48.32098,8.145778,36309.215,2272.0007
48.320034,8.147341,36305.62,2272.238
48.316532,8.147085,36320.98,2272.948
48.314014,8.147027,36342.285,2273.897
48.311127,8.14925,36393.977,2275.7805
48.309387,8.149243,36409.01,2276.3535
48.30941,8.147985,36286.77,2277.0808
48.307625,8.151981,36263.62,2277.7917
48.304073,8.149226,36331.867,2278.5044
48.303482,8.150465,36360.19,2280.087
48.302082,8.152605,36242.992,2280.355
48.298927,8.153757,36272.05,2281.5808
48.299156,8.153211,36292.223,2281.7725
48.29709,8.153289,36286.88,2282.674
48.293083,8.154362,36268.477,2284.7666
48.29204,8.155684,36290.168,2284.8662
48.289806,8.156947,36274.34,2286.1348
48.28718,8.1578,36265.406,2286.8606
48.28324,8.155596,36393.652,2288.8713
48.282146,8.156174,36356.895,2288.8186
48.28088,8.160093,36285.785,2289.7583
48.2811,8.159798,36241.25,2291.0007
48.27747,8.157762,36265.523,2290.676
48.276764,8.1583805,36275.688,2293.427
48.275955,8.16175,36272.22,2292.3274
48.27339,8.16228,36230.152,2294.7756
48.268326,8.163961,36384.008,2294.9497
48.268906,8.164383,36207.94,2295.9573
48.26823,8.16359,36254.7,2297.5974
48.260372,8.15975,36364.137,2297.8047
48.261986,8.169883,36249.89,2299.31
48.259304,8.170281,36233.14,2299.1707
48.25748,8.167478,36252.234,2301.126
48.25699,8.165547,36220.223,2301.3083
48.254097,8.167284,36227.395,2302.2603
48.25054,8.169269,36306.047,2303.753
48.24978,8.168527,36215.945,2303.8032
48.250393,8.16984,36183.8,2305.6626
48.247116,8.16875,36199.926,2306.711
48.24399,8.169342,36245.98,2306.5422
48.24141,8.169887,36207.855,2308.138
48.240387,8.171775,36264.008,2308.3696
48.238827,8.174581,36199.117,2310.0269
48.236374,8.172778,36199.918,2310.832
48.236477,8.173412,36248.13,2312.0469
48.232437,8.171568,36196.26,2312.835
48.22935,8.172796,36326.633,2313.3015
48.229336,8.1752405,36188.43,2313.7747
48.226074,8.175829,36185.793,2315.7275
48.222626,8.174567,36277.688,2316.3623
48.22276,8.177669,36173.8,2317.0908
48.220642,8.176855,36193.4,2317.757
48.220947,8.177363,36140.883,2319.2961
48.21568,8.176482,36217.83,2319.944
48.213985,8.177401,36215.168,2320.8506
48.215347,8.178783,36121.324,2322.0464
48.210266,8.177258,36249.953,2322.4395
48.20899,8.179994,36172.1,2323.661
48.207115,8.181472,36163.695,2324.597
48.20452,8.180847,36311.668,2325.7136
48.20382,8.182347,36221.29,2326.9492
48.201973,8.183653,36158.79,2327.0356
48.197655,8.182989,36291.766,2327.9907
48.199677,8.185168,36138.52,2328.9246
48.195698,8.1839285,36208.336,2330.1858
48.194515,8.185028,36225.977,2330.688
48.19324,8.185716,36256.92,2332.0918
48.19103,8.18807,36122.79,2332.7012
48.18728,8.186321,36166.684,2333.024
48.187115,8.187488,36216.523,2334.346
48.18446,8.188538,36147.46,2335.2517
48.18255,8.188914,36169.2,2336.2673
48.18095,8.189182,36192.86,2337.6904
48.178623,8.189856,36200.977,2337.946
48.176346,8.191459,36188.85,2338.9807
48.1748,8.190664,36236.54,2339.7283
48.175064,8.191552,36185.906,2340.5867
48.170425,8.192668,36152.637,2341.824
48.16796,8.191326,36237.246,2343.0283
48.165806,8.196752,36158.316,2343.4663
48.163998,8.194778,36158.188,2343.7307
48.162853,8.1941,36169.246,2345.9802
48.15975,8.194559,36169.984,2346.8203
48.160767,8.19652,36178.195,2347.27
48.15652,8.198777,36155.76,2347.8127
48.157578,8.196253,36108.992,2348.9229
48.15615,8.196128,36093.574,2349.7078
48.15373,8.18951,36247.277,2350.0938
48.14954,8.196997,36214.918,2352.2527
48.146713,8.203223,36145.043,2353.5803
48.147,8.197356,36310.348,2352.569
48.14337,8.19806,36141.363,2355.0789
48.139378,8.200421,36278.43,2355.5593
48.140877,8.201977,36180.57,2357.0115
48.13614,8.201824,36181.504,2357.6353
48.136967,8.203282,36155.707,2358.22
48.133583,8.202477,36150.887,2358.5498
48.131756,8.201034,36229.562,2360.3967
48.128624,8.202469,36127.547,2361.089
48.12712,8.20384,36145.67,2362.1921
48.125454,8.204352,36180.055,2362.751
48.125748,8.205022,36138.45,2363.875
48.121758,8.206412,36126.797,2364.145
48.120247,8.204161,36148.957,2365.6301
48.118183,8.204361,36174.973,2366.8318
48.117847,8.206085,36102.69,2367.0967
48.114708,8.205617,36190.742,2368.201
48.110943,8.207287,36226.3,2368.5483
48.112877,8.207944,36153.805,2370.159
48.106503,8.20933,36169.734,2371.1475
48.10572,8.208872,36154.83,2372.356
48.10601,8.210784,36140.125,2372.7642
48.10279,8.209538,36129.164,2373.2993
48.100582,8.210046,36227.63,2374.6604
48.10009,8.211559,36101.65,2375.2297
48.097565,8.211602,36102.38,2375.5784
48.095814,8.212134,36100.668,2377.3757
48.093735,8.212437,36080.773,2378.2559
48.090946,8.211349,36213.125,2379.4092
48.08971,8.21349,36101.92,2379.938
48.08763,8.21492,36134.65,2380.6877
48.085136,8.214147,36138.49,2381.8215
48.082577,8.212957,36203.027,2382.9573
48.081146,8.215095,36124.65,2383.8003
48.077946,8.215533,36135.395,2384.4475
48.07788,8.216558,36098.082,2385.8801
48.074966,8.213854,36151.324,2386.3042
48.074127,8.217292,36063.246,2387.6677
48.071373,8.216801,36150.2,2388.1558
48.06923,8.216173,36145.816,2388.916
48.067917,8.218662,36095.53,2390.4038
48.065216,8.220289,36117.59,2391.1484
48.06365,8.220432,36125.4,2391.8582
48.06118,8.218636,36127.45,2392.6987
48.060253,8.220291,36116.06,2394.207
48.057236,8.220618,36096.82,2394.757
48.05617,8.221024,36161.52,2395.3542
48.054302,8.22176,36124.03,2396.508
48.051056,8.220109,36089.7,2397.8135
48.049656,8.221464,36161.047,2397.8933
48.047146,8.22031,36139.3,2399.2437
48.04621,8.22304,36130.074,2400.165
48.044163,8.222532,36094.598,2400.9563
48.042564,8.224194,36147.387,2402.3196
48.040554,8.224818,36061.812,2402.5208
48.038624,8.222339,36152.777,2403.6125
48.035374,8.226029,36113.938,2404.8948
48.03327,8.228914,36081.46,2405.6465
48.03435,8.224571,36191.832,2406.6975
48.03072,8.227344,36093.15,2406.5955
48.028683,8.226433,36142.902,2408.2004
48.02479,8.227376,36116.613,2410.4995
48.022224,8.228038,36113.695,2409.9363
48.02094,8.228384,36101.86,2411.3801
48.020058,8.227683,36100.9,2411.4216
48.02053,8.22117,36189.832,2415.4841
48.013386,8.228124,36064.41,2413.5771
48.014484,8.2301235,36142.38,2414.7385
48.017212,8.229511,36058.477,2415.4373
48.01204,8.221099,36092.133,2414.6775
48.009308,8.226233,36140.113,2418.2373
48.008446,8.229876,36089.645,2417.1445
48.00557,8.231869,36115.77,2419.1472
48.00344,8.230994,36128.98,2419.123
48.00148,8.22942,36141.85,2420.438
47.997887,8.233191,36109.26,2422.1475
47.995125,8.234384,36115.18,2422.6309
47.995506,8.234462,36109.395,2422.9812
47.994198,8.233166,36114.934,2424.9568
47.99015,8.234402,36106.35,2425.681
47.989803,8.235364,36110.496,2426.7158
47.98762,8.235072,36081.51,2426.816
47.98678,8.234818,36067.83,2428.0227
47.98388,8.235051,36119.246,2430.0762
47.98069,8.235592,36077.41,2429.534
47.97885,8.236816,36082.242,2430.8113
47.97657,8.236765,36090.027,2431.8535
47.97505,8.236342,36094.664,2432.649
47.97339,8.238076,36086.863,2433.6384
47.972145,8.237203,36070.277,2434.7344
47.969887,8.23725,36093.53,2435.3528
47.967896,8.238343,36077.61,2436.7502
47.968597,8.239684,36012.75,2437.3184
47.964935,8.238438,36100.418,2438.147
47.96151,8.239267,36060.82,2439.1794
47.960976,8.2402,36090.855,2439.2275
47.95822,8.240707,36102.156,2441.183
47.956795,8.240692,36104.516,2441.5361
47.95545,8.23946,36078.535,2442.7498
47.951584,8.241541,36068.27,2443.841
47.94938,8.240953,36123.2,2444.34
47.94733,8.240143,36111.402,2445.167
47.947414,8.240611,36058.58,2445.7742
47.94548,8.242622,36038.39,2447.1826
47.94256,8.2422695,36089.41,2448.3118
47.94002,8.242224,36135.14,2449.4268
47.9402,8.242921,36046.23,2450.2336
47.937943,8.244221,36056.67,2450.517
47.933945,8.243882,36138.637,2452.122
47.9335,8.244003,36066.64,2452.541
47.93078,8.243571,36071.707,2453.671
47.928406,8.24603,36076.57,2454.244
47.92566,8.2452545,36072.77,2455.2798
47.925392,8.24503,36056.117,2456.6777
47.921947,8.2457285,36020.3,2457.3562
47.91982,8.245118,36146.832,2458.4094
47.92082,8.246637,36008.742,2458.81
47.917713,8.2439575,36096.45,2459.7207
47.916004,8.243617,36056.074,2461.6047
47.914467,8.246346,36092.55,2461.0693
47.912292,8.248665,36039.613,2462.8213
47.909973,8.247971,36065.28,2462.4468
47.907433,8.24691,36063.402,2464.3782
47.905914,8.248239,36055.27,2465.4153
47.903168,8.247546,36047.13,2465.8667
47.90155,8.248752,36053.445,2467.7664
47.89969,8.251438,36069.23,2467.3015
47.89799,8.24803,36035.26,2470.056
47.89633,8.247303,36042.914,2469.289
47.892666,8.250418,36016.77,2471.1223
47.89155,8.251714,36039.586,2471.5117
47.88999,8.249736,36069.207,2472.21
47.890663,8.248975,36077.105,2473.5925
47.88676,8.250247,36007.727,2473.9546
47.883568,8.250978,36084.723,2475.3909
47.882275,8.251416,36056.15,2476.1401
47.88004,8.251092,36019.094,2477.4033
47.880417,8.24931,36093.1,2477.7617
47.87749,8.2507925,36002.984,2478.6375
47.876114,8.252965,35993.414,2480.117
47.87231,8.251117,36034.754,2480.9768
47.870594,8.253341,35996.14,2481.886
47.870136,8.255009,36009.582,2482.644
47.867626,8.253405,36022.145,2483.9265
47.865616,8.254226,35998.316,2484.4666
47.86337,8.254688,35991.062,2484.9731
47.861397,8.252933,36072.09,2486.2415
47.860863,8.25511,35976.37,2487.283
47.8563,8.253948,36042.875,2487.8833
47.854797,8.256227,36023.61,2489.204
47.853783,8.256039,36034.1,2489.8403
47.85165,8.256648,36043.26,2490.483
47.849667,8.256513,36026.43,2491.671
47.847633,8.256811,36007.168,2492.753
47.845985,8.256455,36027.695,2493.2048
47.843376,8.257086,35987.84,2494.6428
47.842766,8.257188,36061.508,2495.0852
47.840637,8.257947,36057.992,2495.6042
47.837852,8.257793,36004.914,2496.886
47.836494,8.258572,36015.824,2497.8794
47.834625,8.256904,36074.926,2499.2634
47.83348,8.25765,36011.355,2499.6245
47.83074,8.258202,36006.82,2500.503
47.830914,8.258727,36010.277,2501.287
47.82556,8.258769,36014.45,2502.1387
47.824684,8.2593775,36015.457,2503.7402
47.82384,8.259164,36006.42,2504.2644
47.82089,8.260103,36007.65,2505.2031
47.820423,8.259268,36015.105,2505.9375
47.816708,8.259965,36022.93,2507.3538
47.81652,8.26017,35995.984,2507.746
47.813442,8.260443,35991.383,2508.9495
47.81263,8.260669,36016.492,2509.4888
47.810944,8.263148,35984.98,2510.2878
47.80732,8.261042,35979.965,2511.205
47.805954,8.261503,36021.105,2512.3103
47.8041,8.261917,35952.2,2513.076
47.803864,8.26107,36038.457,2514.4106
47.802204,8.261938,36001.504,2515.2083
47.79847,8.261479,35950.797,2515.5017
47.797142,8.263191,36020.668,2517.5488
47.794357,8.263157,36018.41,2518.0112
47.792984,8.2628765,35965.332,2518.624
47.791992,8.26447,35977.27,2520.0803
47.788998,8.264083,35977.66,2520.377
47.787247,8.263868,36000.3,2521.277
47.785603,8.264885,35943.074,2522.376
47.78369,8.262633,36047.008,2523.5293
47.781822,8.264314,36053.15,2524.1074
47.78014,8.264808,35924.766,2525.2168
47.778053,8.265266,35960.348,2526.059
47.774673,8.265091,35978.23,2526.7722
47.774284,8.26535,35991.426,2527.753
47.772545,8.265818,35973.29,2529.3547
47.77142,8.264973,35980.99,2529.5308
47.767673,8.2678385,35952.113,2530.6733
47.766933,8.2663555,35972.312,2531.1882
47.765297,8.266277,35985.02,2532.4604
47.763023,8.2644615,35970.703,2532.408
47.760506,8.266949,35971.246,2533.616
47.759193,8.266799,35934.434,2534.977
47.75782,8.265737,35960.086,2536.2136
47.75506,8.266782,35979.203,2536.92
47.753807,8.267494,35949.31,2537.9636
47.750942,8.26831,35952.336,2538.7231
47.748283,8.268561,35969.992,2539.5107
47.747383,8.271012,35981.5,2540.3616
47.74563,8.269313,35970.03,2540.8188
47.74137,8.269458,35953.895,2543.067
47.741238,8.269817,35937.62,2543.0032
47.73895,8.26983,35981.71,2543.1167
47.74005,8.268685,35939.38,2544.7864
47.734905,8.269841,35950.707,2546.412
47.732758,8.270125,35944.73,2546.797
47.731487,8.271938,35946.195,2548.043
47.73051,8.270388,35903.75,2548.24
47.728355,8.2715845,35927.12,2549.489
47.72584,8.271853,35943.152,2549.839
47.72495,8.269854,35927.54,2551.4624
47.721725,8.271651,35954.832,2552.1213
47.721516,8.271951,35913.793,2552.9812
47.719658,8.272333,35960.066,2553.8577
47.717915,8.270866,35954.035,2555.239
47.716675,8.272073,35932.223,2556.2468
47.71338,8.271492,35903.1,2555.7705
47.710262,8.273684,35910.867,2557.6897
47.708633,8.272237,35946.234,2557.9065
47.70758,8.272967,35915.69,2559.3716
47.705055,8.272062,35917.305,2560.3628
47.70396,8.273069,35910.14,2560.8484
47.701077,8.273833,35918.375,2562.4114
47.700287,8.2738,35919.36,2562.9895
47.69782,8.273153,35918.59,2563.653
47.696224,8.275062,35902.98,2564.4658
47.693253,8.27572,35897.15,2565.2869
47.6931,8.2740555,35935.7,2566.6877
47.68947,8.275314,35895.473,2566.8564
47.687572,8.275556,35893.938,2568.0344
47.686443,8.274431,35913.164,2569.591
47.683716,8.275757,35905.223,2569.7207
47.682972,8.2750435,35902.61,2571.4727
47.68068,8.275542,35910.016,2571.8018
47.679916,8.274394,35920.914,2572.884
47.674362,8.276703,35892.707,2573.692
47.675526,8.275702,35875.168,2574.2756
47.672985,8.277228,35901.88,2575.8508
47.669456,8.275583,35893.062,2576.7395
47.6689,8.2773905,35886.285,2577.712
47.668095,8.277184,35895.92,2577.8105
47.665886,8.277542,35875.2,2580.0193
47.662167,8.281194,35854.145,2579.3103
47.662262,8.276848,35862.363,2580.931
47.657578,8.277901,35864.066,2581.9783
47.65532,8.276784,35912.195,2583.0796
47.65539,8.280295,35864.945,2584.8218
47.65204,8.28102,35876.34,2584.3247
47.650963,8.27903,35876.53,2585.9639
47.649147,8.277049,35859.023,2585.56
47.647785,8.279591,35863.055,2588.617
47.643734,8.278712,35902.453,2588.5745
47.644188,8.27838,35836.7,2589.114
47.6448,8.280992,35818.94,2589.9692
47.640972,8.274071,35865.71,2589.542
47.637833,8.278283,35828.793,2591.9795
47.63465,8.278688,35874.934,2592.4673
47.632465,8.2823305,35819.58,2593.836
47.63341,8.280819,35857.555,2594.7642
47.62906,8.280425,35842.46,2595.636
47.627262,8.282849,35848.703,2596.3125
47.625595,8.281548,35834.863,2598.0876
47.622044,8.281398,35831.16,2597.9507
47.62299,8.282429,35891.336,2598.5771
47.618404,8.282691,35836.695,2600.7942
47.617638,8.281514,35821.098,2601.2048
47.614258,8.286353,35897.363,2600.267
47.6172,8.282175,35834.62,2602.395
47.611885,8.284118,35820.934,2604.7986
47.606136,8.281637,35870.586,2604.6833
47.607037,8.287359,35859.582,2605.3826
47.60548,8.283662,35835.805,2606.1997
47.6029,8.286175,35826.41,2608.2148
47.60182,8.28491,35813.88,2607.8906
47.600365,8.284281,35798.574,2609.3965
47.597363,8.284997,35834.625,2610.3784
47.596233,8.286703,35772.715,2611.2256
47.596283,8.2867,35820.7,2611.5938
47.593285,8.285697,35776.82,2612.14
47.591385,8.285761,35803.87,2614.6082
47.588745,8.286758,35761.445,2613.6504
47.58629,8.286236,35764.664,2615.8215
47.58528,8.287084,35785.484,2616.9468
47.58209,8.286623,35775.703,2617.2969
47.58057,8.285325,35752.277,2618.0217
47.57956,8.28592,35795.48,2619.3718
47.577446,8.287036,35721.64,2619.7922
47.57604,8.286944,35718.324,2620.6194
47.57448,8.287153,35720.547,2622.291
47.570736,8.288184,35817.766,2622.9448
47.56867,8.289486,35732.04,2623.9739
47.567307,8.2883,35765.094,2624.5117
47.566154,8.289299,35739.95,2625.2207
47.561966,8.289501,35733.562,2626.6982
47.561512,8.2891865,35735.1,2626.981
47.559376,8.289147,35697.176,2628.1333
47.557728,8.288854,35796.383,2629.4812
47.555897,8.2895,35704.63,2629.736
47.55464,8.289214,35715.33,2630.9104
47.55167,8.290319,35714.863,2631.7869
47.549393,8.288913,35756.957,2633.1262
47.54891,8.291407,35673.707,2633.7844
47.545856,8.290109,35706.66,2634.9702
47.54339,8.290446,35722.637,2635.6855
47.542988,8.290177,35666.305,2636.4592
47.540867,8.290267,35722.508,2637.102
47.538334,8.294477,35642.625,2637.81
47.535583,8.293149,35669.23,2639.3284
47.53471,8.292126,35664.9,2640.1208
47.531006,8.292515,35652.492,2640.5388
47.530956,8.292308,35662.234,2642.2974
47.528202,8.292204,35699.87,2643.0647
47.523903,8.292631,35685.832,2642.7537
47.52392,8.293817,35654.812,2644.4036
47.522205,8.293167,35692.844,2646.5173
47.520493,8.291753,35619.375,2646.5164
47.517056,8.294758,35629.582,2647.3638
47.51788,8.296955,35616.926,2648.0564
47.514614,8.295466,35579.883,2649.1987
47.51368,8.2964,35649.43,2649.7178
47.510197,8.29397,35567.094,2650.4927
47.508953,8.295184,35592.105,2651.599
47.50617,8.294929,35547.29,2652.92
47.504757,8.295899,35593.707,2654.099
47.50302,8.295149,35571.367,2653.7336
47.501785,8.29714,35587.293,2655.501
47.499073,8.295308,35589.43,2656.5776
47.496876,8.293316,35527.35,2657.2676
47.49531,8.294908,35619.285,2657.8718
47.494198,8.297056,35582.297,2658.269
47.49067,8.297935,35560.73,2659.2563
47.48826,8.298346,35552.215,2660.7285
47.48883,8.299105,35540.16,2661.3257
47.485085,8.29663,35522.285,2662.1755
47.48339,8.29845,35510.37,2663.7627
47.482414,8.299558,35572.867,2663.8086
47.478764,8.299414,35518.883,2664.805
47.477432,8.297993,35497.332,2665.9011
47.47616,8.300187,35504.78,2667.029
47.47555,8.300444,35452.33,2667.2534
47.473057,8.298338,35555.496,2668.6838
47.46887,8.300117,35452.637,2669.607
47.46754,8.300771,35452.895,2670.264
47.467426,8.301276,35422.37,2671.0696
47.46553,8.299804,35510.89,2672.6362
47.46221,8.300046,35418.324,2673.1409
47.461952,8.300584,35428.32,2674.141
47.45887,8.299834,35439.73,2674.737
47.4544,8.301524,35379.56,2675.8137
47.456238,8.301304,35436.613,2676.313
47.451782,8.301097,35369.977,2678.2683
47.44946,8.301144,35407.9,2678.4243
47.449883,8.302426,35383.98,2679.383
47.446236,8.302516,35370.598,2680.0132
47.444527,8.3042345,35465.152,2680.7493
47.441513,8.304267,35398.453,2681.7969
47.440968,8.304239,35403.016,2683.0942
47.439438,8.30464,35386.223,2684.291
47.43644,8.304458,35372.04,2684.308
47.435795,8.304524,35363.168,2685.4314
47.432106,8.304543,35341.21,2686.5583
47.43146,8.305413,35318.582,2687.4634
47.428925,8.305075,35350.87,2688.4116
47.427147,8.306051,35299.67,2689.1672
47.4265,8.307376,35312.234,2689.61
47.422714,8.306243,35321.6,2690.8184
47.421627,8.306954,35305.42,2691.7515
47.418762,8.308168,35295.39,2692.4446
47.417717,8.306294,35333.926,2693.2534
47.415607,8.305824,35241.215,2694.2307
47.414368,8.307422,35259.914,2695.1462
47.411808,8.306152,35272.76,2697.011
47.407135,8.307921,35239.227,2696.6382
47.40966,8.309654,35225.01,2698.0518
47.40773,8.306784,35210.12,2698.5383
47.404694,8.3061285,35293.66,2698.4749
47.403095,8.306879,35205.29,2701.774
47.40107,8.311377,35185.016,2700.5496
47.400185,8.309537,35304.918,2701.0635
47.3955,8.312629,35139.742,2703.066
47.39699,8.308999,35292.633,2703.8247
47.39013,8.308032,35179.73,2705.864
47.38649,8.310798,35197.637,2705.763
47.38899,8.317162,35149.58,2708.3281
47.386093,8.314032,35123.332,2706.6077
47.384773,8.309089,35168.926,2709.8684
47.38064,8.312463,35134.31,2709.7444
47.379528,8.313796,35091.57,2710.1938
47.37799,8.312136,35104.164,2711.5764
47.37729,8.312548,35090.426,2711.6548
47.374615,8.314022,35097.285,2713.4412
47.371128,8.314141,35033.652,2714.1458
47.371826,8.311777,35181.133,2715.6018
47.3702,8.314059,35013.18,2714.8682
47.367085,8.312972,35025.184,2717.1846
47.366417,8.313696,35049.664,2717.8364
47.362076,8.31437,35032.22,2717.8455
47.361923,8.314098,35022.9,2718.6672
47.35911,8.314604,35028.824,2720.7708
47.356842,8.314753,35002.207,2721.596
47.3553,8.314894,34998.23,2721.8687
47.3553,8.314939,34956.33,2723.2756
47.351746,8.315081,35023.44,2724.5466
47.34906,8.318359,34961.945,2724.035
47.350323,8.316544,34964.27,2725.5537
47.34407,8.314325,34946.02,2727.0625
47.342667,8.315517,34942.117,2727.6895
47.341213,8.318588,34934.246,2728.7966
47.33976,8.317988,34932.965,2728.6707
47.337902,8.318008,34919.656,2730.4382
47.33649,8.316038,34888.56,2730.775
47.333363,8.319364,34910.27,2732.0376
47.333096,8.319033,34863.426,2732.3013
47.329525,8.31997,34812.215,2733.2986
47.32874,8.31641,35038.438,2734.79
47.325558,8.321293,34802.445,2735.6138
47.32382,8.32015,34833.586,2735.6274
47.322247,8.320675,34824.402,2737.7026
47.3216,8.319802,34814.19,2738.3875
47.318985,8.319527,34783.566,2738.3093
47.31679,8.321572,34782.05,2739.5073
47.314247,8.3213005,34772.77,2740.6296
47.31249,8.32195,34757.23,2741.4353
47.31033,8.3224325,34729.727,2742.8823
47.308445,8.323084,34778.67,2743.1404
47.305824,8.3231535,34698.48,2744.1084
47.305103,8.322214,34700.195,2744.9092
47.303043,8.321093,34688.79,2746.0857
47.299397,8.322336,34733.945,2746.966
47.299175,8.322532,34681.29,2747.8755
47.298214,8.322687,34658.9,2748.7688
47.294304,8.325391,34638.824,2749.0195
47.294365,8.323285,34764.402,2751.2915
47.291836,8.325385,34617.914,2751.1038
47.289,8.32587,34631.234,2752.1536
47.28797,8.324927,34623.6,2752.7634
47.28526,8.322979,34640.41,2754.5493
47.28281,8.32378,34574.56,2755.2686
47.27994,8.323341,34572.035,2755.656
47.278114,8.328855,34584.14,2759.0173
47.277233,8.32787,34571.79,2756.1216
47.275223,8.325263,34498.836,2759.103
47.272987,8.324566,34678.184,2760.229
47.27141,8.325624,34468.73,2760.0984
47.26941,8.328316,34501.992,2761.3347
47.268665,8.327116,34506.07,2761.449
47.26681,8.330908,34491.117,2762.5066
47.26643,8.321306,34466.53,2761.881
47.262756,8.321199,34455.17,2766.741
47.26042,8.32981,34462.46,2764.1426
47.25776,8.330548,34470.566,2766.4326
47.25877,8.329279,34418.574,2768.0503
47.25432,8.33125,34389.43,2767.1646
47.252155,8.327954,34473.25,2769.9653
47.250996,8.331181,34362.836,2769.7188
47.2482,8.330276,34368.04,2770.114
47.24581,8.33085,34426.133,2772.2295
47.24516,8.33211,34350.414,2772.4194
47.240757,8.332014,34345.75,2772.6921
47.2394,8.333163,34309.55,2775.1218
47.237743,8.332163,34371.46,2775.7876
47.238014,8.333814,34301.785,2775.5845
47.234093,8.332569,34295.84,2777.0183
47.233067,8.332764,34282.965,2778.9875
47.228935,8.334278,34264.34,2778.8574
47.22691,8.331941,34247.05,2779.7388
47.22786,8.333331,34214.242,2780.6333
47.225178,8.332661,34203.71,2781.83
47.220867,8.333892,34199.07,2782.495
47.22009,8.332356,34187.89,2782.6638
47.21839,8.333698,34149.227,2784.724
47.217377,8.333941,34228.324,2785.3867
47.21434,8.335889,34128.027,2785.775
47.212452,8.335919,34136.277,2787.5432
47.208393,8.334437,34137.8,2787.4434
47.207767,8.335363,34124.344,2788.8472
47.20667,8.336763,34143.574,2789.8477
47.204575,8.338248,34082.316,2790.1184
47.202618,8.335304,34068.613,2791.329
47.19978,8.337068,34058.984,2791.631
47.19893,8.336192,34028.066,2792.81
47.197094,8.337281,33988.727,2793.4607
47.195694,8.337793,33969.223,2795.419
47.192287,8.336776,33985.562,2795.7734
47.19035,8.338911,33983.832,2796.5781
47.189484,8.338863,33936.547,2797.312
47.185844,8.339873,33943.0,2797.896
47.185406,8.339226,33974.27,2800.0107
47.18215,8.34066,33927.03,2800.764
47.180485,8.341079,33888.496,2800.5718
47.17915,8.338951,33892.066,2802.1477
47.17731,8.340995,33860.04,2803.6218
47.17441,8.339766,33852.24,2803.9785
47.1728,8.340401,33859.094,2804.651
47.17004,8.3394575,33823.992,2805.5059
47.167206,8.341318,33797.6,2806.4753
47.168793,8.338475,33867.215,2808.4111
47.16559,8.339233,33764.184,2808.082
47.162,8.342471,33748.445,2809.8306
47.16135,8.340592,33817.47,2809.916
47.159397,8.345697,33685.81,2810.8398
47.15907,8.34089,33725.895,2811.965
47.15269,8.339163,33754.73,2812.4116
47.151997,8.341916,33709.867,2813.445
47.150707,8.342899,33650.33,2814.9604
47.14824,8.345567,33654.0,2815.2017
47.147827,8.345512,33666.84,2816.4316
47.145786,8.3438225,33627.94,2818.2363
47.142628,8.343805,33634.215,2818.1533
47.139545,8.344461,33589.254,2819.0488
47.140236,8.347473,33562.72,2820.46
47.13839,8.345065,33538.758,2820.9893
47.134296,8.34373,33555.402,2821.3376
47.13213,8.342748,33511.14,2823.034
47.132805,8.3425455,33504.254,2823.0457
47.130074,8.346645,33461.926,2824.7285
47.125267,8.344279,33482.65,2825.591
47.12505,8.34727,33433.484,2826.2024
47.123215,8.348174,33421.055,2827.1187
47.121284,8.347898,33399.67,2828.8813
47.118603,8.3463955,33411.98,2828.418
47.1169,8.348441,33380.67,2829.44
47.11375,8.346937,33385.527,2831.6748
47.112923,8.345701,33359.973,2831.4207
47.112278,8.346999,33327.703,2831.7957
47.108112,8.345899,33274.59,2833.7166
47.10663,8.348337,33300.785,2834.5137
47.105892,8.348397,33284.637,2834.8057
47.103634,8.348087,33246.992,2835.246
47.10154,8.350922,33224.44,2837.175
47.100243,8.349134,33229.44,2838.0334
47.096424,8.349281,33194.97,2838.6902
47.095108,8.346729,33208.074,2840.5613
47.091106,8.3517065,33188.293,2841.2773
47.0921,8.353227,33102.797,2841.4854
47.09168,8.34996,33156.035,2843.4639
47.086304,8.349266,33080.355,2843.5754
47.08446,8.350384,33099.03,2843.909
47.083054,8.350866,33068.715,2845.3113
47.081226,8.351332,33046.965,2845.8965
47.079693,8.352118,33044.05,2847.1477
47.07762,8.351644,33014.676,2847.634
47.07437,8.351539,33011.15,2848.2107
47.0743,8.352273,32972.492,2850.1467
47.072075,8.351593,32975.33,2850.7268
47.070103,8.35368,32940.285,2851.1309
47.067596,8.354186,32913.258,2852.1572
47.06524,8.352814,32894.176,2853.0486
47.064556,8.355012,32858.668,2853.971
47.062435,8.355857,32831.832,2855.2776
47.059547,8.353671,32842.01,2856.884
47.05751,8.355772,32803.168,2856.5654
47.056675,8.354823,32800.547,2857.3506
47.054054,8.35479,32774.8,2858.9668
47.052036,8.355492,32747.064,2859.2117
47.050694,8.356047,32721.068,2859.7542
47.046234,8.357446,32682.396,2862.0022
47.045643,8.355421,32692.904,2862.7097
47.04479,8.354747,32665.344,2863.4028
47.041275,8.357021,32649.992,2864.129
47.042683,8.356248,32596.422,2864.8152
47.038387,8.354422,32630.125,2866.451
47.036114,8.357126,32578.2,2866.4475
47.034435,8.357548,32573.32,2867.4714
47.032112,8.361869,32520.56,2867.719
47.03184,8.358658,32513.312,2869.0198
47.027374,8.356003,32496.033,2871.2556
47.025673,8.357796,32504.465,2872.1643
47.025112,8.357314,32460.762,2872.0715
47.022526,8.359862,32440.18,2874.1665
47.01998,8.36441,32425.754,2873.17
47.01838,8.360558,32424.521,2874.8843
47.019356,8.3590145,32395.082,2877.073
47.012123,8.361044,32270.945,2877.3313
47.014034,8.36134,32291.705,2877.8298
47.012333,8.361465,32258.928,2879.3489
47.00781,8.361458,32280.227,2880.56
47.00647,8.361681,32245.125,2880.7239
47.00562,8.356958,32228.668,2881.415
47.00249,8.362716,32183.85,2882.6511
46.999187,8.361063,32192.244,2882.9392
46.99986,8.361704,32185.488,2884.465
46.99606,8.364974,32152.148,2885.3962
46.994785,8.364118,32184.988,2885.9978
46.994728,8.363161,32125.57,2886.9775
46.991226,8.3629055,32082.463,2887.659
46.987843,8.36392,32048.31,2889.3171
46.987354,8.364684,32031.021,2889.4226
46.985905,8.360995,31998.174,2890.4954
46.984486,8.363745,31986.432,2892.2505
46.980286,8.365343,31985.562,2892.5945
46.979153,8.367538,31950.844,2893.0684
46.976433,8.369244,31911.21,2895.6426
46.97384,8.36557,31870.977,2894.1023
46.97317,8.3637085,31843.574,2896.4343
46.97096,8.365577,31779.998,2896.2053
46.969177,8.365158,31816.44,2899.7644
46.964695,8.367845,31791.504,2899.6323
46.96559,8.3680105,31756.053,2897.6243
46.965244,8.368077,31732.436,2902.1897
46.96167,8.366413,31748.398,2900.567
46.96122,8.366957,31696.469,2902.5396
46.95819,8.369406,31656.377,2903.3787
46.955963,8.367577,31643.088,2905.1602
46.95377,8.370197,31618.32,2905.357
46.953194,8.370313,31620.016,2906.1792
46.95035,8.368928,31558.074,2907.2551
46.94778,8.3690605,31541.35,2908.3948
46.94776,8.3699255,31521.543,2909.0671
46.944107,8.369767,31490.14,2909.9897
46.942635,8.368466,31472.861,2911.8306
46.940132,8.371299,31451.438,2911.431
46.93996,8.370907,31401.787,2913.3203
46.93652,8.371447,31370.18,2913.0447
46.933853,8.370191,31344.877,2915.895
46.93359,8.37156,31310.227,2915.3154
46.931217,8.373354,31282.498,2916.281
46.92697,8.371308,31260.436,2917.0059
46.925262,8.373138,31246.373,2919.0923
46.92501,8.373016,31220.236,2919.5454
46.922485,8.374579,31214.223,2920.6365
46.920433,8.374568,31163.441,2921.0815
46.920475,8.3742,31200.545,2921.883
46.917534,8.374665,31113.457,2923.0283
46.91531,8.370765,31097.016,2922.2966
46.912853,8.370743,31073.674,2925.4968
46.909798,8.377712,31046.914,2925.182
46.909664,8.376473,31063.426,2925.8728
46.907562,8.3724985,31026.434,2927.9075
46.904774,8.375299,30995.076,2927.9446
46.90291,8.375416,30966.006,2929.2605
46.900284,8.376899,30915.338,2931.4387
46.8977,8.381828,30868.041,2932.5269
46.8974,8.380824,30846.156,2931.5903
46.89605,8.374928,30845.188,2932.0994
46.893414,8.373797,30749.812,2934.534
46.88939,8.376042,30757.943,2933.9697
46.888966,8.378793,30734.215,2936.4917
46.88894,8.376241,30710.402,2935.0437
46.88568,8.376853,30668.545,2937.8093
46.88417,8.374021,30668.227,2937.8198
46.88129,8.375276,30652.537,2938.684
46.87923,8.380343,30597.041,2941.0886
46.875916,8.378272,30613.023,2939.7773
46.877113,8.380537,30599.93,2941.992
46.874615,8.377433,30541.996,2941.8992
46.8706,8.3821125,30506.932,2944.0955
46.870472,8.381986,30497.477,2943.3472
46.869556,8.3796625,30478.523,2944.689
46.867146,8.380869,30454.08,2948.5784
46.864376,8.382754,30413.957,2945.543
46.864475,8.383414,30378.395,2948.345
46.860718,8.382946,30363.695,2949.6008
46.85756,8.384856,30338.736,2950.1003
46.857025,8.385757,30302.254,2951.0752
46.8543,8.385812,30238.635,2952.2783
46.85318,8.384822,30207.898,2953.1294
46.85064,8.385592,30151.795,2953.1936
46.848976,8.384602,30134.85,2954.7903
46.847584,8.386059,30109.59,2954.7024
46.8446,8.384247,30076.434,2955.2258
46.842964,8.3850975,30070.26,2956.8018
46.842194,8.3846245,30065.281,2958.3838
46.83823,8.383504,30022.95,2959.104
46.837765,8.3858385,29986.338,2959.8735
46.835552,8.38516,29945.03,2960.9197
46.833412,8.389011,29920.68,2962.1707
46.83012,8.386828,29899.44,2963.4106
46.829258,8.387216,29868.414,2963.8423
46.827915,8.390715,29863.676,2963.8845
46.82625,8.389283,29814.791,2965.6787
46.82552,8.387387,29804.363,2966.1582
46.822037,8.389499,29756.283,2967.5293
46.819645,8.389531,29719.78,2968.284
46.817657,8.391517,29673.107,2969.2322
46.81708,8.390187,29663.564,2969.7612
46.815292,8.389224,29662.906,2970.7898
46.81044,8.390601,29615.447,2971.29
46.810047,8.3901825,29610.312,2972.6296
46.808823,8.391267,29579.25,2973.7593
46.80634,8.391114,29545.809,2973.483
46.805103,8.390462,29503.021,2975.0505
46.802525,8.3928385,29488.078,2975.9893
46.800777,8.394532,29464.033,2976.881
46.798996,8.392932,29440.762,2977.398
46.79717,8.393949,29378.248,2978.507
46.796364,8.393086,29376.361,2980.0713
46.791256,8.3942375,29357.695,2980.8389
46.791416,8.395159,29333.018,2982.2415
46.788006,8.398031,29304.125,2982.1343
46.787376,8.396678,29261.146,2983.0278
46.785698,8.394271,29231.514,2984.285
46.78228,8.394106,29168.14,2986.106
46.781902,8.394017,29190.65,2986.4446
46.776936,8.397888,29126.24,2986.8953
46.779625,8.401543,29105.0,2988.3684
46.77608,8.39486,29056.832,2987.2256
46.774124,8.395093,29052.842,2990.176
46.773705,8.395968,29045.74,2990.6216
46.770485,8.397873,28943.84,2991.4678
46.769188,8.399832,28940.084,2990.3662
46.765278,8.402543,28891.186,2992.356
46.767345,8.398299,28932.39,2994.421
46.759068,8.394719,28893.543,2994.245
46.75842,8.399747,28874.643,2997.0598
46.75744,8.404356,28807.678,2997.7905
46.755203,8.40317,28815.115,2997.159
46.75448,8.400866,28782.682,2998.4355
46.752865,8.401392,28724.885,2999.93
46.75164,8.401272,28731.152,3001.899
46.747658,8.402298,28675.951,3000.545
46.749287,8.40084,28644.945,3001.5618
46.745785,8.401354,28613.77,3003.205
46.742226,8.399946,28602.787,3003.973
46.741497,8.40269,28581.31,3004.9053
46.740154,8.404344,28560.04,3005.7432
46.73774,8.405531,28531.229,3006.9233
46.734234,8.405319,28533.06,3007.756
46.73187,8.404443,28470.771,3009.1804
46.73197,8.406305,28399.295,3009.6982
46.728596,8.405547,28379.492,3010.6614
46.72861,8.405091,28380.33,3011.3691
46.72652,8.40531,28355.307,3012.2554
46.723457,8.408333,28314.912,3012.8845
46.721046,8.407828,28305.336,3014.048
46.720257,8.407852,28250.994,3014.4548
46.719425,8.406713,28225.094,3015.7803
46.713856,8.406325,28199.34,3017.2644
46.713146,8.407651,28160.395,3017.5874
46.71196,8.410877,28108.43,3018.7056
46.71053,8.407744,28119.646,3019.3076
46.70745,8.40758,28096.44,3020.8716
46.705555,8.409387,28048.89,3022.1267
46.703472,8.409469,28032.748,3022.215
46.701923,8.410246,27977.912,3023.4753
46.70081,8.410603,27967.615,3024.5876
46.698162,8.411846,27898.646,3024.7146
46.695904,8.411033,27932.705,3025.4722
46.694996,8.412234,27891.78,3027.1873
46.691574,8.41325,27839.611,3027.917
46.69095,8.412482,27857.809,3028.7275
46.68769,8.413018,27819.3,3029.4224
46.686665,8.412801,27788.744,3030.8145
46.68409,8.413188,27761.69,3031.2734
46.682056,8.415387,27689.371,3031.6897
46.680233,8.414705,27703.23,3032.812
46.678757,8.415127,27667.707,3034.2517
46.676876,8.413839,27644.426,3034.882
46.67431,8.415958,27600.39,3036.2961
46.67233,8.416678,27562.486,3036.9321
46.670193,8.416099,27557.229,3037.2375
46.669132,8.417375,27531.38,3038.723
46.666542,8.418949,27461.174,3038.9197
46.664856,8.420194,27457.979,3040.5623
46.66341,8.41977,27430.395,3041.0308
46.66173,8.417591,27375.977,3041.4177
46.65925,8.418255,27329.932,3043.176
46.657528,8.421314,27308.688,3044.6465
46.65691,8.420907,27300.586,3043.9526
46.6547,8.419762,27256.049,3045.0962
46.653282,8.421363,27235.648,3046.2961
46.651,8.418284,27262.969,3045.8098
46.644768,8.422418,27142.352,3049.36
46.644466,8.425925,27186.982,3050.9065
46.644127,8.423935,27209.357,3048.0034
46.640987,8.420347,27142.49,3051.7944
46.638496,8.421702,27105.979,3051.2952
46.63723,8.427614,27025.494,3054.1301
46.634064,8.424252,27050.133,3053.076
46.63426,8.42718,26990.002,3055.3025
46.63179,8.4271345,26959.729,3054.9492
46.63149,8.421951,26934.328,3055.878
46.626743,8.42505,26828.686,3057.5671
46.624176,8.427217,26861.795,3058.9363
46.622337,8.429366,26844.375,3059.1738
46.622143,8.426932,26807.438,3059.7244
46.62009,8.427849,26732.29,3061.6853
46.618183,8.426466,26774.84,3063.0503
46.615517,8.430205,26628.162,3062.6562
46.615025,8.429142,26725.572,3063.2085
46.614017,8.428908,26644.676,3065.0632
46.608727,8.430578,26610.938,3064.924
46.609344,8.4292965,26578.023,3066.6929
46.606842,8.42988,26581.834,3067.9163
46.60284,8.430346,26562.408,3069.0193
46.602894,8.431238,26486.254,3068.8284
46.601395,8.429836,26509.488,3069.8916
46.59898,8.433229,26467.078,3071.3464
46.596497,8.432149,26461.361,3072.0728
46.594807,8.434836,26367.824,3071.9255
46.59437,8.433331,26363.469,3073.4846
46.591633,8.432647,26357.758,3075.55
46.588448,8.434442,26356.64,3074.8481
46.586052,8.4352665,26239.027,3076.4434
46.585846,8.432919,26246.408,3077.6008
46.58442,8.433753,26231.55,3078.0535
46.58239,8.435269,26199.133,3079.3442
46.580193,8.434481,26199.71,3080.2441
46.578537,8.437511,26157.766,3081.5361
46.576183,8.437402,26057.344,3081.329
46.57527,8.4369335,26113.613,3083.4
46.57056,8.438812,26016.746,3083.0862
46.57056,8.438969,26046.707,3084.8613
46.569405,8.438481,26048.762,3085.2156
46.56513,8.439709,25881.62,3086.1443
46.564327,8.439779,25962.947,3087.16
46.562252,8.438772,25865.045,3088.9963
46.561348,8.438815,25872.305,3089.0305
46.559425,8.439241,25848.006,3090.7375
46.55663,8.441599,25811.344,3090.861
46.55458,8.442032,25778.494,3091.3801
46.55326,8.440449,25746.213,3093.8662
46.55006,8.440201,25743.045,3094.0571
46.549274,8.442744,25605.338,3094.3362
46.546562,8.44366,25551.959,3095.7832
46.545986,8.442741,25663.848,3096.648
46.54451,8.443666,25582.234,3097.5977
46.541286,8.441306,25566.457,3097.8713
46.53995,8.443409,25540.115,3099.6028
46.53797,8.444272,25513.826,3099.7427
46.53591,8.445868,25455.324,3101.6243
46.533607,8.448016,25414.236,3102.6104
46.53198,8.445449,25404.578,3103.484
46.53024,8.447092,25373.865,3103.9202
46.528793,8.445328,25369.227,3105.0024
46.527,8.447511,25330.021,3105.1562
46.52299,8.447723,25354.578,3107.072
46.520817,8.450151,25287.629,3107.6929
46.518253,8.450179,25219.682,3107.7122
46.51947,8.446209,25254.586,3110.7834
46.515293,8.447833,25211.012,3110.0203
46.51219,8.452006,25128.734,3112.3503
46.511864,8.451766,25106.191,3111.9731
46.510067,8.4504385,25121.592,3113.798
46.508694,8.45127,25091.191,3113.4155
46.50661,8.45024,25023.256,3115.0654
46.505493,8.449091,25060.004,3115.709
46.49969,8.452777,24877.393,3115.9148
46.50098,8.452653,24992.252,3118.2954
46.498627,8.452989,24963.025,3118.4773
46.496555,8.45368,24917.055,3119.6821
46.49512,8.452067,24872.877,3120.3848
46.49258,8.453252,24800.434,3121.9688
46.491592,8.452507,24789.637,3121.3386
46.490337,8.454867,24776.812,3123.8872
46.486614,8.456605,24712.977,3123.0479
46.484707,8.455613,24722.85,3124.7983
46.48532,8.455614,24663.844,3127.6794
46.479824,8.454622,24623.857,3127.352
46.479836,8.456715,24578.945,3128.8203
46.478382,8.455422,24575.55,3128.8232
46.474346,8.45954,24551.117,3129.5986
46.472454,8.456761,24516.752,3130.2625
46.472458,8.457385,24497.135,3132.0894
46.46964,8.455817,24445.719,3132.3167
46.46764,8.45801,24427.143,3133.2197
46.46555,8.459081,24420.107,3133.9937
46.46375,8.458839,24395.852,3135.3455
46.46236,8.458495,24357.947,3136.6062
46.459946,8.459808,24330.572,3136.9624
46.456467,8.46162,24249.861,3138.2693
46.456062,8.459451,24303.166,3139.5159
46.453632,8.460094,24267.707,3139.9329
46.45144,8.460549,24205.312,3140.71
46.451435,8.463483,24156.62,3142.2424
46.448547,8.461233,24106.63,3142.828
46.44679,8.46022,24114.96,3144.1284
46.44467,8.463962,23979.52,3144.2876
46.442657,8.463104,24081.232,3145.7659
46.44155,8.463271,24081.32,3146.2898
46.438557,8.464635,23993.535,3147.2048
46.435966,8.464807,23934.037,3147.7788
46.43484,8.462783,23969.264,3149.3818
46.43328,8.465173,23908.297,3150.1167
46.431316,8.46586,23865.918,3150.4998
46.428772,8.465961,23832.062,3152.1042
46.427696,8.464774,23821.656,3152.341
46.424397,8.466663,23798.865,3153.6682
46.423725,8.466762,23776.594,3154.2563
46.42131,8.467096,23753.68,3155.3074
46.419937,8.467056,23707.959,3156.5442
46.418716,8.468132,23682.006,3156.6416
46.415497,8.468185,23650.943,3157.9092
46.414722,8.467083,23612.904,3159.0662
46.41246,8.469479,23559.201,3160.1257
46.41008,8.470096,23548.205,3160.6658
46.408047,8.469195,23530.525,3162.1653
46.406013,8.471366,23473.58,3162.0486
46.405834,8.468838,23475.305,3163.2168
46.40294,8.470122,23435.455,3163.6118
46.40059,8.469486,23454.299,3165.2126
46.398666,8.470234,23426.295,3166.298
46.396404,8.472883,23295.523,3166.6868
46.395576,8.472663,23326.383,3167.0068
46.392803,8.474514,23271.377,3168.322
46.393433,8.471468,23309.219,3169.579
46.3874,8.471755,23262.33,3170.4639
46.384144,8.475069,23267.424,3173.712
46.384613,8.480652,23201.494,3173.1372
46.382187,8.476628,23147.873,3172.7903
46.382217,8.473112,23192.28,3174.5552
46.376648,8.476,23058.521,3175.815
46.37754,8.47411,23082.375,3175.825
46.37615,8.47649,23024.678,3177.5767
46.374466,8.475692,22993.395,3177.9622
46.37226,8.477579,22897.213,3179.3628
46.370697,8.474214,22929.12,3179.4758
46.36899,8.476307,22926.082,3180.988
46.36613,8.478175,22821.963,3181.2246
46.364956,8.477345,22869.29,3182.6865
46.363712,8.477401,22879.656,3184.1895
46.359043,8.479779,22677.871,3183.757
46.3594,8.478727,22782.016,3185.0647
46.357803,8.479149,22718.111,3185.9778
46.354645,8.479774,22654.867,3186.8682
46.354084,8.4791565,22665.31,3188.651
46.352142,8.477762,22600.664,3189.126
46.34968,8.479502,22558.254,3188.5825
46.3477,8.481182,22529.742,3190.0222
46.345833,8.480458,22558.934,3192.279
46.34272,8.481274,22477.09,3192.326
46.341934,8.481576,22486.242,3194.192
46.33985,8.481262,22441.559,3194.2458
46.33746,8.482691,22366.367,3194.7522
46.33609,8.480777,22373.477,3196.5703
46.3337,8.482562,22325.602,3197.5896
46.332714,8.482247,22262.336,3198.338
46.330856,8.483647,22264.707,3199.2683
46.32911,8.484371,22270.582,3199.913
46.32675,8.485499,22195.43,3200.1704
46.32454,8.485279,22219.234,3201.2837
46.323883,8.484279,22154.904,3202.3494
46.321045,8.484688,22099.504,3203.3308
46.320236,8.483652,22084.033,3204.5898
46.317272,8.487173,21981.93,3204.5728
46.315918,8.484802,22017.34,3205.903
46.313602,8.48525,21960.035,3206.9636
46.31204,8.4851675,21933.346,3208.061
46.310234,8.487579,21829.346,3209.187
46.308514,8.486317,21860.36,3210.1216
46.306774,8.488135,21813.266,3210.3594
46.30548,8.488334,21794.053,3211.3916
46.302517,8.48848,21758.031,3212.1963
46.301094,8.489993,21704.977,3213.4915
46.29938,8.488463,21715.34,3213.3826
46.298023,8.488259,21690.055,3215.6902
46.29511,8.490371,21615.01,3215.3745
46.29355,8.490062,21632.402,3217.2656
46.29152,8.48959,21610.531,3218.247
46.289295,8.490272,21586.107,3218.6025
46.288513,8.489282,21546.334,3220.5393
46.284992,8.49234,21494.922,3220.1372
46.284214,8.493216,21467.854,3222.849
46.28262,8.491881,21411.572,3221.8826
46.279587,8.493632,21347.992,3222.4695
46.27928,8.492042,21347.139,3225.4387
46.277027,8.491902,21295.77,3223.3423
46.27601,8.49387,21205.941,3227.314
46.273148,8.496318,21228.37,3225.2417
46.271557,8.495134,21162.26,3227.6077
46.26943,8.492472,21197.975,3229.0962
46.266876,8.492819,21144.695,3229.2705
46.266533,8.4942465,21118.287,3229.5464
46.264072,8.494711,21104.084,3232.8572
46.26127,8.497347,21056.238,3233.3552
46.260326,8.496547,21103.584,3233.4507
46.257973,8.4967575,21029.37,3234.6177
46.25659,8.496875,21008.105,3235.4734
46.25496,8.496785,20967.99,3236.4055
46.253384,8.497686,20917.52,3237.0298
46.251003,8.498374,20884.174,3238.0012
46.24812,8.497246,20861.432,3239.4194
46.24668,8.500742,20839.129,3240.0166
46.24401,8.499439,20845.574,3240.159
46.24274,8.500031,20805.812,3243.7935
46.240654,8.500798,20772.832,3242.1843
46.23961,8.50114,20741.645,3243.7644
46.238003,8.503249,20729.701,3243.811
46.235443,8.502183,20697.33,3245.734
46.234295,8.502046,20670.525,3246.4868
46.23312,8.502285,20629.943,3245.8206
46.231483,8.502064,20619.574,3248.193
46.228718,8.502889,20602.477,3249.1365
46.22648,8.503696,20561.791,3250.257
46.225212,8.503189,20527.352,3250.6394
46.22291,8.503341,20474.314,3251.8005
46.221474,8.503653,20461.062,3252.9329
46.219322,8.504614,20470.896,3253.2915
46.217144,8.504521,20437.354,3255.061
46.215275,8.505607,20365.68,3255.5234
46.213703,8.5060005,20321.107,3256.0337
46.211926,8.50673,20300.16,3257.5837
46.210087,8.507768,20293.33,3258.4314
46.207508,8.508297,20277.32,3259.169
46.20671,8.507387,20260.37,3259.8196
46.204144,8.508272,20238.906,3260.1934
46.202602,8.508881,20205.664,3262.1162
46.20043,8.510055,20182.4,3262.5117
46.198772,8.509357,20141.494,3263.3906
46.196693,8.510911,20131.072,3264.1953
46.195076,8.511413,20104.07,3265.854
46.193027,8.512379,20086.662,3265.9995
46.1923,8.512945,20050.967,3267.2263
46.190052,8.513525,20029.621,3268.2705
46.188263,8.513884,20009.988,3267.7925
46.186813,8.514537,19985.271,3269.7532
46.184807,8.513739,19954.24,3271.561
46.182697,8.514763,19913.012,3270.7827
46.179813,8.515463,19896.602,3273.4705
46.179153,8.516329,19862.582,3273.7412
46.17731,8.517186,19853.432,3274.461
46.17569,8.516961,19845.111,3275.2979
46.17401,8.518716,19827.66,3275.45
46.17252,8.518008,19821.13,3276.957
46.17056,8.518346,19803.69,3277.9197
46.168415,8.520096,19821.352,3278.217
46.166607,8.519849,19778.504,3278.638
46.163605,8.52145,19730.344,3280.659
46.162952,8.522652,19665.691,3282.4204
46.16102,8.524509,19651.64,3280.622
46.159485,8.522281,19619.838,3284.0876
46.158096,8.522594,19612.36,3284.1782
46.1557,8.522393,19572.148,3283.94
46.154545,8.524763,19561.08,3286.7222
46.152374,8.524442,19534.39,3285.1326
46.151276,8.527006,19492.83,3287.5745
46.150604,8.5242605,19483.402,3287.4226
46.147038,8.524932,19472.154,3289.7637
46.145206,8.527076,19474.578,3290.6604
46.142574,8.528697,19441.74,3291.3035
46.142715,8.528718,19430.592,3292.2625
46.139862,8.530025,19382.541,3291.9988
46.138027,8.530058,19371.396,3294.6099
46.136677,8.530462,19370.457,3294.1726
46.134315,8.532144,19328.693,3295.8225
46.13327,8.532564,19318.281,3296.062
46.130608,8.533808,19303.11,3297.7551
46.129154,8.533676,19272.965,3298.1821
46.12706,8.534537,19269.146,3299.9248
46.125782,8.534897,19225.01,3300.352
46.12339,8.5362015,19207.244,3300.6077
46.122833,8.537725,19203.191,3301.6418
46.120285,8.53727,19153.58,3302.5117
46.11793,8.538341,19139.566,3303.1248
46.11687,8.538356,19095.55,3305.0132
46.116245,8.540313,19084.352,3304.6804
46.11378,8.538341,19083.42,3306.3457
46.110474,8.5413685,19092.607,3306.9678
46.10929,8.541791,19015.473,3307.5974
46.109318,8.542376,18994.756,3308.7942
46.107418,8.543468,18988.945,3309.4768
46.104797,8.543616,18976.076,3310.699
46.103344,8.543519,18940.191,3311.5117
46.101337,8.545896,18917.463,3311.77
46.100018,8.546285,18888.559,3312.9358
46.098248,8.5482025,18918.783,3313.4958
46.096615,8.547278,18832.76,3314.816
46.093075,8.546919,18860.766,3315.9382
46.092773,8.549081,18817.021,3317.3633
46.091366,8.550337,18792.824,3317.4849
46.08878,8.55251,18854.94,3317.7927
46.087036,8.551358,18755.043,3320.8093
46.085495,8.551743,18743.785,3320.1763
46.08545,8.553549,18724.61,3321.126
46.082577,8.554668,18720.51,3321.5515
46.081028,8.554956,18660.299,3323.1367
46.07922,8.555687,18632.283,3323.8645
46.07704,8.555767,18627.244,3324.8303
46.07559,8.557285,18603.977,3325.5945
46.073807,8.55885,18575.352,3326.9329
46.072308,8.5580435,18560.809,3327.65
46.070312,8.559293,18542.0,3328.9233
46.06867,8.5602255,18501.852,3329.2078
46.068188,8.562446,18471.914,3330.144
46.065395,8.5610285,18459.148,3331.8296
46.064896,8.561746,18454.592,3332.0002
46.062874,8.564449,18426.293,3331.814
46.060757,8.565673,18437.258,3334.3333
46.059776,8.566248,18420.596,3333.1528
46.05676,8.567541,18368.826,3334.153
46.056545,8.566542,18392.492,3336.3677
46.052063,8.5675335,18354.244,3337.1106
46.051167,8.56909,18358.215,3338.8057
46.050938,8.570238,18288.115,3339.7192
46.047867,8.57067,18250.7,3339.9844
46.047237,8.57023,18286.809,3340.927
46.044224,8.570746,18194.059,3343.2217
46.044422,8.571744,18214.076,3343.2874
46.04109,8.573783,18167.865,3343.8567
46.040653,8.575332,18141.467,3344.4902
46.03975,8.575725,18127.812,3345.6726
46.036617,8.576722,18130.035,3346.4004
46.03582,8.576956,18083.57,3347.309
46.033504,8.576175,18021.77,3348.348
46.03143,8.579223,18057.62,3348.8865
46.030407,8.578746,17991.578,3349.1921
46.028854,8.580808,17973.31,3351.7593
46.026577,8.581666,18002.266,3351.995
46.025455,8.581311,17960.232,3352.8308
46.023518,8.583723,17952.232,3353.0325
46.022034,8.5835285,17903.486,3354.3901
46.020573,8.585174,17884.258,3355.7869
46.018898,8.586134,17851.246,3355.7007
46.017628,8.586973,17820.598,3357.063
46.016193,8.586904,17783.256,3358.376
46.01473,8.588656,17785.71,3359.0435
46.01221,8.589957,17788.947,3358.9768
46.011086,8.590034,17722.215,3362.0332
46.008575,8.591976,17690.762,3361.688
46.00721,8.592449,17693.05,3362.4536
46.006077,8.59278,17666.533,3363.7754
46.003532,8.592482,17670.266,3364.7913
46.001266,8.595192,17605.045,3365.6792
46.001675,8.596045,17618.08,3364.6562
46.00003,8.596535,17543.877,3367.4739
45.997234,8.596942,17532.188,3367.7578
45.997738,8.597636,17497.363,3369.953
45.99476,8.60063,17490.143,3369.5833
45.993,8.60115,17438.732,3371.5466
45.99069,8.603139,17405.193,3371.4998
45.990803,8.602262,17429.982,3372.7903
45.9884,8.602261,17412.186,3373.649
45.985798,8.603403,17340.105,3375.4185
45.98602,8.604706,17319.648,3376.0425
45.983227,8.606039,17314.576,3375.0034
45.982323,8.60765,17225.508,3378.4548
45.980488,8.608275,17229.986,3377.1904
45.9793,8.609005,17187.08,3379.1924
45.97748,8.610054,17157.014,3379.8635
45.975536,8.61087,17136.55,3382.3088
45.973804,8.613475,17163.746,3381.075
45.9728,8.612672,17085.043,3382.6582
45.971256,8.614089,17082.326,3383.1523
45.969147,8.613906,17049.479,3383.3127
45.96743,8.6151,17015.15,3385.7156
45.96607,8.616318,16970.652,3386.6497
45.964695,8.617727,16964.922,3385.9385
45.963593,8.618324,16903.656,3389.3308
45.961754,8.618766,16947.459,3388.3318
45.96028,8.621554,16888.412,3388.1436
45.95912,8.621021,16846.383,3391.408
45.957493,8.621631,16818.406,3391.8074
45.9561,8.623534,16779.137,3392.3254
45.95406,8.625231,16759.697,3392.9165
45.95372,8.624976,16727.59,3395.2698
45.950344,8.627231,16690.479,3394.743
45.948822,8.6278305,16683.803,3396.2659
45.948967,8.627641,16645.129,3397.5127
45.946358,8.629543,16618.83,3396.4019
45.94466,8.631155,16614.953,3399.377
45.94363,8.631219,16594.338,3399.93
45.943436,8.632109,16546.91,3400.7156
45.93973,8.632894,16522.04,3400.996
45.939125,8.634757,16455.885,3401.4246
45.93773,8.6369095,16453.156,3402.192
45.937233,8.632771,16433.486,3403.5745
45.93486,8.635788,16406.777,3406.0925
45.933834,8.637497,16362.094,3405.4702
45.932205,8.639395,16322.407,3406.784
45.930836,8.638821,16293.02,3408.2083
45.929188,8.64124,16263.752,3407.599
45.92667,8.642323,16252.129,3409.3333
45.92621,8.642679,16212.769,3409.5825
45.923866,8.644455,16225.64,3409.9934
45.923306,8.645132,16168.523,3412.4307
45.921528,8.646192,16125.291,3412.5059
45.92,8.648206,16114.498,3412.017
45.91792,8.648638,16051.596,3414.5432
45.917885,8.650097,16017.447,3415.7678
45.91562,8.650081,16012.466,3416.1504
45.91445,8.650897,15961.237,3416.872
45.912437,8.653154,15957.514,3419.3616
45.91058,8.654394,15916.266,3419.114
45.909645,8.655072,15900.167,3421.2131
45.909054,8.656006,15839.274,3420.9868
45.907238,8.655392,15794.999,3422.579
45.905296,8.657817,15775.505,3422.8608
45.90462,8.658896,15723.564,3422.8606
45.90375,8.658429,15708.598,3424.8967
45.90131,8.660525,15713.24,3424.749
45.900276,8.660525,15675.809,3425.8022
45.898132,8.663594,15657.71,3426.5886
45.89682,8.66287,15566.659,3429.3384
45.896057,8.66455,15566.889,3428.7913
45.894688,8.664844,15524.326,3430.376
45.892593,8.666764,15521.615,3430.8313
45.892117,8.667946,15503.237,3431.1494
45.89115,8.668047,15428.616,3433.2334
45.889244,8.669878,15446.407,3433.2322
45.888115,8.671383,15387.039,3434.8179
45.886448,8.67285,15355.887,3435.751
45.884678,8.671876,15335.638,3436.2947
45.88439,8.674326,15267.314,3437.9734
45.88186,8.674923,15256.694,3437.56
45.880074,8.6762905,15257.346,3438.1611
45.879684,8.677537,15188.45,3439.3774
45.879036,8.677716,15146.672,3440.8745
45.8776,8.679192,15130.29,3441.9536
45.87612,8.680674,15087.84,3442.2737
45.87424,8.681269,15051.354,3443.8342
45.872402,8.68275,15046.905,3444.0178
45.872005,8.68408,15011.139,3445.0784
45.86988,8.684594,15018.217,3445.9683
45.86876,8.686252,14968.852,3447.0078
45.867447,8.686672,14913.301,3447.6008
45.865795,8.687506,14884.155,3448.755
45.865345,8.688308,14841.794,3449.3005
45.8637,8.688482,14805.457,3450.735
45.861755,8.690967,14787.327,3451.041
45.861237,8.691934,14757.492,3452.5266
45.859913,8.694007,14708.72,3453.247
45.85804,8.694891,14677.761,3453.6348
45.856827,8.69661,14649.084,3454.4365
45.85662,8.6950865,14585.991,3456.4016
45.854435,8.695824,14565.764,3456.8357
45.85245,8.698762,14506.982,3457.19
45.852077,8.70081,14515.708,3458.0244
45.851547,8.700208,14466.397,3458.6406
45.849564,8.700719,14425.301,3460.3618
45.84895,8.700895,14469.974,3459.1494
45.846645,8.701045,14385.154,3462.4146
45.845318,8.7046995,14391.146,3462.4734
45.842857,8.706388,14382.868,3463.5457
45.84397,8.70594,14355.933,3465.0012
45.84173,8.706685,14294.859,3465.2053
45.83956,8.709026,14229.37,3467.1619
45.83903,8.710925,14228.305,3466.7617
45.837635,8.7106495,14213.628,3468.1204
45.836243,8.711819,14162.771,3469.0378
45.83496,8.712235,14147.116,3469.4702
45.83416,8.716369,14110.121,3471.4565
45.832928,8.715204,14101.071,3471.093
45.83095,8.716392,14097.347,3472.7747
45.83045,8.71767,13988.128,3473.458
45.828667,8.719888,14057.916,3473.8083
45.827324,8.7195,14022.05,3474.2954
45.82614,8.720498,13993.121,3476.2004
45.824883,8.721592,13912.732,3477.837
45.82416,8.723113,13864.603,3478.4497
45.8222,8.724953,13831.516,3479.408
45.821426,8.725285,13790.808,3480.051
45.819786,8.725588,13793.575,3481.6465
45.81861,8.72728,13785.512,3481.6912
45.81805,8.728536,13751.293,3483.0051
45.81605,8.7301445,13754.609,3483.5898
45.81512,8.731336,13685.174,3484.6921
45.813843,8.731564,13648.328,3485.6501
45.812634,8.733039,13635.482,3486.6045
45.81104,8.733587,13613.43,3486.818
45.809868,8.735585,13548.476,3487.6965
45.809593,8.737358,13511.468,3489.5164
45.8072,8.739128,13607.574,3488.7065
45.807674,8.738712,13411.0625,3491.0464
45.804863,8.739454,13471.954,3491.4968
45.80379,8.741345,13433.42,3492.2095
45.802673,8.742549,13389.684,3493.1787
45.80167,8.742822,13391.155,3494.9487
45.799564,8.744209,13410.351,3494.3772
45.799007,8.745972,13311.213,3496.563
45.797897,8.74685,13286.361,3497.2598
45.796474,8.748455,13301.245,3498.0173
45.79595,8.748837,13217.149,3498.8186
45.794365,8.750021,13257.097,3499.3328
45.79289,8.750724,13201.127,3500.326
45.792065,8.751836,13144.55,3501.5508
45.79121,8.753463,13132.812,3502.0627
45.78942,8.754423,13117.025,3502.8606
45.78785,8.755836,13108.116,3504.1948
45.787613,8.756926,12988.12,3505.8867
45.78607,8.759114,13065.834,3505.541
45.784393,8.758966,13023.224,3507.1423
45.783516,8.760465,12987.561,3508.1646
45.7823,8.761171,12951.479,3508.361
45.78199,8.763134,12932.629,3509.5193
45.780373,8.763151,12880.475,3510.4304
45.77918,8.764046,12854.689,3510.6501
45.778122,8.764759,12834.856,3512.1252
45.776398,8.7659645,12818.631,3513.7966
45.775,8.767335,12796.953,3513.878
45.775105,8.768691,12744.708,3514.8547
45.772724,8.770041,12711.649,3515.439
45.772762,8.770588,12697.332,3517.2488
45.770416,8.770649,12680.917,3518.2578
45.76834,8.772848,12680.162,3519.6914
45.76819,8.776586,12661.573,3520.4597
45.766346,8.775643,12616.429,3519.4766
45.76588,8.775038,12621.046,3523.355
45.76386,8.776532,12530.635,3522.4065
45.76358,8.777999,12510.411,3523.8347
45.76227,8.779705,12523.999,3524.511
45.762257,8.779668,12420.535,3525.858
45.76032,8.780781,12445.71,3525.7583
45.759636,8.781038,12392.878,3527.617
45.75742,8.782328,12442.389,3528.41
45.756905,8.784713,12366.572,3527.7664
45.756207,8.784294,12318.026,3529.6914
45.75468,8.785086,12358.207,3531.3157
45.752243,8.786984,12368.266,3531.4822
45.7524,8.787719,12337.082,3532.1438
45.751038,8.789027,12243.725,3534.2183
45.74916,8.789525,12297.47,3533.553
45.748844,8.79002,12178.257,3535.3782
45.74729,8.791769,12168.163,3536.686
45.745827,8.792788,12170.994,3537.0571
45.74545,8.793566,12093.901,3538.3843
45.743694,8.794181,12092.962,3538.921
45.742775,8.795453,12077.902,3540.5703
45.7419,8.796735,12019.689,3541.2124
45.740105,8.798215,12015.673,3541.3245
45.739967,8.798937,11967.686,3543.1177
45.73812,8.799519,11975.087,3543.4949
45.736687,8.800565,11960.837,3544.1167
45.735977,8.801249,11935.817,3545.2983
45.735043,8.801707,11866.556,3547.226
45.7333,8.803377,11859.206,3547.7217
45.732323,8.804602,11787.357,3548.6416
45.73085,8.805168,11787.393,3549.8706
45.73032,8.80624,11748.217,3550.8064
45.72914,8.807126,11747.577,3550.6494
45.72738,8.808035,11783.661,3552.0217
45.726845,8.808763,11742.786,3552.8547
45.72649,8.809453,11688.636,3554.0193
45.72446,8.810967,11694.531,3554.642
45.72277,8.81168,11671.854,3555.8108
45.72184,8.812959,11624.627,3556.8916
45.72141,8.813496,11575.367,3558.443
45.71978,8.814253,11601.656,3558.799
45.718765,8.814997,11548.537,3559.8992
45.717625,8.816082,11539.726,3560.2048
45.716637,8.817185,11535.59,3561.4204
45.71612,8.818234,11401.882,3563.4243
45.71386,8.818622,11444.197,3563.6348
45.71307,8.819576,11409.077,3564.3435
45.711567,8.821122,11380.172,3566.2385
45.711998,8.821968,11318.333,3566.1414
45.709377,8.82225,11350.208,3567.6716
45.708378,8.8236,11310.002,3568.1682
45.707832,8.823917,11316.628,3568.8123
45.70669,8.824615,11243.856,3569.3625
45.705494,8.82498,11231.444,3570.9333
45.70473,8.82663,11170.83,3572.639
45.702316,8.8271265,11189.147,3572.6707
45.701515,8.828609,11182.058,3573.955
45.70083,8.82879,11156.415,3573.9258
45.699406,8.828738,11157.167,3576.8875
45.697994,8.830452,11093.636,3575.437
45.69701,8.831592,11069.563,3577.2356
45.6965,8.832544,11050.538,3578.2798
45.695053,8.831655,11032.053,3577.597
45.694187,8.833457,11012.088,3579.4446
45.693546,8.834171,10966.796,3580.6228
45.691784,8.835203,10995.002,3581.7134
45.69044,8.836369,10961.999,3582.4504
45.689495,8.837095,10916.258,3584.3508
45.68842,8.83795,10888.136,3584.4426
45.686817,8.838718,10859.53,3585.9995
45.685402,8.83983,10842.613,3586.753
45.684982,8.840033,10828.566,3586.9277
45.683815,8.840301,10810.206,3588.05
45.68292,8.841591,10776.503,3589.2036
45.68156,8.843231,10721.592,3589.3318
45.68066,8.84257,10751.629,3590.726
45.679256,8.844058,10720.47,3592.2214
45.67771,8.8445635,10668.549,3593.2761
45.6769,8.845776,10677.781,3594.054
45.67553,8.846083,10637.497,3593.454
45.67369,8.847646,10618.981,3595.6477
45.673443,8.8472805,10566.573,3596.4858
45.67213,8.848134,10584.828,3596.7078
45.67097,8.848615,10566.451,3597.802
45.670082,8.849514,10510.502,3598.7913
45.668926,8.850779,10494.8545,3599.8433
45.66774,8.851181,10507.738,3600.3943
45.666836,8.852077,10431.108,3601.8027
45.665768,8.853003,10451.796,3601.9626
45.66475,8.85356,10403.82,3603.2334
45.66316,8.853845,10386.665,3603.769
45.662334,8.854078,10345.423,3605.3171
45.660538,8.855122,10332.418,3606.3606
45.659733,8.855691,10301.209,3606.9763
45.658283,8.856851,10287.903,3607.0708
45.658237,8.857469,10227.992,3608.826
45.656128,8.858508,10240.843,3608.4868
45.6556,8.858549,10188.9,3610.2058
45.65344,8.859611,10271.14,3608.5906
45.654133,8.860555,10107.949,3612.654
45.651386,8.860777,10173.231,3611.3032
45.650696,8.860971,10099.066,3614.0662
45.64939,8.861894,10072.478,3614.3862
45.64809,8.8621235,10065.816,3615.5505
45.646965,8.863242,10018.777,3616.3232
45.64629,8.863778,9991.01,3617.584
45.645115,8.864094,9977.341,3618.0547
45.64367,8.8647785,9972.928,3618.7527
45.642406,8.865726,9923.749,3619.7249
45.641846,8.866813,9899.822,3620.9219
45.64014,8.866564,9896.7705,3620.3213
45.639748,8.86769,9842.64,3623.1372
45.637703,8.867279,9860.785,3622.8801
45.63669,8.869315,9805.049,3623.5518
45.635284,8.869788,9807.026,3624.1206
45.63503,8.87036,9753.37,3625.8306
45.633507,8.870255,9756.102,3625.8486
45.632725,8.87068,9737.793,3626.257
45.63121,8.8714075,9716.342,3627.7454
45.63026,8.872278,9693.824,3628.7153
45.62875,8.873693,9639.627,3629.509
45.62796,8.87367,9606.363,3631.1882
45.626263,8.873609,9665.555,3630.0208
45.62553,8.8743,9572.27,3631.6396
45.623924,8.875452,9536.846,3634.0793
45.623817,8.8758545,9552.706,3633.911
45.621487,8.8762665,9507.011,3635.4363
45.621284,8.87721,9490.426,3635.2422
45.6197,8.877525,9448.1045,3636.2903
45.619053,8.87837,9399.101,3637.2458
45.61737,8.878769,9381.854,3637.4604
45.616287,8.878816,9350.839,3639.6306
45.615143,8.879629,9337.109,3639.377
45.61392,8.880055,9306.24,3640.592
45.61293,8.880576,9274.918,3641.6562
45.61195,8.881086,9267.059,3642.3796
45.611267,8.881422,9233.698,3643.541
45.609318,8.882199,9208.606,3643.6084
45.608444,8.883029,9180.495,3645.3918
45.607456,8.884023,9155.785,3645.625
45.606617,8.883563,9160.861,3647.1636
45.604958,8.883922,9163.278,3646.535
45.603672,8.884893,9116.952,3650.2617
45.602757,8.885613,9081.364,3649.571
45.601204,8.886077,9068.391,3648.9998
45.600292,8.885942,9027.698,3651.3472
45.60034,8.887274,8948.239,3652.8
45.59854,8.886979,8982.575,3652.3784
45.596985,8.887593,8943.788,3652.9514
45.59582,8.88836,8913.247,3654.7615
45.594837,8.888758,8885.513,3655.1377
45.59346,8.8892765,8853.963,3656.053
45.592213,8.889055,8829.904,3657.023
45.59139,8.8902445,8807.67,3657.6648
45.590305,8.89092,8777.343,3658.477
45.590225,8.891925,8716.066,3660.0576
45.587723,8.891232,8736.228,3659.6492
45.586853,8.89183,8712.441,3660.649
45.58526,8.892345,8722.911,3661.271
45.586147,8.894275,8636.04,3663.5896
45.58282,8.893503,8700.898,3663.535
45.581852,8.893789,8628.38,3664.0203
45.581383,8.893699,8572.436,3665.7085
45.57987,8.894836,8514.794,3666.626
45.578777,8.894914,8479.085,3666.7363
45.57771,8.895088,8453.885,3668.2395
45.576748,8.895695,8451.335,3669.2627
45.575603,8.896162,8405.019,3669.9688
45.57407,8.897123,8430.402,3670.9912
45.57333,8.896561,8440.078,3672.1934
45.571587,8.897385,8416.991,3672.334
45.571198,8.8974285,8348.777,3673.2422
45.569744,8.898118,8312.301,3674.0388
45.56847,8.899257,8278.657,3675.8364
45.56751,8.89911,8272.455,3674.5396
45.566525,8.899103,8246.288,3676.1436
45.565296,8.899273,8223.309,3678.8162
45.56389,8.900019,8183.121,3677.797
45.56312,8.9003525,8165.673,3679.4517
45.561275,8.9013195,8152.4365,3680.1504
45.561153,8.901455,8091.333,3681.2659
45.5592,8.90094,8056.0054,3682.459
45.558186,8.901344,8053.464,3683.638
45.55692,8.902006,8084.779,3683.8408
45.555878,8.902317,8010.2,3684.693
45.55438,8.903012,7994.874,3686.448
45.553905,8.903083,7943.905,3686.946
45.552414,8.903147,7912.9805,3687.7998
45.551403,8.9035845,7894.0854,3688.7424
45.55017,8.904037,7936.344,3689.2615
45.549114,8.904068,7873.992,3691.1487
45.54818,8.905275,7788.242,3691.9534
45.54664,8.905134,7768.7207,3691.2466
45.546413,8.905132,7736.8164,3693.2104
45.54498,8.905864,7678.174,3693.734
45.543663,8.905791,7686.797,3695.5066
45.54223,8.906509,7660.5435,3696.0818
45.541832,8.9065485,7625.8286,3696.058
45.54037,8.907147,7586.2124,3697.585
45.53892,8.906603,7579.8853,3699.4065
45.537865,8.907164,7524.9214,3699.5334
45.536755,8.90789,7521.45,3700.514
45.536003,8.907868,7469.4033,3702.0068
45.53402,8.908289,7461.68,3702.2668
45.53341,8.908279,7442.1064,3703.7898
45.53217,8.908441,7460.147,3703.7546
45.532253,8.910091,7361.297,3705.5884
45.5297,8.909141,7455.301,3705.3984
45.528645,8.909216,7377.1978,3706.4
45.52786,8.909549,7293.375,3708.669
45.526413,8.909647,7266.3525,3708.922
45.525696,8.910065,7210.7363,3709.1057
45.524704,8.909989,7174.446,3710.3728
45.523193,8.910461,7183.657,3712.6138
45.522076,8.91109,7154.7476,3713.405
45.52125,8.910859,7159.901,3714.8123
45.52001,8.910949,7154.8125,3714.353
45.518635,8.911401,7090.1973,3715.3127
45.517735,8.911526,7045.637,3716.9102
45.51674,8.911163,7027.015,3719.1636
45.51547,8.912003,6997.6313,3719.0144
45.51465,8.912414,7010.4136,3719.2095
45.5136,8.912707,6964.3384,3720.633
45.512306,8.912916,6938.768,3721.6648
45.51097,8.912879,6926.896,3722.7751
45.50993,8.913095,6909.95,3723.676
45.509144,8.913111,6852.221,3725.9326
45.507557,8.913573,6861.95,3725.2935
45.50652,8.913349,6836.448,3727.164
45.505066,8.913921,6820.056,3727.5847
45.504333,8.913529,6800.779,3729.031
45.503136,8.914478,6766.8804,3729.3223
45.502037,8.9143915,6743.8315,3730.3306
45.501408,8.914947,6676.3853,3733.064
45.500275,8.914379,6672.391,3732.7915
45.499138,8.914749,6631.1895,3732.8513
45.498077,8.914704,6621.8003,3734.9722
45.496773,8.915574,6576.1323,3736.281
45.495773,8.915228,6540.383,3736.2043
45.494976,8.915561,6494.5425,3738.9236
45.494255,8.916359,6458.3003,3737.141
45.492676,8.915225,6499.2827,3740.3262
45.491383,8.915396,6455.398,3740.0552
45.491253,8.915879,6425.493,3742.6465
45.48941,8.916916,6415.8745,3742.5984
45.488735,8.915883,6381.8853,3742.9807
45.48856,8.916223,6362.3003,3744.0828
45.486553,8.916353,6357.582,3743.7346
45.485344,8.9159975,6369.204,3748.0994
45.48441,8.917186,6321.4546,3746.4177
45.48351,8.917757,6304.3193,3748.5452
45.48263,8.917381,6265.357,3748.005
45.481434,8.917134,6237.457,3750.0457
45.479652,8.9176235,6253.719,3752.756
45.478405,8.917023,6251.5435,3751.8948
45.4783,8.919519,6112.3755,3756.0383
45.477234,8.918335,6134.2783,3753.574
45.476376,8.918052,6103.7104,3757.8164
45.47534,8.918162,6088.8022,3756.0615
45.473526,8.918715,6089.3696,3757.7954
45.47306,8.919192,6032.9297,3758.886
45.471638,8.918683,6018.692,3759.8313
45.471333,8.919236,5970.549,3760.166
45.47008,8.918375,5996.858,3761.229
45.468555,8.918925,5961.478,3763.5642
45.46819,8.919257,5927.6606,3762.828
45.466976,8.919475,5932.177,3764.8203
45.466213,8.919674,5872.438,3766.168
45.464653,8.919476,5891.704,3766.657
45.463867,8.919539,5842.95,3767.3967
45.46331,8.919254,5828.198,3768.8486
45.461834,8.91955,5827.4346,3769.3896
45.460896,8.919201,5792.706,3770.0598
45.459747,8.91977,5787.7954,3771.5315
45.458836,8.919844,5756.1836,3772.4583
45.45797,8.92007,5730.0054,3772.959
45.457035,8.92014,5746.0513,3774.728
45.45612,8.919907,5683.292,3775.5764
45.454567,8.920115,5685.399,3776.413
45.453968,8.919946,5655.8374,3776.458
45.45274,8.91996,5632.5405,3778.2427
45.452057,8.919673,5620.1978,3778.2896
45.450703,8.919672,5583.8994,3779.7163
45.450172,8.919282,5559.7383,3781.423
45.449097,8.919644,5561.715,3781.8835
45.448124,8.919271,5505.953,3783.0964
45.447723,8.919507,5495.6167,3784.2615
45.44635,8.919507,5481.997,3784.9976
45.445297,8.918936,5500.5923,3786.192
45.44477,8.919112,5516.1426,3786.7969
45.443657,8.918859,5443.4775,3787.7085
45.44281,8.918913,5416.5693,3788.7368
45.441845,8.918672,5389.293,3789.5022
45.440895,8.918733,5395.4644,3790.887
45.440018,8.91818,5371.0293,3791.7786
45.43898,8.917894,5352.5376,3792.2222
45.438374,8.917635,5340.7725,3793.2717
45.437103,8.917557,5343.419,3794.9788
45.436695,8.917388,5332.971,3795.8328
45.435585,8.916894,5300.227,3795.953
45.43484,8.916281,5273.103,3796.4663
45.43449,8.916325,5247.2856,3798.211
45.43275,8.9160385,5237.275,3798.5066
45.432514,8.915583,5212.6865,3800.4766
45.431393,8.9154215,5181.9336,3801.305
45.430664,8.914644,5144.3525,3801.6272
45.42965,8.914157,5135.7085,3802.5889
45.429016,8.914078,5117.347,3805.0608
45.428432,8.91342,5140.767,3805.1743
45.427185,8.9133835,5086.873,3805.6167
45.427837,8.912553,5084.6123,3806.281
45.42597,8.912382,5055.89,3806.8267
45.425526,8.911613,5059.186,3809.2156
45.42525,8.911324,5031.188,3809.484
45.42407,8.910152,4965.5005,3810.5366
45.42383,8.909976,4981.2188,3809.8933
45.42279,8.909766,5007.5703,3811.3862
45.422752,8.908404,5018.4116,3812.961
45.420715,8.907317,4947.4766,3813.78
45.420204,8.907949,4877.3896,3816.54
45.420486,8.907686,4826.5947,3815.2761
45.419575,8.90628,4845.4854,3817.3972
45.41931,8.905225,4886.3936,3817.4512
45.417675,8.904889,4812.659,3819.1921
45.417805,8.903818,4802.7324,3820.475
45.416866,8.90316,4773.0493,3820.7388
45.416805,8.902302,4725.492,3822.0393
45.415913,8.9013815,4690.933,3822.5886
45.415504,8.900135,4679.6333,3823.79
45.41535,8.899965,4668.22,3824.8762
45.414185,8.898996,4662.101,3825.3381
45.413555,8.898298,4649.776,3825.9438
45.41356,8.897568,4626.612,3827.406
45.412697,8.8961115,4609.359,3827.5105
45.4126,8.895373,4592.28,3828.5618
45.411987,8.894301,4545.886,3829.9697
45.411747,8.893365,4555.599,3830.2017
45.41101,8.892595,4538.7705,3831.6694
45.410732,8.891452,4494.3223,3832.823
45.410606,8.890739,4490.072,3832.9766
45.41012,8.889401,4494.1353,3833.3906
45.409767,8.888794,4506.9976,3834.7678
45.409313,8.887465,4469.482,3836.1763
45.409042,8.886147,4471.278,3836.7747
45.408627,8.885013,4448.205,3838.7405
45.408176,8.883682,4434.297,3838.8845
45.408257,8.883136,4412.342,3839.3474
45.408165,8.881579,4389.59,3840.7378
45.4077,8.880797,4375.996,3841.4734
45.40796,8.879513,4409.0684,3841.989
45.40762,8.878017,4379.353,3843.156
45.40725,8.876794,4356.7065,3844.3022
45.407524,8.875643,4314.1387,3845.4868
45.406948,8.874248,4265.5874,3845.6062
45.406883,8.873201,4274.493,3847.7034
45.4068,8.871697,4284.442,3847.6094
45.406536,8.870646,4275.328,3848.3816
45.4066,8.869466,4254.622,3848.9685
45.406685,8.868269,4245.424,3849.8862
45.40642,8.866936,4235.38,3850.417
45.406357,8.865464,4207.2783,3851.2456
45.406742,8.864324,4189.0034,3852.133
45.406464,8.862816,4167.673,3853.4785
45.406418,8.861777,4157.314,3854.4949
45.40655,8.860272,4152.242,3855.3184
45.40656,8.859115,4119.988,3855.3013
45.40634,8.8581085,4134.7095,3857.7205
45.406624,8.85664,4131.4004,3858.242
45.406765,8.855266,4135.051,3859.2473
45.406857,8.853915,4139.209,3859.4868
45.40708,8.853023,4126.1855,3860.3884
45.40696,8.851225,4103.4307,3861.078
45.407307,8.850111,4070.7466,3864.0652
45.407265,8.848638,3990.0364,3862.285
45.408024,8.847582,4008.4426,3863.6702
45.40813,8.846408,4008.7415,3864.7039
45.408287,8.844553,3988.6213,3863.7864
45.408657,8.843407,3989.896,3868.6086
45.408463,8.842348,4008.7903,3867.0354
45.409275,8.841227,4062.7139,3866.1335
45.409378,8.840113,4051.4146,3868.9592
45.409744,8.83836,4024.8728,3869.8242
45.40992,8.837463,4002.8796,3871.9377
45.409897,8.835905,4027.7766,3871.68
45.410385,8.836067,3949.34,3875.0364
45.41091,8.834367,3971.3152,3871.75
45.41176,8.83242,3973.762,3875.2502
45.411785,8.831167,3899.1584,3875.8396
45.412033,8.829886,3897.2866,3876.1875
45.412495,8.828781,3874.4084,3878.1848
45.413197,8.827411,3865.2456,3876.6226
45.41381,8.826495,3847.3584,3879.6045
45.41358,8.825623,3843.171,3880.4797
45.414463,8.824423,3858.9658,3878.3057
45.4147,8.823065,3835.3137,3881.8826
45.41527,8.822095,3816.6968,3882.0315
45.415924,8.821221,3827.2073,3881.3608
45.41667,8.819703,3839.4182,3883.238
45.4169,8.819102,3797.1667,3886.0623
45.41705,8.817635,3807.3596,3885.5195
45.418182,8.816777,3756.8435,3887.14
45.418484,8.815635,3724.956,3887.281
45.419106,8.814753,3711.699,3888.2717
45.419502,8.813634,3748.1372,3888.537
45.420254,8.812775,3754.187,3889.7476
45.42088,8.811775,3778.8171,3891.389
45.421516,8.81092,3763.1086,3891.5076
45.42214,8.809909,3731.3474,3892.2148
45.422634,8.809079,3720.0422,3893.8083
45.423176,8.808191,3758.6086,3894.0479
45.423904,8.807243,3763.544,3894.317
45.42432,8.806529,3717.631,3897.1216
45.42513,8.805757,3716.647,3897.3408
45.425804,8.804799,3717.688,3898.1978
45.42652,8.8039465,3737.6553,3898.9875
45.427147,8.802946,3741.8362,3899.66
45.42791,8.802432,3668.8098,3900.8555
45.428642,8.801343,3618.7258,3901.9866
45.429382,8.800851,3607.0,3902.9348
45.429855,8.799756,3639.5962,3903.8372
45.4305,8.799069,3650.3044,3904.3745
45.431282,8.798522,3647.9148,3905.5398
45.431843,8.797805,3624.4673,3905.6704
45.43264,8.797038,3613.148,3906.8887
45.433117,8.796511,3579.662,3907.1904
45.433884,8.795746,3545.4622,3908.7915
45.434654,8.795067,3543.2412,3909.3777
45.435177,8.794403,3534.8857,3910.9128
45.435833,8.793801,3556.6467,3911.1753
45.436462,8.793108,3538.7542,3912.2207
45.43722,8.792357,3543.495,3913.1926
45.43775,8.792091,3553.3289,3914.5393
45.43846,8.791244,3538.4612,3915.9634
45.43925,8.790672,3582.136,3916.6704
45.43997,8.790192,3542.1382,3917.8552
45.440727,8.78952,3503.4832,3918.3367
45.44148,8.788841,3481.8337,3918.411
45.442043,8.788433,3494.3008,3919.831
45.44279,8.787706,3468.2874,3921.1226
45.44379,8.787197,3474.7556,3921.3188
45.44441,8.786541,3512.5293,3923.0679
45.444828,8.786024,3482.2102,3923.6182
45.445652,8.785583,3435.2878,3925.0747
45.44634,8.785196,3410.7393,3925.5085
45.44715,8.784665,3402.951,3926.0159
45.447754,8.784073,3428.4722,3927.2708
45.44841,8.783715,3407.9404,3927.8477
45.44916,8.783208,3427.8708,3929.7988
45.4499,8.782667,3409.0881,3930.2153
45.450603,8.782247,3409.4875,3931.8103
45.45136,8.781823,3381.2449,3932.342
45.451942,8.781335,3407.938,3933.8699
45.452694,8.78082,3420.779,3934.3364
45.45325,8.7804785,3391.267,3935.1055
45.454308,8.779977,3322.5986,3936.694
45.45478,8.779781,3312.6497,3937.975
45.455513,8.779327,3315.1238,3938.3206
45.45631,8.778873,3313.7676,3939.873
45.456852,8.778429,3329.9846,3939.8054
45.45765,8.778134,3326.2368,3941.4304
45.45827,8.777784,3303.0505,3942.283
45.45911,8.777403,3293.2876,3942.8582
45.459797,8.777203,3306.4026,3944.7683
45.4602,8.776879,3328.6807,3945.0286
45.46131,8.776456,3333.638,3945.8662
45.462006,8.776008,3306.6196,3947.4868
45.462566,8.775771,3305.637,3947.5754
45.463398,8.775541,3270.5242,3947.7964
45.464096,8.775206,3230.563,3949.6199
45.464706,8.774897,3230.6316,3950.5503
45.465366,8.774737,3182.056,3952.0198
45.466187,8.774384,3162.6602,3952.8132
45.466946,8.774118,3153.2659,3954.1807
45.46747,8.77383,3234.6367,3954.6355
45.468266,8.773482,3269.9292,3955.2905
45.469036,8.773212,3280.1501,3956.5684
45.46978,8.772834,3271.342,3957.851
45.470497,8.772745,3265.5142,3959.1353
45.471287,8.7724,3277.313,3959.3926
45.47193,8.772222,3278.207,3961.6418
45.472633,8.772025,3283.0557,3962.0913
45.473103,8.771693,3259.3953,3963.658
45.47383,8.7715225,3236.073,3964.004
45.474625,8.771258,3244.176,3965.4626
45.475113,8.771141,3286.0732,3966.234
45.47605,8.770855,3277.0635,3967.7615
45.476894,8.770648,3246.3103,3968.736
45.477417,8.770422,3193.083,3970.2764
45.478344,8.7702,3134.104,3971.4058
45.478973,8.7700405,3084.8892,3971.6543
45.479614,8.769872,3108.722,3972.7437
45.480484,8.769621,3064.1208,3973.0312
45.481167,8.769344,3012.9204,3974.145
45.48189,8.769152,2999.3647,3975.0554
45.482567,8.769033,3014.5156,3975.9783
45.48314,8.768804,3008.4907,3976.784
45.48407,8.768455,3024.5984,3976.79
45.484936,8.768305,3027.0522,3978.488
45.485493,8.768175,3024.736,3980.589
45.48614,8.768137,3016.3699,3980.9458
45.486843,8.767844,3035.2559,3980.7532
45.487423,8.767569,3049.0093,3982.6628
45.48823,8.767422,3056.985,3983.3567
45.48887,8.767165,3028.3716,3983.9429
45.48962,8.76709,2963.0579,3985.8315
45.490417,8.766925,2928.838,3986.1736
45.491142,8.766651,2877.9348,3987.195
45.492043,8.766237,2815.9084,3987.9453
45.49267,8.766174,2816.5667,3991.0193
45.493263,8.766172,2916.7769,3990.1978
45.493965,8.765973,2933.6343,3991.277
45.4946,8.765835,2899.1843,3991.118
45.49532,8.765527,2862.25,3991.8542
45.495735,8.765483,2861.828,3992.2314
45.496735,8.765262,2871.9426,3993.308
45.49718,8.765011,2870.501,3994.542
45.4982,8.764804,2842.3835,3995.5586
45.49884,8.764628,2800.0713,3996.6948
45.499508,8.764442,2769.4192,3998.7026
45.500298,8.764255,2749.4248,3999.2163
45.500847,8.763985,2748.979,3999.741
45.50161,8.763724,2739.8896,4000.8242
45.50228,8.763583,2723.069,4001.5488
45.50284,8.763503,2739.9045,4002.644
45.503777,8.763232,2743.67,4003.276
45.5042,8.763107,2690.356,4004.6094
45.504868,8.762849,2657.5496,4005.4062
45.505783,8.762741,2611.306,4005.9917
45.506424,8.7624035,2588.3242,4006.1333
45.50708,8.7622595,2632.131,4007.0308
45.50784,8.762024,2661.5818,4009.2876
45.508522,8.761858,2639.745,4009.913
45.50931,8.761617,2617.4756,4010.6443
45.509777,8.761359,2571.197,4012.0623
45.510597,8.761422,2533.0764,4012.5046
45.5115,8.761181,2538.567,4013.3953
45.51173,8.760733,2514.6594,4014.6968
45.512547,8.760598,2501.98,4015.396
45.513187,8.760347,2450.763,4015.5737
45.513916,8.760348,2409.8215,4017.6797
45.51473,8.760041,2409.1501,4018.585
45.51541,8.759773,2412.995,4020.033
45.516098,8.759474,2355.5564,4021.5671
45.516994,8.759289,2328.4136,4021.8955
45.517326,8.759249,2341.4004,4022.0066
45.517868,8.758799,2366.1765,4022.7764
45.518986,8.758987,2364.1958,4024.229
45.51938,8.758623,2328.913,4024.602
45.520687,8.758187,2321.8083,4025.1936
45.521214,8.757989,2345.2415,4025.6172
45.52189,8.757835,2392.1382,4026.406
45.52311,8.757618,2448.3022,4028.0605
45.522545,8.757496,2434.1802,4031.4849
45.523445,8.757391,2444.407,4031.4487
45.524273,8.757159,2448.8894,4031.4768
45.52491,8.757059,2430.0037,4033.036
45.525734,8.756778,2369.505,4034.374
45.526283,8.756599,2320.5427,4035.7212
45.526955,8.756432,2279.3057,4037.8306
45.527775,8.756134,2245.9717,4038.7744
45.528416,8.755923,2249.886,4039.2651
45.529,8.755713,2266.5464,4039.7239
45.52976,8.755524,2294.2053,4041.3516
45.530422,8.75533,2299.371,4041.985
45.53101,8.75516,2247.744,4043.5557
45.531662,8.755026,2201.9458,4042.3027
45.53231,8.754774,2185.8916,4044.8994
45.53293,8.754569,2139.5115,4045.2874
45.533314,8.754371,2115.6672,4046.6082
45.534008,8.7542925,2056.0576,4049.1147
45.534576,8.754118,2051.3328,4047.7227
45.535255,8.753801,2071.1147,4050.1685
45.53573,8.753627,2068.06,4050.959
45.536293,8.753401,2051.0984,4052.1736
45.537037,8.753361,2044.9617,4052.483
45.53779,8.752951,2023.5599,4052.9504
45.538296,8.752869,1957.7068,4053.9824
45.53887,8.752736,1935.3132,4053.6184
45.539024,8.752648,1924.012,4057.081
45.539677,8.752478,1894.9205,4057.455
45.540447,8.752254,1782.4005,4058.7593
45.5412,8.7521,1767.4902,4059.6353
45.541767,8.7518425,1784.222,4059.575
45.54255,8.751625,1857.6665,4060.801
45.543243,8.751542,1923.9205,4061.7476
45.543915,8.751527,1953.5681,4062.25
45.544575,8.751007,1981.6772,4062.4734
45.545166,8.750884,1987.8622,4063.9397
45.54556,8.750719,1971.917,4064.6672
45.546288,8.7505865,1900.9913,4065.917
45.54677,8.750377,1880.3988,4066.786
45.54734,8.750236,1854.2269,4066.8445
45.54824,8.750004,1843.0789,4068.1558
45.548424,8.749863,1852.67,4068.4473
45.54913,8.749765,1865.9901,4071.2542
45.54967,8.749609,1860.2192,4069.5046
45.5502,8.749425,1871.4226,4071.0488
45.550743,8.749281,1888.2542,4072.3364
45.551315,8.749139,1911.8873,4071.2124
45.551758,8.748942,1947.5447,4072.9326
45.55238,8.748769,1913.2615,4073.4946
45.55307,8.748595,1813.1477,4075.413
45.553467,8.748445,1735.9012,4076.9543
45.55413,8.748318,1725.3445,4076.726
45.554623,8.74819,1726.3069,4077.5137
45.55521,8.747898,1733.4756,4078.4329
45.555782,8.747724,1733.8065,4078.4268
45.55639,8.747592,1708.8644,4079.859
45.557022,8.747417,1697.1752,4080.2583
45.55744,8.747184,1751.0621,4080.5112
45.557953,8.747075,1739.2722,4083.1086
45.55855,8.7468605,1746.6475,4083.0034
45.559086,8.746703,1751.844,4084.651
45.559643,8.746544,1730.531,4085.5447
45.56023,8.746279,1724.7273,4087.483
45.56072,8.746337,1684.5714,4088.9607
45.561443,8.745964,1680.8948,4089.873
45.561794,8.745795,1657.6891,4090.4446
45.562515,8.745671,1623.7474,4092.5771
45.563145,8.745499,1621.6477,4091.9014
45.56394,8.745316,1635.5397,4093.3691
45.564537,8.745075,1691.1079,4094.4001
45.564877,8.744873,1648.5248,4094.8127
45.565685,8.744807,1572.54,4095.7046
45.566177,8.744437,1538.1384,4097.2183
45.567608,8.744668,1513.7961,4096.848
45.568245,8.744649,1461.9476,4096.5376
45.56781,8.74393,1393.0558,4099.391
45.56884,8.743891,1386.1342,4100.0684
45.56941,8.74378,1407.7506,4100.261
45.570126,8.743635,1419.0444,4102.408
45.57046,8.743508,1438.2386,4103.2163
45.570854,8.743147,1413.3591,4104.8857
45.571625,8.743029,1413.9913,4105.7383
45.574146,8.742859,1435.148,4104.307
45.572884,8.742505,1409.7316,4107.437
45.57392,8.74247,1404.0216,4107.92
45.57383,8.742301,1374.4087,4111.3086
45.57451,8.742295,1314.5802,4111.7397
45.575138,8.742246,1290.9646,4112.356
45.57585,8.742055,1320.7909,4113.288
45.57648,8.741926,1379.7662,4113.238
45.577015,8.74179,1411.5151,4114.725
45.577477,8.741663,1391.7922,4116.134
45.57824,8.741258,1390.5648,4116.1797
45.57865,8.74122,1417.0825,4116.3433
45.579018,8.741191,1425.4304,4117.0
45.57949,8.740988,1415.0189,4118.027
45.57992,8.740882,1387.2596,4119.5073
45.580524,8.740726,1349.7487,4121.9263
45.581055,8.740591,1335.5876,4122.4214
45.58166,8.740379,1319.0957,4123.3667
45.58199,8.740187,1275.281,4123.742
45.582405,8.739893,1232.214,4125.051
45.583683,8.739951,1231.1268,4125.75
45.584118,8.739731,1226.6024,4126.1147
45.584393,8.73943,1205.6824,4128.024
45.584946,8.739311,1153.0173,4127.748
45.5853,8.739217,1117.2032,4128.464
45.585922,8.739032,1097.6187,4128.255
45.586456,8.738878,1056.0352,4129.5034
45.58688,8.7386675,990.9216,4130.7876
45.587303,8.7388115,925.0829,4132.594
45.58789,8.738417,929.3556,4134.65
45.58855,8.73819,934.7004,4135.261
45.58913,8.738026,934.2299,4136.554
45.589626,8.737891,884.76874,4138.4644
45.590145,8.737784,890.9797,4139.5977
45.590687,8.737568,929.9957,4140.069
45.59135,8.73733,969.382,4140.5884
45.591858,8.737186,983.9666,4141.289
45.59247,8.737,899.42334,4142.04
45.593384,8.736808,808.779,4142.9185
45.594017,8.736697,809.4549,4144.299
45.59428,8.736529,837.052,4144.698
45.59473,8.736499,893.017,4145.784
45.595024,8.736414,926.7471,4147.6265
45.595757,8.736115,984.5991,4146.8926
45.596222,8.736021,1002.08923,4148.613
45.59666,8.73596,991.1058,4149.129
45.597206,8.735959,978.2616,4149.4673
45.597595,8.735599,970.9904,4149.634
45.598206,8.735479,930.62115,4150.338
45.59858,8.735385,908.6132,4152.379
45.59906,8.735299,856.8787,4153.5137
45.5997,8.735123,847.9548,4154.825
45.600143,8.734968,821.4724,4156.69
45.600605,8.734911,774.97363,4158.462
45.60134,8.734897,713.4354,4157.7373
45.601948,8.73447,702.02826,4157.5757
45.6022,8.734452,702.6753,4157.273
45.602665,8.734343,717.4993,4157.2637
45.603096,8.734211,680.8693,4158.693
45.603653,8.73409,638.58746,4159.3716
45.604088,8.733957,635.04456,4161.365
45.604664,8.733803,700.7227,4162.8667
45.60514,8.733632,782.21576,4164.333
45.605606,8.733518,852.2858,4164.92
45.606026,8.733417,881.84424,4165.342
45.60668,8.733204,853.81744,4166.6855
45.607346,8.732993,761.2834,4166.6685
45.607773,8.732864,690.74634,4165.989
45.608055,8.732768,706.91345,4166.8896
45.608513,8.732617,746.43506,4168.4443
45.60904,8.732489,742.6567,4168.7656
45.609447,8.732372,723.44354,4168.8823
45.60989,8.732216,709.4733,4169.1924
45.610477,8.7319765,721.9601,4169.7393
45.61078,8.732129,787.5395,4170.727
45.611347,8.731857,812.2492,4171.4355
45.611687,8.731715,761.9393,4172.758
45.61226,8.731502,659.91876,4174.6
45.612564,8.731402,596.48083,4177.2197
45.613117,8.731241,587.9802,4178.274
45.613663,8.731052,645.3565,4178.373
45.614117,8.730931,678.32294,4178.388
45.61452,8.730911,697.2073,4179.714
45.61509,8.73065,650.4515,4181.035
45.6155,8.730588,583.8936,4182.1367
45.61592,8.73045,497.93695,4183.5176
45.616436,8.730323,474.36905,4184.063
45.616898,8.730224,466.4866,4185.241
45.617428,8.730056,437.1976,4185.2295
45.618076,8.729877,435.59882,4185.705
45.618435,8.729745,519.93964,4186.9893
45.618687,8.729692,625.2291,4188.484
45.618977,8.729582,708.9488,4188.421
45.619347,8.729478,750.8204,4189.313
45.619484,8.729432,762.23413,4189.017
45.620052,8.729288,731.48145,4190.439
45.6206,8.729128,664.3664,4190.415
45.62106,8.729053,598.7262,4192.353
45.621384,8.728936,579.58673,4192.641
45.62143,8.728803,544.21173,4194.0166
45.62195,8.728674,531.70856,4195.6304
45.622353,8.728508,516.69135,4196.1045
45.622814,8.72836,560.3463,4196.543
45.623337,8.728218,599.71704,4196.3774
45.623676,8.728101,651.79755,4196.926
