,lat,lon,alt,time
0,59.595844,9.752419,20387.844,0.0
1,59.60448,9.761667,20162.09,1.6207297
2,59.609264,9.75445,20209.717,3.4910572
3,59.60779,9.758502,20090.574,5.1332726
4,59.61073,9.765993,20034.844,6.920463
5,59.613525,9.766192,19969.34,8.540598
6,59.61453,9.770754,19948.53,10.219436
7,59.61417,9.772971,19893.164,12.033002
8,59.61712,9.771244,19839.83,13.612848
9,59.621735,9.7731695,19789.07,15.3185215
10,59.622894,9.778395,19752.777,17.20743
11,59.62495,9.776615,19703.248,18.769394
12,59.627575,9.784782,19668.664,20.551706
13,59.628475,9.786937,19608.768,22.086447
14,59.633266,9.792219,19563.8,24.117321
15,59.63495,9.791935,19496.566,25.675001
16,59.636684,9.799861,19470.275,27.270504
17,59.638874,9.802044,19414.377,29.064575
18,59.641003,9.811746,19347.46,30.646572
19,59.64218,9.808054,19298.309,32.65263
20,59.64355,9.810169,19233.861,33.964184
21,59.647957,9.809678,19189.633,35.8336
22,59.64893,9.813335,19146.18,37.627045
23,59.653343,9.815544,19114.666,39.22734
24,59.65447,9.821217,19068.533,40.915493
25,59.655468,9.826248,19030.63,42.734634
26,59.657066,9.825061,18946.719,44.307964
27,59.66179,9.830849,18906.756,46.194717
28,59.664307,9.831631,18842.818,47.61315
29,59.665653,9.832362,18809.762,49.57153
30,59.67041,9.837818,18751.773,51.176884
31,59.669975,9.838107,18731.562,52.948727
32,59.673935,9.844216,18647.469,54.45468
33,59.67489,9.848511,18632.682,55.71039
34,59.675617,9.846739,18559.111,58.136272
35,59.67888,9.853733,18517.977,59.070362
36,59.683414,9.857608,18447.412,61.543507
37,59.684566,9.859082,18438.78,63.526287
38,59.68811,9.859733,18380.885,64.30817
39,59.688442,9.866522,18330.803,66.24429
40,59.692455,9.864736,18276.4,68.13528
41,59.6918,9.868324,18228.791,70.137314
42,59.69661,9.867472,18177.768,71.38053
43,59.698563,9.872135,18142.016,73.493225
44,59.701565,9.87671,18088.287,74.90161
45,59.703735,9.879041,18028.812,77.12668
46,59.705902,9.882749,18000.777,78.17156
47,59.70852,9.885779,17955.947,79.9818
48,59.709415,9.882703,17907.621,82.393074
49,59.712627,9.888316,17849.201,82.96637
50,59.715096,9.8909235,17816.87,85.601166
51,59.717354,9.895664,17753.559,86.9147
52,59.718548,9.896239,17725.71,88.95558
53,59.72316,9.900551,17700.55,90.297226
54,59.723103,9.898537,17655.596,91.99416
55,59.725384,9.903124,17595.924,93.97388
56,59.72783,9.904427,17563.71,95.74481
57,59.730602,9.906913,17523.777,97.34361
58,59.733852,9.912941,17498.588,99.1715
59,59.73599,9.910381,17445.57,101.08388
60,59.737656,9.914405,17388.424,102.83035
61,59.741356,9.918363,17361.963,103.93526
62,59.742073,9.922286,17302.016,105.85597
63,59.74421,9.923308,17286.91,107.89548
64,59.746613,9.923747,17231.057,109.55799
65,59.748806,9.92627,17188.01,111.35297
66,59.751904,9.928481,17165.58,112.54789
67,59.753956,9.932065,17127.176,114.50321
68,59.75385,9.937774,17051.12,116.44343
69,59.759144,9.93649,17063.516,118.073944
70,59.75974,9.938758,16986.336,120.002556
71,59.76264,9.940144,16954.186,121.93848
72,59.76544,9.944459,16927.24,123.36267
73,59.76705,9.947949,16869.203,123.55371
74,59.76809,9.95094,16878.045,128.15987
75,59.772358,9.950235,16855.057,125.62964
76,59.77282,9.954273,16805.799,128.76897
77,59.77622,9.95391,16782.152,130.27142
78,59.778328,9.957718,16705.795,131.64726
79,59.781094,9.962201,16675.574,134.99513
80,59.784294,9.963716,16655.625,134.7093
81,59.785126,9.968814,16589.908,137.38878
82,59.786446,9.967647,16540.701,137.92886
83,59.789665,9.967041,16541.57,141.20662
84,59.791813,9.97133,16500.465,141.92305
85,59.79403,9.975964,16455.41,143.91272
86,59.797737,9.98199,16417.021,144.98975
87,59.797203,9.98126,16394.76,147.552
88,59.80063,9.98511,16318.637,148.45459
89,59.80298,9.984275,16303.688,151.16164
90,59.804955,9.986844,16268.366,153.1837
91,59.80827,9.988559,16218.994,154.52069
92,59.81225,9.992623,16208.655,155.26448
93,59.80983,9.984525,16142.504,156.95976
94,59.814735,9.998142,16182.772,162.97244
95,59.81792,9.998627,16134.131,160.13913
96,59.818935,10.004873,16077.933,161.71645
97,59.820568,10.007745,16010.901,165.16924
98,59.82142,10.004623,15974.704,168.56288
99,59.82402,10.009546,15920.1455,169.32027
100,59.832462,10.011923,15879.333,169.46338
101,59.828983,10.009665,15849.08,172.3387
102,59.834938,10.017208,15795.66,173.30672
103,59.836086,10.016,15739.13,176.51947
104,59.839172,10.017884,15734.641,176.87535
105,59.839863,10.018163,15709.167,181.2057
106,59.847183,10.025555,15605.137,180.09085
107,59.84629,10.037728,15605.091,182.92621
108,59.847054,10.037952,15519.842,185.5985
109,59.85335,10.043385,15471.086,185.68282
110,59.85364,10.038155,15440.412,187.05315
111,59.857796,10.046565,15378.558,188.98175
112,59.859554,10.03889,15393.113,192.7391
113,59.864407,10.050611,15308.819,193.75052
114,59.865105,10.05052,15293.363,193.00758
115,59.87009,10.054959,15275.182,196.61467
116,59.86774,10.052576,15207.18,199.88715
117,59.875492,10.059465,15177.846,201.76315
118,59.87525,10.0679455,15157.03,202.36668
119,59.879604,10.064954,15087.7,203.12636
120,59.8799,10.069365,15040.598,207.04189
121,59.883198,10.06951,15029.093,209.06422
122,59.884987,10.071695,14970.636,210.77623
123,59.887127,10.074064,14941.398,210.83237
124,59.89201,10.075571,14911.175,212.89229
125,59.89216,10.079501,14877.593,213.8185
126,59.897293,10.078552,14842.751,218.93784
127,59.89822,10.082056,14806.416,219.86523
128,59.900215,10.090512,14735.448,217.64587
129,59.90351,10.094006,14725.117,222.82686
130,59.90493,10.097818,14674.581,224.86072
131,59.905483,10.092059,14595.369,225.7714
132,59.91396,10.094452,14549.144,228.26462
133,59.91122,10.094089,14546.91,226.26112
134,59.91751,10.100121,14478.037,231.99094
135,59.91731,10.097304,14451.503,233.6667
136,59.92046,10.104731,14367.626,235.36908
137,59.92512,10.110553,14342.834,235.54372
138,59.927467,10.109424,14294.727,239.55217
139,59.926876,10.115171,14219.504,240.84125
140,59.934666,10.117299,14204.7295,240.87329
141,59.934696,10.117217,14116.4,243.65833
142,59.93697,10.123131,14075.44,242.4328
143,59.94173,10.127394,14037.05,245.02702
144,59.944576,10.12668,14010.925,248.96689
145,59.949856,10.131128,13962.447,250.5496
146,59.951916,10.132241,13905.226,250.3575
147,59.9534,10.136446,13873.171,251.67537
148,59.95705,10.141751,13816.149,253.24246
149,59.958397,10.138304,13802.201,256.66
150,59.960575,10.140431,13778.717,259.2384
151,59.964504,10.146063,13698.084,259.65778
152,59.96573,10.147713,13699.045,260.3391
153,59.97162,10.148654,13595.567,263.85822
154,59.97353,10.150649,13579.208,263.2122
155,59.97523,10.146946,13527.183,265.18097
156,59.97769,10.1571865,13531.682,267.341
157,59.980354,10.156813,13496.957,268.79858
158,59.983257,10.155569,13430.386,271.89246
159,59.9861,10.159615,13403.694,274.58005
160,59.991817,10.165159,13323.828,273.87018
161,59.994225,10.158901,13306.83,276.2467
162,59.994415,10.167214,13254.073,275.17654
163,59.99621,10.1575165,13231.928,279.8148
164,59.998753,10.169616,13173.867,283.80258
165,60.00221,10.17047,13158.913,279.9046
166,60.00624,10.17286,13123.126,284.33167
167,60.008965,10.170585,13102.273,287.2358
168,60.013218,10.170119,13039.476,287.35562
169,60.014328,10.174744,13031.37,290.02887
170,60.016285,10.176729,12961.771,290.94077
171,60.020382,10.176737,12959.027,296.1152
172,60.023552,10.178342,12881.29,292.94366
173,60.028202,10.182261,12842.14,297.8953
174,60.02955,10.18869,12779.872,300.31183
175,60.034725,10.183785,12755.137,297.06763
176,60.034363,10.184789,12748.778,302.68933
177,60.036697,10.189847,12683.46,302.10013
178,60.04526,10.186976,12684.911,308.2665
179,60.04878,10.194835,12653.531,307.17065
180,60.04697,10.201007,12585.696,306.689
181,60.05275,10.198727,12562.775,313.04648
182,60.054977,10.202359,12504.54,313.7398
183,60.055714,10.201495,12459.859,311.14023
184,60.057297,10.1994095,12468.288,313.89554
185,60.060455,10.204257,12399.643,316.17477
186,60.06676,10.200864,12384.466,319.9653
187,60.06784,10.2100725,12365.962,321.56644
188,60.070915,10.208739,12278.187,320.65393
189,60.07409,10.2120285,12312.627,324.77554
190,60.075447,10.211849,12218.427,325.24
191,60.073936,10.213102,12193.578,327.6373
192,60.078957,10.207822,12185.257,328.50342
193,60.079243,10.213089,12113.958,332.22116
194,60.084167,10.2139635,12091.497,330.94968
195,60.086353,10.2206745,12064.29,336.58923
196,60.089664,10.213203,11984.04,338.53375
197,60.08984,10.220936,11988.641,335.4815
198,60.09368,10.220226,11935.929,338.87415
199,60.09664,10.2275505,11916.305,343.01712
200,60.09907,10.226342,11888.723,345.36322
201,60.101334,10.232645,11842.063,343.90656
202,60.10074,10.232249,11795.961,346.892
203,60.10507,10.236658,11739.036,349.22168
204,60.10768,10.233729,11725.622,350.6702
205,60.109272,10.239662,11666.249,351.25272
206,60.11085,10.239684,11648.163,353.7516
207,60.114555,10.246983,11591.749,356.73148
208,60.115932,10.248429,11565.532,358.09235
209,60.11737,10.249397,11516.672,359.85373
210,60.11971,10.25346,11484.607,360.74277
211,60.123543,10.257973,11430.753,360.43365
212,60.12399,10.262614,11423.47,361.94788
213,60.12628,10.260981,11350.743,367.1305
214,60.129436,10.264552,11361.059,369.11627
215,60.13157,10.268697,11292.572,366.60217
216,60.132343,10.272811,11247.559,371.5812
217,60.137413,10.274248,11214.627,373.32654
218,60.138046,10.27847,11191.438,374.56534
219,60.13916,10.279398,11159.082,373.10217
220,60.141315,10.285869,11131.46,374.64056
221,60.14392,10.286997,11076.194,380.45615
222,60.14666,10.289297,11076.233,381.04208
223,60.147526,10.290891,11022.666,381.63187
224,60.149002,10.297912,10970.327,386.00314
225,60.15226,10.300503,10960.393,384.1686
226,60.154007,10.305684,10939.481,388.69568
227,60.155968,10.304456,10888.884,388.50616
228,60.15805,10.311245,10880.789,390.1418
229,60.159714,10.315477,10824.394,392.276
230,60.16035,10.31524,10812.989,395.68997
231,60.164307,10.319045,10773.324,396.59763
232,60.164536,10.325229,10743.599,398.03583
233,60.168034,10.328348,10726.834,399.46603
234,60.168564,10.330746,10713.131,400.47552
235,60.17108,10.335795,10668.195,405.1692
236,60.1724,10.3396435,10646.114,407.21567
237,60.17491,10.3441515,10612.685,408.32764
238,60.17636,10.347914,10578.497,410.50092
239,60.180016,10.352271,10554.513,412.23633
240,60.17943,10.353014,10505.7705,416.2427
241,60.18199,10.358501,10488.454,411.9702
242,60.183876,10.362786,10476.003,417.33368
243,60.187527,10.365306,10460.252,419.14584
244,60.187435,10.370467,10441.346,422.29828
245,60.191013,10.373244,10407.735,420.22174
246,60.190647,10.376146,10370.33,425.3617
247,60.193424,10.382186,10361.25,426.2144
248,60.194828,10.382891,10322.003,427.8914
249,60.1962,10.386273,10305.514,430.89194
250,60.198933,10.393265,10270.979,430.85825
251,60.200817,10.395184,10241.171,433.23618
252,60.203842,10.402035,10249.261,433.77756
253,60.20406,10.402268,10211.768,436.6314
254,60.207653,10.410009,10176.439,439.08096
255,60.206837,10.408465,10138.8545,438.76987
256,60.210148,10.415473,10104.338,439.8328
257,60.21018,10.415666,10129.202,444.95184
258,60.212902,10.423445,10070.864,447.9963
259,60.21443,10.425179,10064.193,445.68304
260,60.218758,10.42955,10050.422,446.65875
261,60.21754,10.432385,10032.881,451.43057
262,60.22206,10.439168,9988.759,450.50153
263,60.22202,10.439722,9971.605,453.43716
264,60.2244,10.443961,9962.247,455.73007
265,60.226284,10.448121,9944.765,458.12244
266,60.227196,10.452841,9886.79,458.59494
267,60.22924,10.453762,9871.971,459.62
268,60.232254,10.455596,9837.281,460.75598
269,60.23082,10.460496,9810.952,463.4001
270,60.235516,10.464028,9791.77,464.524
271,60.23566,10.46478,9769.427,468.5069
272,60.236553,10.47395,9723.712,468.89584
273,60.23936,10.471788,9699.32,471.81058
274,60.23758,10.471845,9693.439,473.0805
275,60.241665,10.4773655,9661.972,475.5247
276,60.242496,10.47681,9600.691,477.9155
277,60.24356,10.482781,9589.399,477.93585
278,60.245327,10.485411,9596.246,478.81924
279,60.246857,10.485774,9533.149,480.79095
280,60.246304,10.488321,9516.365,483.46277
281,60.25032,10.497714,9477.998,482.79657
282,60.25082,10.496116,9461.702,484.34457
283,60.252724,10.498625,9404.763,490.2258
284,60.25291,10.500028,9375.803,490.2279
285,60.255108,10.504619,9353.807,491.45163
286,60.25609,10.508359,9328.773,493.34772
287,60.258636,10.513611,9304.307,494.55896
288,60.25831,10.511963,9261.362,496.17026
289,60.26026,10.517059,9241.298,501.82822
290,60.260086,10.511237,9154.567,498.66754
291,60.26205,10.521539,9167.832,501.3601
292,60.26287,10.520268,9110.414,506.39978
293,60.265316,10.526038,9109.147,505.20868
294,60.26497,10.528541,9056.045,508.52878
295,60.266884,10.528297,9066.162,508.09198
296,60.26683,10.528442,9024.618,511.6686
297,60.269547,10.538437,8981.707,509.46533
298,60.270782,10.538774,8924.039,512.17505
299,60.271774,10.539457,8898.48,516.0914
300,60.273907,10.539626,8907.051,516.9602
301,60.27466,10.545108,8890.132,517.5774
302,60.27713,10.549474,8844.628,524.07263
303,60.277157,10.549753,8805.932,520.4477
304,60.276173,10.555898,8764.832,527.0083
305,60.280228,10.55709,8750.205,522.9165
306,60.282238,10.554501,8712.191,530.1839
307,60.283054,10.559012,8703.387,528.51483
308,60.285355,10.559662,8682.311,528.8039
309,60.284145,10.566523,8640.572,528.65533
310,60.287807,10.5649605,8637.013,535.16565
311,60.28962,10.567829,8557.721,538.0526
312,60.288067,10.575166,8546.351,538.1682
313,60.288864,10.574831,8506.847,538.3444
314,60.291206,10.574251,8478.39,541.0382
315,60.294987,10.58103,8507.35,544.4865
316,60.294685,10.586262,8434.107,541.66595
317,60.29533,10.583261,8441.206,542.80927
318,60.29536,10.58788,8417.401,552.2656
319,60.29862,10.589337,8366.492,549.0188
320,60.29851,10.596597,8312.722,549.2533
321,60.29968,10.593085,8306.311,551.8474
322,60.30217,10.598705,8299.061,558.435
323,60.302376,10.606406,8267.159,557.1799
324,60.30193,10.6040125,8260.462,558.0539
325,60.303677,10.602959,8196.34,560.0323
326,60.30396,10.608938,8189.074,556.78204
327,60.305965,10.613039,8165.0913,562.57996
328,60.30954,10.616319,8142.529,566.37555
329,60.309624,10.616293,8144.965,573.90784
330,60.309456,10.626293,8109.351,570.23334
331,60.310585,10.630303,8058.4014,564.1494
332,60.312885,10.628764,8053.271,574.0548
333,60.315098,10.630639,8039.0957,581.8645
334,60.31568,10.639424,7968.0303,570.60126
335,60.316086,10.638463,7989.572,572.36884
336,60.319286,10.643766,7959.5757,583.3255
337,60.32085,10.648914,7860.838,582.8589
338,60.319958,10.653583,7940.153,589.20416
339,60.321568,10.659032,7843.579,591.1237
340,60.32175,10.659846,7861.9707,596.4388
341,60.325375,10.663983,7734.346,593.67303
342,60.32406,10.667296,7777.0703,598.7911
343,60.327198,10.672107,7750.4204,597.2728
344,60.32875,10.675225,7720.4883,596.88116
345,60.33271,10.682459,7673.2104,604.9767
346,60.332737,10.683224,7677.9775,599.5252
347,60.333237,10.686201,7644.2637,610.0445
348,60.334732,10.686587,7570.387,608.9614
349,60.335022,10.696222,7561.0273,606.91376
350,60.33883,10.695371,7527.622,612.92236
351,60.339848,10.699326,7494.5103,611.3212
352,60.338802,10.7014,7481.6123,613.5239
353,60.3426,10.707517,7449.3716,607.5634
354,60.342102,10.709237,7419.106,618.805
355,60.343708,10.710815,7355.6465,618.4843
356,60.344975,10.713357,7366.66,621.5876
357,60.345497,10.723828,7317.2783,624.3318
358,60.3487,10.723422,7281.223,619.4879
359,60.350025,10.726657,7253.7256,631.0672
360,60.348736,10.72994,7245.4707,622.08905
361,60.35258,10.731603,7113.1753,626.3687
362,60.354137,10.733534,7062.008,629.1931
363,60.355663,10.73971,7161.4785,632.06177
364,60.35484,10.743057,7120.517,634.22437
365,60.35626,10.742752,6910.0215,631.03986
366,60.355644,10.75156,7029.5073,638.4773
367,60.35886,10.7548,6981.949,636.23517
368,60.35914,10.7589655,6937.088,641.7762
369,60.361027,10.76252,6929.4556,642.1346
370,60.362175,10.764191,6865.72,643.232
371,60.363766,10.767503,6842.351,641.3817
372,60.364666,10.77328,6819.37,644.7523
373,60.36638,10.776435,6822.156,647.2878
374,60.368114,10.775313,6629.9854,651.9424
375,60.371334,10.783122,6773.275,647.1342
376,60.370815,10.786699,6698.8374,653.87286
377,60.369762,10.787634,6615.727,656.2032
378,60.37236,10.793041,6642.411,654.56964
379,60.3731,10.79565,6587.8184,659.29584
380,60.37629,10.799323,6595.319,662.0261
381,60.377293,10.80382,6531.876,662.25336
382,60.377968,10.804876,6507.5366,666.3043
383,60.378998,10.809907,6494.1,667.72064
384,60.381035,10.813125,6468.1577,664.4673
385,60.38062,10.815453,6428.7563,667.6905
386,60.382797,10.819726,6426.149,666.50085
387,60.384422,10.822047,6367.832,672.3141
388,60.385296,10.829099,6361.1567,671.4618
389,60.386356,10.831154,6341.2,676.0512
390,60.3873,10.8336525,6306.1655,675.6118
391,60.390488,10.835893,6272.4893,675.43945
392,60.39039,10.839684,6255.421,680.93945
393,60.391052,10.841605,6231.105,679.3669
394,60.393044,10.846445,6203.1616,683.18066
395,60.3934,10.851053,6213.726,682.6453
396,60.39409,10.8524065,6167.8535,691.21246
397,60.396282,10.854751,6135.2065,688.136
398,60.397865,10.859221,6112.042,687.7528
399,60.398212,10.864801,6079.975,690.4424
400,60.399,10.867392,6063.235,693.2142
401,60.401226,10.870002,6054.0933,694.97284
402,60.40164,10.874039,6029.832,695.11096
403,60.40166,10.878162,5995.541,700.9736
404,60.40337,10.879503,5984.418,698.56335
405,60.40524,10.885358,5938.8335,694.94183
406,60.407375,10.886455,5947.8535,700.99664
407,60.40756,10.892989,5922.906,706.28143
408,60.409042,10.892388,5901.088,705.2291
409,60.41018,10.894687,5867.2896,704.0845
410,60.410656,10.899556,5831.6787,708.18243
411,60.4115,10.902,5834.7847,710.7638
412,60.412174,10.902688,5818.819,711.3521
413,60.414684,10.904847,5803.765,708.6376
414,60.415802,10.916023,5687.7197,718.79517
415,60.415665,10.913205,5772.464,715.05273
416,60.41739,10.917467,5728.151,720.2616
417,60.418278,10.918698,5725.066,718.3776
418,60.420788,10.928347,5605.125,725.24084
419,60.420624,10.922689,5684.866,719.9782
420,60.42168,10.928648,5634.521,722.33386
421,60.42145,10.934279,5637.4985,728.2096
422,60.423046,10.938247,5583.2715,725.13104
423,60.423897,10.936462,5562.308,730.1552
424,60.426533,10.943816,5554.4087,731.3894
425,60.424217,10.948987,5529.7104,738.60657
426,60.42834,10.948916,5513.5776,727.38257
427,60.427856,10.954751,5485.9893,740.1978
428,60.430264,10.959468,5473.608,730.93524
429,60.429855,10.962968,5462.9546,743.8307
430,60.430557,10.963835,5419.9473,742.9457
431,60.432888,10.968068,5393.07,739.57117
432,60.43267,10.973504,5389.587,743.2833
433,60.433895,10.97991,5368.7817,744.7839
434,60.43441,10.978218,5391.973,746.50366
435,60.436794,10.996763,5304.1226,753.1199
436,60.436718,10.988721,5342.5684,747.17505
437,60.438393,10.995173,5315.4263,748.8209
438,60.438457,10.998452,5289.696,751.4062
439,60.44033,11.005079,5270.5083,755.2663
440,60.439137,11.008671,5258.2217,759.3807
441,60.440407,11.012839,5237.2627,761.5376
442,60.4394,11.016894,5220.997,760.0318
443,60.444057,11.029232,5164.0093,764.045
444,60.44043,11.02398,5203.733,759.5859
445,60.442493,11.030269,5163.502,761.49304
446,60.443707,11.035966,5147.5845,765.00726
447,60.441593,11.040459,5145.5767,768.2759
448,60.443413,11.042234,5157.4355,772.6338
449,60.443848,11.046911,5095.95,773.413
450,60.443623,11.053516,5092.117,776.05096
451,60.442463,11.05726,5080.216,776.10376
452,60.44441,11.06521,5049.7007,779.7553
453,60.442616,11.06344,5021.975,773.4143
454,60.44527,11.069663,5057.94,776.57684
455,60.443123,11.07382,5028.051,782.89307
456,60.445923,11.0772295,5016.6157,781.8869
457,60.445427,11.081115,5009.6616,782.68146
458,60.44582,11.088907,4999.702,785.3991
459,60.447273,11.089722,4973.6025,781.12726
460,60.44567,11.096129,4950.1396,783.9311
461,60.445454,11.097496,4957.53,791.4464
462,60.44627,11.102738,4957.6885,796.3382
463,60.446762,11.105142,4918.186,795.05597
464,60.44634,11.10972,4921.212,793.27734
465,60.446754,11.111563,4935.1235,796.1843
466,60.44828,11.116234,4889.9487,792.66895
467,60.446373,11.117933,4926.7446,800.61444
468,60.447227,11.122013,4874.894,802.4727
469,60.44902,11.123832,4918.779,808.2957
470,60.447296,11.126883,4857.046,805.1366
471,60.4459,11.129588,4859.497,804.8417
472,60.44611,11.132332,4808.9023,805.56934
473,60.446598,11.134695,4839.125,808.42236
474,60.444412,11.137549,4825.758,810.3705
475,60.444416,11.140658,4801.3677,809.7578
476,60.44687,11.141449,4780.937,812.7876
477,60.44612,11.146116,4749.476,814.46075
478,60.443314,11.148155,4754.4165,821.15906
479,60.44327,11.150172,4730.1895,822.3131
480,60.442272,11.150358,4756.296,821.3237
481,60.441525,11.151334,4710.4517,828.89856
482,60.43998,11.152997,4688.6504,825.1164
483,60.440372,11.15447,4669.584,826.2666
484,60.43875,11.155148,4681.922,836.7494
485,60.438847,11.161808,4630.6294,837.31445
486,60.438576,11.15981,4637.5938,825.5417
487,60.43577,11.161525,4613.4775,841.1559
488,60.435883,11.162104,4604.4795,838.6567
489,60.435516,11.164179,4579.1465,836.49884
490,60.43421,11.165827,4588.7007,843.6036
491,60.433887,11.16536,4565.0913,846.19714
492,60.43255,11.164753,4566.167,841.97437
493,60.429173,11.16693,4508.2217,857.50745
494,60.42734,11.165351,4522.2026,842.0203
495,60.426773,11.167649,4485.0747,863.20734
496,60.428265,11.170285,4493.5903,854.65784
497,60.428448,11.172739,4486.1265,853.7074
498,60.426926,11.173159,4452.363,866.7224
499,60.425564,11.174451,4447.563,861.1997
500,60.42264,11.176982,4443.176,867.328
501,60.420174,11.178142,4473.6953,870.31213
502,60.424217,11.177292,4426.315,871.0223
503,60.424232,11.178111,4414.522,861.7041
504,60.42067,11.178696,4463.2295,865.8558
505,60.418102,11.177585,4412.189,878.60645
506,60.418476,11.179408,4398.767,872.90155
507,60.41745,11.178766,4376.49,871.33856
508,60.414886,11.179102,4342.282,880.06726
509,60.411644,11.1798315,4364.059,878.9834
510,60.411808,11.181265,4338.721,880.20734
511,60.41086,11.183204,4331.8774,879.43726
512,60.40827,11.180832,4295.511,882.3228
513,60.406258,11.17991,4315.892,886.03906
514,60.40595,11.180089,4300.998,886.38477
515,60.405178,11.18012,4275.6484,887.1204
516,60.40307,11.1786585,4227.129,892.80145
517,60.401833,11.178394,4214.2573,887.0039
518,60.40145,11.179463,4213.663,885.1398
519,60.397453,11.179485,4201.031,895.15015
520,60.397953,11.179163,4197.5923,888.062
521,60.395912,11.179286,4178.867,896.96704
522,60.39492,11.17956,4164.8896,893.72455
523,60.39375,11.1792755,4138.998,903.00446
524,60.39132,11.178138,4135.9053,899.21234
525,60.39032,11.1791725,4098.4897,900.87823
526,60.38977,11.178183,4087.159,901.9054
527,60.387703,11.176933,4083.051,911.2904
528,60.386257,11.177616,4072.927,911.7624
529,60.386707,11.177527,4048.22,910.9247
530,60.385075,11.1767235,4038.073,912.3713
531,60.383083,11.176574,3998.7327,916.38214
532,60.381485,11.178552,4014.703,919.07404
533,60.37948,11.175445,3973.0671,917.4741
534,60.379185,11.175424,3942.9692,919.0516
535,60.377705,11.176233,3923.521,925.20703
536,60.375736,11.176029,3907.4473,921.8229
537,60.37462,11.177205,3896.5444,926.468
538,60.372784,11.176082,3880.0784,924.60876
539,60.370815,11.175868,3843.6416,926.5762
540,60.36988,11.1764765,3834.2048,928.6703
541,60.36813,11.17563,3812.0574,936.12103
542,60.368187,11.177339,3750.4514,934.14746
543,60.366734,11.170252,3803.5618,928.24365
544,60.365036,11.170495,3778.326,935.1407
545,60.364674,11.171611,3745.1858,928.5259
546,60.362217,11.171116,3723.6387,932.2756
547,60.36004,11.171116,3714.2725,935.6354
548,60.35932,11.170308,3697.4104,933.7176
549,60.35709,11.17106,3677.6748,937.9852
550,60.356804,11.170241,3664.2893,937.6761
551,60.354908,11.169951,3635.865,942.91187
552,60.35378,11.169786,3599.5525,939.9456
553,60.353058,11.16907,3590.998,942.0854
554,60.35247,11.168084,3560.1765,939.0253
555,60.350693,11.167554,3543.3494,944.45764
556,60.34995,11.168257,3520.8848,947.3541
557,60.349644,11.166854,3512.6655,943.3216
558,60.34834,11.167255,3472.434,952.99976
559,60.346928,11.166223,3443.2095,954.9395
560,60.34671,11.165762,3423.69,955.1305
561,60.346,11.165642,3400.6853,956.9265
562,60.344284,11.165105,3388.3315,956.4251
563,60.343994,11.165487,3359.749,961.47095
564,60.343063,11.164659,3345.7969,960.1845
565,60.342155,11.164008,3312.313,964.6472
566,60.341232,11.16399,3305.301,960.5468
567,60.339577,11.162715,3276.9895,965.4654
568,60.33959,11.162709,3251.645,965.5893
569,60.33812,11.162748,3218.0735,961.73016
570,60.337566,11.161461,3207.7124,967.0881
571,60.33608,11.162327,3200.199,973.63
572,60.33558,11.161483,3208.6152,972.30475
573,60.33441,11.160912,3156.2446,975.04456
574,60.333626,11.161177,3141.0732,974.7027
575,60.333023,11.160521,3121.6765,976.4521
576,60.33189,11.159401,3097.6973,977.28394
577,60.330677,11.159925,3092.6646,981.7992
578,60.32952,11.160306,3064.182,983.5322
579,60.328278,11.1588,3040.5864,987.128
580,60.32742,11.158778,3020.8457,986.6446
581,60.326553,11.158421,3015.0024,989.81573
582,60.325294,11.158191,3000.6746,995.364
583,60.325565,11.157518,2974.0393,992.1601
584,60.32325,11.156654,2950.4995,994.1651
585,60.322643,11.156698,2949.7852,1006.6306
586,60.322235,11.155895,2906.4043,994.82666
587,60.321335,11.155973,2911.04,1006.4346
588,60.320896,11.155371,2904.332,1003.1196
589,60.31944,11.156255,2875.558,1007.33636
590,60.318752,11.155037,2847.0234,1010.6851
591,60.319504,11.154661,2858.2898,1009.4697
592,60.31835,11.15393,2838.0293,1020.2759
593,60.318012,11.154217,2822.801,1015.56274
594,60.31753,11.153782,2817.0933,1024.1295
595,60.316387,11.152766,2789.9187,1018.3673
596,60.316162,11.152538,2773.639,1020.2279
597,60.31543,11.152751,2756.6606,1023.6572
598,60.31431,11.151874,2772.66,1026.5459
599,60.314816,11.152412,2730.377,1020.8084
600,60.313793,11.151772,2722.066,1043.169
601,60.31316,11.150995,2726.4915,1033.952
602,60.31264,11.150284,2704.0425,1036.1155
603,60.312984,11.15215,2711.793,1040.3733
604,60.313084,11.151985,2737.1384,1030.1946
605,60.313435,11.15135,2736.5974,1049.9232
606,60.312748,11.151656,2742.676,1041.5486
607,60.31195,11.152131,2700.7625,1044.8635
608,60.310337,11.152259,2737.8098,1051.9436
609,60.31156,11.151606,2698.9905,1056.2369
610,60.312138,11.152004,2663.7944,1045.961
611,60.310493,11.150307,2749.4204,1051.1066
612,60.3102,11.1507015,2720.6194,1063.4443
613,60.30976,11.151203,2678.8628,1058.3325
614,60.30954,11.150684,2653.8938,1062.9724
615,60.30974,11.150525,2610.514,1056.3792
616,60.30842,11.150271,2600.931,1074.0966
617,60.308273,11.150184,2629.4634,1053.6212
618,60.30815,11.150674,2560.989,1063.5879
619,60.307617,11.1500225,2564.5652,1062.0066
620,60.30682,11.149668,2556.7903,1068.4467
621,60.306267,11.147528,2583.2095,1067.8672
622,60.306355,11.146221,2554.7039,1067.1677
623,60.304512,11.146865,2508.3203,1080.8138
624,60.303326,11.145956,2417.3696,1073.8206
625,60.302425,11.145838,2419.173,1065.4515
626,60.30045,11.144879,2426.2498,1078.3086
627,60.298233,11.145653,2324.5444,1076.831
628,60.29666,11.144506,2293.774,1070.3138
629,60.294575,11.143609,2258.5745,1074.2358
630,60.292694,11.142341,2170.1885,1084.8201
631,60.289993,11.142134,2199.1501,1089.561
632,60.288254,11.140703,2105.9724,1081.2307
633,60.28565,11.138721,2032.3452,1087.6156
634,60.28192,11.13578,1971.7213,1089.6078
635,60.27805,11.136382,1831.5648,1083.1993
636,60.27529,11.134281,1838.7557,1082.1866
637,60.27264,11.132846,1795.6757,1081.2623
638,60.269905,11.131191,1711.0883,1080.8605
639,60.266506,11.128991,1669.4844,1093.1984
640,60.263813,11.127654,1596.0073,1093.1713
641,60.26079,11.125518,1498.2252,1096.4729
642,60.257812,11.123455,1420.3899,1099.1555
643,60.25447,11.120725,1332.0991,1099.0559
644,60.2521,11.119023,1279.8302,1100.758
645,60.249428,11.117671,1244.5946,1101.2413
646,60.24723,11.116351,1185.9443,1099.794
647,60.24543,11.114762,1161.4891,1106.8143
648,60.24284,11.113747,1132.9504,1112.0253
649,60.241135,11.112424,1087.2826,1111.6622
650,60.239876,11.111147,1026.1381,1119.4528
651,60.23833,11.110121,1014.36804,1125.3596
652,60.236256,11.109242,992.5451,1112.1616
653,60.23492,11.108381,936.627,1121.815
654,60.233387,11.107678,909.84894,1116.7496
655,60.23204,11.106735,893.7712,1113.6349
656,60.230602,11.106123,843.31964,1129.813
657,60.229298,11.105672,856.3872,1123.8145
658,60.22839,11.105285,841.401,1124.7505
659,60.227596,11.103973,783.9178,1145.721
