lat,lon,alt,time
9.448259858778643,47.74942548451128,18209.094245731827,6.783879399299622
9.433338097167717,47.74664812036378,17431.625285744663,10.532948851585388
9.423825102791293,47.711917074832826,16539.123129844662,17.427388191223145
9.386539698038597,47.7125620092739,15921.181784570215,34.71359345316887
9.346452303294182,47.71517686904961,15746.363173425196,46.57560268044472
9.34154588455714,47.693006887843616,15338.640388846396,52.16443032026291
9.289006557137817,47.71060139265023,15361.222320795057,70.41845041513443
9.256746019125156,47.70647714376599,15584.678742289541,77.33720690011978
9.256206977079133,47.69076630561389,15154.086023569105,84.6135084927082
9.239368322997226,47.69826992278159,14130.930712819098,98.6292465031147
9.224348148982,47.71166714819205,12698.657406866549,107.44103989005089
9.206007822939927,47.71107261552146,12406.815184652804,120.5051241517067
9.125889148480383,47.720765463904854,13851.585225760935,149.39513888955116
9.096700275011944,47.70432771953792,14010.252673923967,150.20436364412308
9.125314564356987,47.68093936892371,12594.729575514792,151.55139756202698
9.06611382257884,47.70643357042491,12928.33979576826,186.00950995087624
9.081192184271494,47.69365252656217,11831.985207647083,172.93300279974937
9.047417615174568,47.70684309246532,11244.368573278187,201.17453515529633
8.965513392724356,47.717043878010834,12711.545825004576,224.86793062090874
9.002428254048377,47.68959735811184,11520.090992748736,199.90630540251732
8.926215446627234,47.710143704154795,12388.493125140665,246.43195220828056
8.936346857796988,47.68883416629675,12623.228992521761,221.23470744490623
8.952505145935588,47.67390660717811,11472.646151483057,230.38999938964844
8.941946769248892,47.67518038485104,9958.658303320406,253.0402119755745
8.858499959228924,47.71248867255439,10956.111658364533,298.8474834859371
8.85326694488026,47.69704723584625,12303.24575603008,263.23098385334015
8.889780364965366,47.66516373724406,9992.864643782375,245.89648413658142
8.82340135179395,47.68837953987729,9102.400903403757,304.0697792470455
8.79895964859709,47.70722159567613,9767.431247234343,311.0414368510246
8.854857203357247,47.68547892717194,7954.480482637881,284.182281345129
8.739614550714192,47.71435898855767,7693.020571768283,376.0197189450264
8.689862973426216,47.70261706017579,9026.241603493689,376.6225500404835
8.719117020163962,47.68434874555169,7635.115490853786,345.98430624604225
8.698146542013966,47.694829741669345,6147.5348837673655,382.8258764743805
8.639271436288114,47.715635078097954,6461.9430378079405,446.1897870898247
8.574509587637138,47.714773256815825,7962.2629418969145,467.08244401216507
8.564524835514511,47.67539906300653,8149.38756674528,418.7427532672882
8.564236890952474,47.6669975992329,7158.9403450489035,423.0090906918049
8.563478071438812,47.690450697443524,7078.431572020053,455.95489564538
8.595377431321804,47.68884463859657,6806.444860994815,435.57973325252533
8.550256226744454,47.69574040306321,6588.029117882251,478.5870591700077
8.496232345903309,47.688087142242786,7918.277966976165,497.2870572209358
8.515635019264508,47.651118545937315,8678.067432343958,424.68587869405746
8.542512698144423,47.62963182105319,7806.51007592678,403.281542211771
8.546347058821976,47.635147125120056,6774.397256970405,428.22870552539825
8.53358303907243,47.65120232433589,6393.918199837207,460.1619505882263
8.518468866625794,47.65101644101405,6269.68301385641,468.606910020113
8.48324720530307,47.64891189150935,6680.206459760665,484.5009209513664
8.494691907746441,47.63147782417325,5913.204779475926,452.602792263031
8.473222573894926,47.63909498311797,5280.418521165847,498.3592771887779
8.460144547952094,47.643355907763194,5182.542575895785,513.8822628557682
8.453915319112937,47.632635396063066,4957.519422471522,509.3579522371292
8.420582147305193,47.63105773797075,4878.456420451402,547.2210313677788
8.414069042435534,47.623340770659745,4717.763996869325,543.0081992149353
8.399930396380359,47.62562726871866,4599.69717785716,562.7908766269684
8.421089677423005,47.60834728504545,4177.546763420104,534.1671044230461
8.410264428097033,47.6146479044263,3791.666065156459,583.2051201462746
8.396647935843774,47.61909165031739,3888.744564354419,608.7377829253674
8.397614212083349,47.601345480887915,4120.131286233663,595.3526670336723
8.385929389514663,47.58789623080671,4366.8800450861445,618.0380337536335
8.409223651671518,47.56826115857282,4180.5835865437975,591.5914012491703
8.429978420885408,47.560888812602,3634.519908577203,605.4330677688122
8.444587673215596,47.557196117394774,3188.463392108678,625.8680035173893
8.451064583507542,47.55535334476486,2957.247551530599,647.0952477455139
8.454336642421053,47.549981422405345,2925.2178676426406,662.581040263176
8.461331561218634,47.54095422340697,2952.3419141769405,670.9293730258942
8.471539698751958,47.53170450334777,2944.700255990028,679.7120160460472
8.48470903636009,47.52359608024459,2865.694854408502,687.7911987900734
8.495413841799676,47.51696898232367,2740.66734239459,698.6485021114349
8.502836340232166,47.51129996204304,2601.2544408440585,710.713280081749
8.508632999727928,47.5060480730616,2454.3669223785396,722.5949242711067
8.513441466649143,47.501139075347425,2303.3763326704498,735.2003433704376
8.518161884406762,47.496449904067234,2151.283014565706,748.0974171757698
8.522832136402904,47.49189838841234,2002.4620413780208,761.6924383640289
8.526066235149546,47.48758066225785,1875.933717936277,778.5646857619286
