lat,lon,alt,time
9.470120769599221,47.69639403380005,17244.54418122768,5.528714448213577
9.445068978583969,47.7084203984189,17023.650339245793,10.367411017417908
9.403645646965883,47.69834586226568,17655.382509529587,19.992884784936905
9.3865017762541,47.66606489089204,17594.86364871263,32.806736558675766
9.360471465022293,47.68184059912359,17074.656167626377,44.689324736595154
9.342409487949016,47.680763023968524,16681.78277611732,50.14757987856865
9.337650994877409,47.68235910044781,15429.13963794708,56.80307683348656
9.326695283865705,47.69262498572848,13333.094237744806,67.96392911672592
9.269220136811642,47.71823805701889,13210.918587446211,90.33709993958473
9.224062046773865,47.71325119071277,14229.748745262621,102.09995260834694
9.179482762920507,47.708280706513094,15151.310962438582,115.3483789563179
9.182329967347588,47.67627611811662,14349.460376799105,118.0408231317997
9.174906432591028,47.68451495503541,13027.351109683512,137.16418117284775
9.155576378679493,47.707339118151914,11811.730973422525,148.32193717360497
9.148292478995804,47.71925849383633,10953.99132221937,152.5834413766861
9.110008288133626,47.72232948044872,11149.921774119137,170.7783300280571
9.043435290449207,47.72862930368982,11593.145629018543,190.46955382823944
9.01478338637865,47.71935501047094,11648.989894241093,193.5484291613102
9.010277909909677,47.69992708767651,11965.847986936567,202.19955569505692
9.000121703726983,47.69557009039769,11239.733657985924,215.96321099996567
8.965198350207,47.69895561345385,10829.681895673273,237.63073149323463
8.908691129834551,47.716723462381196,11788.07383328676,258.04980823397636
8.903003783337017,47.705682443189154,12263.272331655024,241.48333761096
8.967171127413026,47.67271513810729,10160.412159562109,222.78900349140167
8.896578881160448,47.7093260992497,9275.623342394827,284.86482283473015
8.844744062197028,47.71611778375407,10527.740396559237,295.28184989094734
8.824647243620628,47.710324458499386,10679.637233167885,290.60068613290787
8.785470201998368,47.69580825866674,10941.116344183682,299.2027630209923
8.79668027299576,47.67326631178213,11548.774091154335,289.7688056528568
8.838248958660293,47.67892767687284,9158.229808509348,281.91342371702194
8.826100246731865,47.69725732487864,7869.478875398635,319.54050570726395
8.771192650135408,47.7212473121797,8345.554180443285,364.09703013300896
8.750868377616774,47.709189714385936,7536.778102070092,350.3220847249031
8.661349898398699,47.70521024045362,7765.716805309056,405.97175857424736
8.604497390198993,47.698442960694734,9894.047251343725,420.20684176683426
8.64788824063801,47.66385571025139,10107.86583945155,350.01989510655403
8.682315118163597,47.65018591414835,8921.758247911928,345.87435045838356
8.690094073693881,47.66257273104017,8096.608924865722,373.3323723077774
8.669222583683782,47.689534034380756,7917.32947975397,402.94317895174026
8.648792490962864,47.69085584071529,7681.424963474273,398.33976209163666
8.63343236427022,47.68257387445644,6775.471825152635,401.49260836839676
8.618627208308384,47.68357281550056,5637.459959834813,427.38538390398026
8.567091080971435,47.70868529861118,5042.698311060666,488.67463421821594
8.531443989426688,47.70778569131157,4777.781733870505,499.4979539513588
8.476495055014539,47.696962171375766,4751.421853154897,525.5379161834717
8.412405703920408,47.687377291791115,5264.747361838817,564.6366763412952
8.379114599193443,47.66589496098601,6127.804173529147,560.0666389167309
8.37515035256575,47.63827518882855,6635.316517949103,524.6998808979988
8.388089165641812,47.6268506446211,6372.953560203313,500.90094751119614
8.40607664252915,47.63145231708041,5918.954583257436,498.89304608106613
8.431062646157129,47.63451782257681,5270.080522447824,496.3087452352047
8.434612248009602,47.644332679377285,4619.075245410203,528.6827574372292
8.411674750009524,47.657099346793345,4534.266279637813,576.7992137670517
8.392257875170326,47.64777831098477,4899.050497263669,585.0458223223686
8.373791923621516,47.62552991001316,5405.4261930286875,582.71628510952
8.375946978716788,47.59859791073962,5458.741798996924,558.0710093379021
8.390159510839934,47.58835891048598,4801.643035560845,554.5666972398758
8.388334697681715,47.5981263051089,4379.014537483453,589.3766908049583
8.401965161118737,47.59457002538619,4190.072938799857,578.444321513176
8.42085627421296,47.58235238819179,3795.126571506261,576.0307693183422
8.42015790693673,47.58176010614704,3444.1542990505686,615.7711773812771
8.41781201468304,47.58530975647526,3358.8333293795577,640.9791080951691
8.425151415278046,47.57462807189845,3435.052789747714,638.5166572928429
8.430174861870281,47.56092946166052,3452.73740440607,648.6257930397987
8.435562595564393,47.55223860108684,3421.7714086174956,665.3539500236511
8.45310245721813,47.542870210273364,3314.2441898584357,665.7488393187523
8.470033919877883,47.53332884278827,3126.7298020422454,671.7433177232742
8.477217948627098,47.52730639769903,2952.313113957643,690.6563928723335
8.485113202747488,47.522748375132686,2815.718153864145,703.0535303354263
8.493201097997826,47.51745559212665,2689.062469452619,711.5932284593582
8.499317751337056,47.51165451981976,2553.1235143542285,722.1426404714584
8.505260609291467,47.506134867605006,2405.891673266887,733.7985581159592
8.511624291583146,47.501022180597225,2254.512600600719,745.6152558922768
8.517847264095508,47.496112218329124,2103.9591342210765,757.7767738103867
8.523829272070351,47.49129266385407,1952.939104288816,770.3570450544357
