lat,lon,alt,time
7.598958925215549,47.72175365756962,15359.194123744966,13.301745057106018
7.629265307264702,47.5960817437253,15674.947345256807,8.327597379684448
7.640702596304366,47.507210109775166,15478.001499176027,13.757262110710144
7.654285803043492,47.451113116798666,15840.554440021517,21.125323176383972
7.6657684081362385,47.45556424407353,15673.665606975557,33.1742627620697
7.68254304891936,47.46218526800268,15060.843253135683,43.230634331703186
7.705435040776854,47.45784218634911,14607.429587841036,51.912410616874695
7.726530884749798,47.46906924209062,14241.366887092592,64.85843324661255
7.744636645080741,47.48616270530512,13995.766305923464,77.63152205944061
7.764890334603671,47.48367008107765,13997.448587417604,83.33934724330902
7.784127731894929,47.48916114745752,13696.500444412233,93.88088929653168
7.797484157219392,47.518555134893404,13350.531244277956,112.50864565372467
7.816838364755278,47.50159684614642,13557.336711883547,107.01385617256165
7.84100639000095,47.483378357900136,13218.215548992159,108.89060068130493
7.851036323926005,47.50362140969597,12842.170560359957,129.79258811473846
7.86663714387695,47.48336138769114,12854.82271909714,124.80003690719604
7.882787589793207,47.49687261007554,12249.524319171907,142.66885542869568
7.896868353576792,47.49843874310037,12110.689783096315,149.91919326782227
7.9146474762568895,47.50686542075504,11718.074822425844,162.10835587978363
7.933405678556903,47.50786196545019,11414.928698539736,168.04954969882965
7.951895317868898,47.514068834071175,11036.733919382097,178.0742790699005
7.9686496713131,47.51902883273418,10745.52586078644,186.87078058719635
7.986751006360482,47.51928156553531,10393.895232677462,191.24892103672028
8.003385790941733,47.52270813846211,10091.562086343767,198.11563432216644
8.018063077202127,47.52886016218619,9842.51871109009,207.53058350086212
8.034317114983546,47.529680721703606,9554.211461544039,211.69907212257385
8.050887014562985,47.531963655217126,9257.091009616854,216.35003006458282
8.067427977385636,47.534500730822494,9010.211819410324,221.40043365955353
8.082078309646162,47.5405992014995,8782.324010133743,229.99375426769257
8.097374618364064,47.54365959372281,8547.767782211304,235.9779292345047
8.109059608340676,47.553660566544345,8351.605498790741,249.2221484184265
8.125780226181632,47.55203042823299,8093.499207496644,250.45809388160706
8.143222797426287,47.55595600751295,7793.81903409958,253.8938845396042
8.158662899124291,47.56270862396238,7648.660922050477,262.78112733364105
8.174625873936993,47.566144239837925,7422.429734468461,268.76432275772095
8.193333386625314,47.56680208499848,7163.288915157319,269.67779088020325
8.212334059981703,47.56983511349378,6945.738250017167,272.23706889152527
8.228137954471094,47.57598437735689,6804.5849442482,281.2324472665787
8.244898514806524,47.576848272563716,6608.979666233064,285.24480271339417
8.262735396057765,47.577749513974425,6378.446394205094,286.9781481027603
8.27822400346129,47.5815312281608,6242.451959848405,294.187077999115
8.293221002091112,47.582496885901165,6080.297672748567,299.9920856952667
8.307042599430343,47.583975055697344,5913.167887926103,306.8151351213455
8.319383968154257,47.585170369103416,5786.579334735871,315.14308869838715
8.330116660097177,47.58644530743475,5657.431685924531,325.0749989748001
8.340055961916068,47.586622055978296,5527.289563417436,334.5903067588806
8.349419689516044,47.586539729912495,5384.050929546357,343.84443283081055
8.357100602467584,47.587495581338324,5273.264431953431,356.09026050567627
8.363491803881761,47.58777438601763,5167.9735124111185,369.27288722991943
8.369440476939907,47.587262226284494,5043.627375364304,381.6237337589264
8.374594035737573,47.587219242917755,4930.3168296813965,395.13459634780884
8.380146444767819,47.58574277601452,4791.482919454575,406.669810295105
8.38535483110466,47.58494975638645,4650.238865613937,419.740798830986
8.390274482056997,47.583444281582715,4517.330491542816,433.63620615005493
8.395899189875799,47.58022951330592,4350.817793607712,445.4734160900116
8.402344701588216,47.576218495776516,4176.3054966926575,455.9629533290863
8.409658028648174,47.57128086960358,3993.3167040348053,465.1360445022583
8.417422044976705,47.56589532386581,3812.9658639431,474.15974056720734
8.425167900401274,47.56022927055579,3647.0095455646515,483.60944867134094
8.43276996284574,47.55420302602781,3488.0339443683624,493.12481582164764
8.44001708306594,47.54827977716273,3342.1736299991608,502.9801139831543
8.446948686315409,47.542378313583264,3203.889214992523,512.7392685413361
8.453723048320452,47.536387183882205,3066.0504043102264,522.0972855091095
8.460214824361,47.53085436726497,2936.8070006370544,531.6677742004395
8.466489704035876,47.52553529307248,2812.9033386707306,541.0379018783569
8.47261682521681,47.52043542230625,2692.1771109104156,550.1092393398285
8.478610958006078,47.51571676467778,2576.1704087257385,559.040828704834
8.484446010472032,47.511510031900656,2465.9196376800537,567.9007036685944
8.490121982614674,47.50780072002464,2361.3065123558044,576.5381333827972
8.495675426126791,47.50444314362231,2260.1512014865875,584.8007247447968
8.50111254789961,47.50140377331879,2161.1832320690155,592.7918937206268
8.506419210014219,47.49853028827624,2062.8861725330353,600.5777742862701
8.51151455047102,47.49574435541921,1964.3531680107117,608.3540968894958
8.516243741816616,47.4929161438408,1865.4940962791443,616.3637881278992
8.520372071608667,47.48994588750266,1768.173360824585,624.8735210895538
