lat,lon,alt,time
9.456171924378395,47.74015514137041,17029.113420844074,6.26653590798378
9.441731631254033,47.737403069970426,15759.922316670416,9.981470733880997
9.393198041807583,47.75423190268041,14585.38025319576,22.343076467514038
9.35816829234972,47.73724273967257,15602.783200144766,37.70943555235863
9.354078650509528,47.72314240037758,15352.70641595125,44.25452360510826
9.336273528276182,47.71826129817551,14682.77107477188,54.95799455046654
9.275773389643431,47.723640906345715,15380.428867042063,72.44470298290253
9.271084752490633,47.701197451134725,14945.338194072245,75.51640400290489
9.239350974164644,47.717944005863366,14538.99782001972,92.91936177015305
9.236817430489491,47.698266707601825,13820.6230700016,97.23286086320877
9.208956510361146,47.71453870179643,12975.076791644095,116.29202768206596
9.148448618489056,47.735522832841,13407.75592625141,131.19972160458565
9.17643504897702,47.72279549779079,13126.656825840471,119.5854904949665
9.204700442551747,47.70924486237418,10577.415014803408,124.87458288669586
9.086635956230147,47.731746129579506,11666.247625648974,178.99726083874702
9.018060243088781,47.72028318693937,13479.129269719122,187.92678847908974
8.991983258891441,47.70801455086966,14629.059305787085,190.9458526968956
9.029788053915196,47.68243859194003,14215.539357066153,173.2756328880787
9.080124847243882,47.671743143331724,11747.219122201202,175.22085347771645
9.041124594831532,47.6993859269901,10419.853495061396,211.03691229224205
8.98600128929897,47.71739301591308,10649.764365702866,230.27211409807205
8.898456777140487,47.73089579108227,12209.573362767695,252.1163492500782
8.90274024996419,47.690938547387276,12276.508912444113,225.7427814602852
8.955800886773222,47.67851582765469,9280.914262682198,223.31208643317223
8.85478776964454,47.7273356072127,9764.065461605785,296.37902891635895
8.84484416342574,47.71645798039449,11921.710690855978,275.09661799669266
8.856065135017056,47.68586848447701,10552.550825476645,263.5991771519184
8.814426746963207,47.680249054516736,9639.863555878399,299.66973528265953
8.79121496852587,47.69932560409347,10431.505423784254,321.87487614154816
8.855235960613737,47.69022428754621,8526.575718820093,284.7405939400196
8.782100498328017,47.714127924304876,7611.242669075727,351.3671933412552
8.736786000120377,47.71096035981635,7926.96347311139,367.4030668735504
8.718459875556304,47.70570819524807,6994.057169556617,369.80895388126373
8.609169599696159,47.7172179570298,8273.796834051607,446.66348055005074
8.604007861414106,47.69309767839617,9848.257462680338,401.16742318868637
8.66716244819687,47.6688529263743,7836.196701973676,351.90179294347763
8.688346140428726,47.68269448962894,5987.285983562469,390.7390682697296
8.639272971583033,47.720263895860754,5720.3610710799685,466.980493247509
8.550249509829182,47.727168540347705,7023.40523302555,509.19486877322197
8.515369221331675,47.6883825713325,7434.447082877158,465.40297508239746
8.512500369246236,47.65605190246584,6594.689008593558,449.8229725062847
8.4847661109487,47.67901139402989,6334.909750521182,512.6873621344566
8.482385636176963,47.693897217053035,6785.19669920206,511.2416247725487
8.47815639764627,47.68599650987337,6980.846188962459,497.34683057665825
8.488316864272363,47.67047596443251,6337.285448610782,481.39799278974533
8.488518563642332,47.67552812950872,5602.845296263694,509.2950448393822
8.463663443906189,47.69430557550457,5410.4579113423815,552.3560270667076
8.421242324120316,47.69282625598207,6244.905225187539,578.0067261755466
8.415149544617075,47.65680358087528,6485.078573971986,528.571140229702
8.404894158382621,47.647793697916526,6195.121166110038,536.3566292524338
8.43862708260487,47.63682549489108,5312.893648445605,501.80491095781326
8.433937869716479,47.660976715802406,4605.952585488557,555.955228894949
8.407145591616427,47.67214196341661,4864.039670675992,594.4386595487595
8.397002205146308,47.64397851967045,5159.2873588204375,571.5070250928402
8.377235283065602,47.62455246474235,5121.324189752339,589.4499443173409
8.366381822695494,47.61610738169651,5165.905649214982,600.8285558819771
8.378186014444125,47.60130129513165,5037.79715374112,575.290266931057
8.383605950949162,47.594341257690374,4713.844607025384,586.528035402298
8.402567418933044,47.587001645311695,4198.705324530601,584.2706566751003
8.404406203275025,47.593038834296735,3819.7526790201655,618.7561069726944
8.417088199893529,47.58686666900288,3647.3833665251723,619.2719400823116
8.422338793369013,47.578407286062244,3526.21252387762,635.3144215345383
8.420902716884257,47.572069248113024,3507.508381456136,658.7155959010124
8.4303344557771,47.562095025568624,3510.8658470213404,661.9061262011528
8.439188271280099,47.55201076732419,3505.951249599456,671.8791010379791
8.449255391975122,47.54346108376317,3484.7632482647887,682.1232649087906
8.46913404514355,47.53376177439947,3332.563689351081,680.5909071564674
8.48350820543928,47.525899358479826,3072.1194662153716,690.4289293885231
8.489933107615851,47.52112172382483,2822.502845525741,707.4369601011276
8.495186579769307,47.51745363239803,2646.4003846049304,720.3103964328766
8.501138534346113,47.512870776395566,2504.6399451792236,728.9758338332176
8.505318528292282,47.50784202089015,2360.6810890138145,740.1711605787277
8.510138586690136,47.50291235416317,2210.9916292130943,752.1702369451523
8.51659853197323,47.49792603903073,2059.712397307157,763.0584275722504
8.522572556414493,47.492992835606,1908.9566893875594,774.957516670227
