lat,lon,alt,time
8.668200296479567,48.12357741067708,14259.27945971489,4.234426856040955
8.707936502330366,48.10960691233,14696.000361442566,10.239908933639526
8.690497444863748,48.09173998986105,14426.382333040237,20.38552749156952
8.662001598363705,48.08324587153531,13777.410140633583,25.344502806663513
8.603186960920294,48.082935024867766,12570.58182656765,28.807016134262085
8.545589678071828,48.077759311285604,11226.035678386688,35.553990483284
8.586226478509092,48.053589856064626,11748.489099740982,54.26867699623108
8.612143303132703,48.02341806826081,13061.841505765915,71.69832408428192
8.629272797823154,48.00486670028575,13395.889788866043,81.12229144573212
8.594147523389369,48.01162963580825,12908.991211652756,82.41434121131897
8.632348183368952,48.01005725679629,12685.7930123806,90.08846545219421
8.565817703952899,48.01011499656479,12189.233833551407,95.44638347625732
8.57193956343515,48.00332427912138,10814.774930477142,101.39632606506348
8.578830913374357,47.98123318357546,10676.294249296188,116.64503288269043
8.559024579877413,47.951345975895784,11125.309011340141,138.67550706863403
8.539064303306374,47.94279679885406,11078.455093502998,145.5785973072052
8.55391540369622,47.9427289954247,10802.036342024803,143.18093144893646
8.540268551577705,47.93682784343215,10580.51598072052,148.33622217178345
8.54547552424228,47.92131356396653,10337.700802087784,160.29012060165405
8.537452000588281,47.90643865724022,10645.344150066376,173.43849313259125
8.519546145355488,47.89813061950085,10615.513318777084,181.59653782844543
8.528659743004587,47.894067154151,10289.442479610443,182.08219146728516
8.521999481473323,47.88413781790537,10063.124799728394,189.4510942697525
8.512258129771785,47.86992719050761,10090.69368839264,203.67093658447266
8.50904515849806,47.859124724828675,9985.568681359291,212.29632008075714
8.505280392598147,47.849614526458396,9773.507836461067,219.0587637424469
8.498735695717537,47.8397099802345,9693.350377678871,228.1850632429123
8.490159702696824,47.83134187137662,9657.918418943882,236.73651480674744
8.487081515955493,47.82428126131412,9444.659042358398,241.47338390350342
8.485311610207104,47.81474623406627,9130.755986273289,247.8798005580902
8.473663114622854,47.80421369986227,9034.064322710037,259.9130115509033
8.468935534881002,47.794175780990074,8912.83760368824,268.96481001377106
8.460313557270883,47.786356180505,8706.898154318333,276.06224966049194
8.456260656718278,47.77775889994148,8460.34481227398,282.61839270591736
8.447165604210394,47.76879981328485,8284.026597440243,292.1270532608032
8.44040053298358,47.75956391767077,8101.7598778009415,301.0478799343109
8.433429686342011,47.751071431290036,7897.5238010287285,308.79875576496124
8.42547355495421,47.74280256023078,7700.479978322983,316.9434006214142
8.419346174867629,47.733692227242464,7481.2396466732025,325.26759815216064
8.409817734473108,47.7258551999161,7324.033038318157,333.7602508068085
8.403191618901964,47.71742194925345,7136.711525917053,340.92378425598145
8.395375138357045,47.70936136488937,6931.4535319805145,348.53209924697876
8.389564702299088,47.70047526891586,6706.800922751427,356.3660385608673
8.383065581074229,47.69188167965651,6504.418766498566,364.6431555747986
8.378129056681805,47.682949092678285,6293.294723331928,372.46224641799927
8.373647532319637,47.67433753259597,6085.892352461815,380.14705431461334
8.37077209488402,47.66549149698674,5875.1619681715965,388.0298590660095
8.369222563481834,47.65664946352835,5670.4705238342285,396.42260789871216
8.368580108264531,47.64803916626063,5483.043149113655,405.00463593006134
8.369458150159971,47.63951120450397,5302.071779966354,413.34381127357483
8.371006843248168,47.63141978803604,5137.367033958435,421.64555501937866
8.37378597680824,47.62349350886026,4982.72452801466,429.72643423080444
8.377526329369001,47.615900554451656,4835.561540722847,437.73001861572266
8.382559443890527,47.60848280099606,4692.573465406895,445.4956135749817
8.388561526705487,47.6013016407103,4552.600604295731,453.2489986419678
8.395429526533043,47.59427541806039,4411.954799294472,460.97160029411316
8.402957381704885,47.58737450547334,4268.6863750219345,468.5899522304535
8.410457163581372,47.580654039376796,4126.791501045227,476.4637806415558
8.417972260023204,47.57404170906473,3985.7009679079056,484.39415740966797
8.425643671354324,47.56753487234046,3842.4894645810127,492.1055839061737
8.433274291553447,47.561161311124906,3695.2413618564606,499.8283407688141
8.440470624211894,47.55497058603362,3545.771746337414,507.99831080436707
8.447608438464439,47.548919858510224,3395.3669250011444,516.1666769981384
8.454137677652922,47.5431363231255,3247.2384095191956,524.8793663978577
8.460361770548703,47.53761226699652,3104.682295024395,533.7556476593018
8.46641505185716,47.53237389838293,2967.945948243141,542.6209607124329
8.472233032741036,47.52744270456063,2836.3117396831512,551.5109522342682
8.478129160846214,47.52277600239657,2708.8588267564774,560.0176773071289
8.483867236094074,47.51837233479701,2584.3498438596725,568.4310173988342
8.489381747313228,47.51421777194565,2462.8848016262054,576.7416081428528
8.494743644492665,47.51029206995329,2344.448272883892,584.8323690891266
8.499908312970723,47.50658481545653,2228.3098608255386,592.787889957428
8.504887693610097,47.50307803763243,2114.0290930867195,600.628710269928
8.509792975471345,47.499741953484644,2000.947920978069,608.3546748161316
8.514601135589741,47.49655645511937,1888.662578165531,616.2563376426697
