lat,lon,alt,time
8.636193509198725,48.1238910161088,13461.959579586983,3.8401145935058594
8.650492528708828,48.11253135777828,13669.120967388153,9.371532082557678
8.592639498753075,48.099419379071136,13268.678390979767,19.08519983291626
8.54024524235942,48.0928306731058,12033.27044248581,23.373743414878845
8.526925537164201,48.08115123126605,11671.905425190926,31.39039134979248
8.525296018339269,48.06564324644544,11562.487408518791,40.619388461112976
8.542786437872845,48.04335367530229,12277.063384652138,55.33370554447174
8.584705654249424,48.02706857381282,13404.132154583931,67.93550431728363
8.560713434975556,48.03186928974642,12723.033142089844,65.90222096443176
8.618219852766078,48.0219085968432,12559.646621346474,78.04568314552307
8.562016829211329,48.01319735212019,12790.531808137894,90.66820251941681
8.59272582464746,48.00653466464798,12321.757498383522,97.72940051555634
8.559452610733178,47.998520377009434,12279.994547367096,106.77545619010925
8.550777901128361,47.99128996695479,11518.25185418129,112.28157436847687
8.538161807178417,47.98010881232311,10909.85418856144,119.673060297966
8.54313180279043,47.96213756194136,11315.9239590168,133.46172785758972
8.522693625904507,47.95157654641144,10932.939621806145,138.37124276161194
8.532639751133344,47.9373398078936,10778.281688690186,147.04820787906647
8.509114411412384,47.92904237779676,10998.501911759377,155.508162856102
8.515013197586313,47.92167239758838,10777.444365620613,159.9173308610916
8.502048446802869,47.91713388081885,10497.927412390709,163.13383555412292
8.50325745915127,47.90438920630525,10200.027653574944,171.76113331317902
8.498199195210017,47.887778531787355,10233.731237053871,185.00366687774658
8.488707231697443,47.874069766334344,10399.449920654297,197.54922771453857
8.485989519972218,47.86686678849811,10315.855926275253,202.5779960155487
8.482071403952013,47.859949983875175,9989.282374083996,207.0530767440796
8.474192724598302,47.84976252832798,9838.786053657532,217.14949357509613
8.46788512745035,47.83801190260135,9736.462408304214,228.5818588733673
8.462372333752542,47.82749922372824,9547.048652172089,237.71998023986816
8.457809533826618,47.81736546694286,9347.721607983112,246.17010521888733
8.45111160950581,47.80696916129091,9209.570217132568,256.1149072647095
8.44425189058475,47.79702651692232,9041.0890057683,265.7216091156006
8.436582810175459,47.78859800667136,8850.141575932503,273.86969447135925
8.430650593675304,47.7799604908923,8624.236705899239,281.5527433156967
8.421202406510405,47.77172748376731,8438.117980957031,290.6603399515152
8.41430533150004,47.76304757627397,8229.03724014759,299.30838418006897
8.40938130003075,47.75329693800634,7940.257599949837,308.132773399353
8.398984100534738,47.7448582280991,7770.621478557587,318.82046461105347
8.392787324407053,47.73535708313801,7570.910882949829,328.2979278564453
8.383206765418313,47.72795908787372,7371.458825469017,336.35769844055176
8.376637184924851,47.719435594537906,7121.9993233680725,343.95659732818604
8.368865605295154,47.71105462439916,6894.632595777512,352.5856024026871
8.364050513751321,47.701241661374695,6636.023184657097,361.45073437690735
8.358314503618413,47.69222190133414,6423.339933156967,370.2818752527237
8.354583004471264,47.68271271321553,6203.082472085953,378.56271731853485
8.352312809290424,47.67333493552563,5974.10706281662,386.82252836227417
8.351504470136328,47.66386745914422,5756.115800142288,395.7403025627136
8.351490137011751,47.65468312522112,5566.082829236984,405.03042674064636
8.3522326787409,47.64597502782061,5395.024748146534,413.74593579769135
8.354652012025397,47.63744992196771,5221.882402896881,422.0881118774414
8.35819871405425,47.629287418752504,5056.495137512684,430.82364308834076
8.36277727837254,47.62136556914172,4900.710488855839,439.8532464504242
8.368390383495703,47.61370589926711,4755.347692966461,448.5401191711426
8.374836650045767,47.60633694873831,4617.070756852627,456.88640832901
8.38218142562066,47.599162976781734,4481.071722507477,465.08912777900696
8.390052969082106,47.59222316950541,4344.556675851345,473.3362891674042
8.398044534571035,47.585502509129704,4207.539980113506,481.7382471561432
8.406068876092341,47.57894449927279,4070.4025268554688,490.1599168777466
8.414674312336151,47.57240826811052,3929.186448454857,498.0440926551819
8.423030421731045,47.56603389092246,3783.0735728144646,506.17489790916443
8.430781350211209,47.55981507306359,3635.1402908563614,514.8725836277008
8.438205704275193,47.55374083776096,3487.882612645626,523.6907644271851
8.445538395860607,47.54783041865214,3340.836127102375,532.3674449920654
8.452674349465024,47.54212057335554,3193.3534249663353,541.1250936985016
8.459254971167148,47.536667429122595,3048.4252497553825,550.3626532554626
8.465826637222248,47.5314212699144,2907.895414531231,559.3957488536835
8.4722303542256,47.52641475405896,2771.642629802227,568.428430557251
8.478264661012505,47.521671272768025,2640.252596139908,577.5960419178009
8.484260037315538,47.51716012993316,2513.7178659439087,586.4226040840149
8.489985251599977,47.51289480852857,2391.0143941640854,595.2033791542053
8.495578032720529,47.508854462399626,2271.3048577308655,603.6978425979614
8.500992109834232,47.505024753743776,2153.7673607468605,612.0126757621765
8.506232287911521,47.50138654606305,2037.6731023192403,620.2277603149414
8.511359682087004,47.49792157711573,1922.3214760422704,628.4795780181885
8.516486974029075,47.49461372173095,1807.7332288026807,637.0170347690582
