lat,lon,alt,time
8.639349781821307,48.12398224960573,13743.585267663002,3.8906614780426025
8.693909587273712,48.11046601480743,14834.212929010391,10.416046977043152
8.706290707946,48.09094515493213,14596.594047546389,20.828627586364743
8.696264758867878,48.07267910534204,14148.319789767264,28.10916388034821
8.699196117980696,48.05838171286821,14013.962951302528,37.18183815479279
8.67542697201515,48.04784743015169,13949.987000226974,45.41583251953125
8.682714333305004,48.036783231578674,13677.581441402435,54.31410193443298
8.64997387815531,48.02859817255215,13335.042893886566,62.42607498168945
8.584040319194173,48.0312257205771,12213.35980296135,66.7092638015747
8.588686132651883,48.02254489997167,11210.80214381218,77.82070553302765
8.57958421005861,48.00122198425292,11181.396889686584,96.18534064292908
8.58043581439331,47.97796128926452,11484.090775251389,114.75684547424316
8.55528897094704,47.96999693137196,11005.978238582613,120.97113740444183
8.573139906390084,47.95947484938715,10729.47011590004,128.94282603263855
8.563720528601117,47.94642298065433,11155.850556492804,141.71383011341095
8.567782957307863,47.93520530153922,11594.266319274902,153.44500148296356
8.5577181595326,47.93416567485961,11240.925559401512,154.01110589504242
8.553337130615931,47.92944189347622,10708.470010757446,157.4634529352188
8.55342901800801,47.9194327473487,10643.997198343275,165.705983877182
8.547148185567721,47.90367958221907,10468.40299665928,177.3529018163681
8.538223801520381,47.89024568293184,10456.585782766342,188.72822725772855
8.529166657162232,47.88274165009808,10472.889643907549,195.17991364002228
8.52907618059126,47.87640154375512,10267.480570077896,198.64053857326508
8.525497765757528,47.86632595415241,9984.403663873672,206.03714644908905
8.512668535587059,47.85489763756419,9954.940424859524,218.30539786815643
8.513048230484909,47.84393073399812,9772.712007164955,226.1715950965881
8.503675246219,47.83364435149898,9553.565302491188,235.09371519088745
8.493996072879572,47.82479784961975,9484.224951267242,244.3147189617157
8.492416219046932,47.81557250336445,9262.689162790775,250.4701085090637
8.48149182228403,47.80687516902981,9046.129435300829,258.9720220565796
8.47860473023927,47.796888520429846,8826.302871108055,266.67041087150574
8.469480807015403,47.78681784609007,8622.031684219837,276.37075638771057
8.462578988374652,47.77734957316408,8437.102447450161,284.9496284723282
8.455704343375215,47.76831607758639,8235.443772375584,292.73281395435333
8.449132636426752,47.759187968054285,8016.378991305828,300.56983160972595
8.440360293912013,47.75065703382637,7851.051838696003,309.03547763824463
8.433357121065088,47.74200665676644,7674.133560061455,316.63846373558044
8.425262074914984,47.73385623771543,7487.922804057598,324.06220757961273
8.417926684367453,47.72547843432711,7299.727262556553,331.4752418994904
8.410845221172448,47.71682354999051,7103.4537345170975,339.1445028781891
8.403053113073314,47.70840057669581,6913.659086823463,346.9737858772278
8.398602851689002,47.69893444084066,6674.332576990128,354.16810274124146
8.39259539139649,47.68995924844106,6456.017343699932,362.3723225593567
8.388314203631476,47.68044599988786,6245.831698179245,370.6986671686173
8.38509376931856,47.67109650924471,6030.555085837841,378.9274102449417
8.382961711926082,47.66193307975999,5818.8894957304,387.0857136249542
8.381633004697122,47.65301255751805,5624.755024909973,395.3695046901703
8.381777562743851,47.64417429307552,5435.610446333885,403.3677860498428
8.383208421599612,47.63556432608237,5252.3872420191765,411.2140645980835
8.385524887623415,47.62722563109041,5083.991678059101,419.2475270032882
8.389288937889432,47.61899779179127,4920.765812695026,427.0477339029312
8.39386030497541,47.61109453469679,4764.9487137794495,434.79043531417847
8.399674216969428,47.6032815397034,4611.154170334339,442.231899023056
8.406269008222667,47.59563865554884,4456.685619056225,449.5818402767181
8.412958099576548,47.58819958966859,4304.105034470558,457.2116777896881
8.419894248197561,47.58088117115119,4153.021417558193,464.83132314682007
8.426641203663499,47.57379858811488,4003.207616508007,472.62242436409
8.433261941757092,47.56694022266544,3855.3674295544624,480.5090317726135
8.43987983776179,47.56031468137001,3707.988993823528,488.3773760795593
8.446498633420525,47.55393169761484,3560.068479180336,496.2143161296845
8.45258160331227,47.54787520000018,3413.57524394989,504.5975453853607
8.458744213033155,47.54207472347208,3270.125949382782,512.8168723583221
8.464607769572781,47.53660356956033,3130.0865918397903,521.2565982341766
8.47030327482725,47.531445885084885,2995.1323494315147,529.7230203151703
8.475948603922356,47.52658931389071,2865.165339410305,538.0467522144318
8.481443322752652,47.52203558506239,2738.754026591778,546.3061752319336
8.486778659691254,47.517771604184055,2615.6622156500816,554.4458792209625
8.492013174037433,47.5137692396323,2495.7079723477364,562.3668398857117
8.49707017028436,47.51001118113332,2378.3710286021237,570.1560785770416
8.501987290774895,47.50647110385996,2263.437531888485,577.7608754634857
8.506763574514952,47.50312447035339,2150.3074184060097,585.2504544258118
8.51147888624718,47.49994019594687,2038.3800923824308,592.6381118297577
8.516072765130817,47.49689929956576,1927.1709278225896,600.2233521938324
8.520691732094134,47.49398200359082,1816.7405694723127,608.1810460090637
8.525395573237365,47.49118982339958,1708.6306706070898,617.0611040592194
